Steppingstone sampler:
        No Stones:                  1000
        Start It:                   10000001
        It Per Stone:               100000
        Sample Freq:                1
        Dist:                       Beta(0.400000,1.000000)
Stone No	Power	N	Stone MLh	Running MLh
0	0.997502	75000	0.052997	0.052997
1	0.995007	75000	0.052987	0.105983
2	0.992517	75000	0.052859	0.158842
3	0.990030	75000	0.052775	0.211618
4	0.987547	75000	0.052660	0.264278
5	0.985067	75000	0.052610	0.316887
6	0.982592	75000	0.052463	0.369351
7	0.980120	75000	0.052341	0.421692
8	0.977652	75000	0.052332	0.474023
9	0.975187	75000	0.052233	0.526257
10	0.972726	75000	0.052096	0.578352
11	0.970269	75000	0.052056	0.630408
12	0.967816	75000	0.051900	0.682308
13	0.965367	75000	0.051857	0.734165
14	0.962921	75000	0.051845	0.786010
15	0.960479	75000	0.051741	0.837751
16	0.958040	75000	0.051649	0.889400
17	0.955606	75000	0.051580	0.940980
18	0.953175	75000	0.051458	0.992439
19	0.950747	75000	0.051362	1.043801
20	0.948324	75000	0.051348	1.095149
21	0.945904	75000	0.051199	1.146348
22	0.943488	75000	0.051114	1.197463
23	0.941076	75000	0.051002	1.248465
24	0.938667	75000	0.050996	1.299460
25	0.936262	75000	0.050857	1.350317
26	0.933861	75000	0.050738	1.401055
27	0.931463	75000	0.050735	1.451790
28	0.929069	75000	0.050660	1.502450
29	0.926679	75000	0.050605	1.553054
30	0.924293	75000	0.050409	1.603463
31	0.921910	75000	0.050413	1.653876
32	0.919531	75000	0.050228	1.704105
33	0.917155	75000	0.050197	1.754301
34	0.914783	75000	0.050099	1.804400
35	0.912415	75000	0.050045	1.854445
36	0.910051	75000	0.049941	1.904386
37	0.907690	75000	0.049778	1.954165
38	0.905333	75000	0.049823	2.003988
39	0.902980	75000	0.049694	2.053682
40	0.900630	75000	0.049596	2.103278
41	0.898284	75000	0.049489	2.152767
42	0.895942	75000	0.049440	2.202208
43	0.893603	75000	0.049351	2.251559
44	0.891268	75000	0.049294	2.300853
45	0.888937	75000	0.049190	2.350043
46	0.886609	75000	0.049130	2.399173
47	0.884285	75000	0.049051	2.448225
48	0.881965	75000	0.048949	2.497173
49	0.879648	75000	0.048845	2.546018
50	0.877335	75000	0.048756	2.594774
51	0.875026	75000	0.048644	2.643417
52	0.872720	75000	0.048631	2.692048
53	0.870418	75000	0.048495	2.740543
54	0.868120	75000	0.048422	2.788965
55	0.865825	75000	0.048326	2.837291
56	0.863534	75000	0.048291	2.885581
57	0.861246	75000	0.048195	2.933776
58	0.858962	75000	0.048014	2.981791
59	0.856682	75000	0.048034	3.029824
60	0.854405	75000	0.047895	3.077719
61	0.852132	75000	0.047826	3.125545
62	0.849863	75000	0.047687	3.173232
63	0.847597	75000	0.047646	3.220878
64	0.845335	75000	0.047616	3.268495
65	0.843077	75000	0.047508	3.316003
66	0.840822	75000	0.047416	3.363419
67	0.838571	75000	0.047348	3.410767
68	0.836323	75000	0.047256	3.458022
69	0.834079	75000	0.047168	3.505191
70	0.831839	75000	0.047090	3.552281
71	0.829602	75000	0.046926	3.599207
72	0.827369	75000	0.046919	3.646126
73	0.825140	75000	0.046923	3.693049
74	0.822914	75000	0.046721	3.739769
75	0.820691	75000	0.046615	3.786385
76	0.818473	75000	0.046598	3.832983
77	0.816258	75000	0.046545	3.879528
78	0.814046	75000	0.046429	3.925956
79	0.811838	75000	0.046346	3.972302
80	0.809634	75000	0.046217	4.018519
81	0.807433	75000	0.046192	4.064711
82	0.805236	75000	0.046143	4.110854
83	0.803043	75000	0.046014	4.156868
84	0.800853	75000	0.045983	4.202850
85	0.798667	75000	0.045795	4.248646
86	0.796484	75000	0.045713	4.294359
87	0.794305	75000	0.045659	4.340018
88	0.792129	75000	0.045619	4.385637
89	0.789957	75000	0.045573	4.431210
90	0.787789	75000	0.045470	4.476680
91	0.785624	75000	0.045381	4.522061
92	0.783463	75000	0.045300	4.567362
93	0.781305	75000	0.045191	4.612553
94	0.779151	75000	0.045125	4.657678
95	0.777000	75000	0.044970	4.702648
96	0.774853	75000	0.044910	4.747558
97	0.772710	75000	0.044810	4.792368
98	0.770570	75000	0.044803	4.837171
99	0.768433	75000	0.044701	4.881872
100	0.766301	75000	0.044566	4.926438
101	0.764172	75000	0.044532	4.970970
102	0.762046	75000	0.044420	5.015390
103	0.759924	75000	0.044357	5.059746
104	0.757805	75000	0.044254	5.104000
105	0.755690	75000	0.044213	5.148213
106	0.753579	75000	0.044129	5.192341
107	0.751471	75000	0.044065	5.236407
108	0.749366	75000	0.044020	5.280427
109	0.747266	75000	0.043898	5.324325
110	0.745168	75000	0.043872	5.368197
111	0.743075	75000	0.043646	5.411843
112	0.740984	75000	0.043538	5.455381
113	0.738898	75000	0.043517	5.498898
114	0.736815	75000	0.043451	5.542349
115	0.734735	75000	0.043361	5.585710
116	0.732659	75000	0.043342	5.629052
117	0.730586	75000	0.043211	5.672263
118	0.728517	75000	0.043074	5.715337
119	0.726452	75000	0.043061	5.758398
120	0.724390	75000	0.043018	5.801416
121	0.722331	75000	0.042896	5.844312
122	0.720276	75000	0.042809	5.887121
123	0.718225	75000	0.042714	5.929835
124	0.716177	75000	0.042604	5.972439
125	0.714132	75000	0.042579	6.015018
126	0.712091	75000	0.042466	6.057484
127	0.710054	75000	0.042369	6.099853
128	0.708020	75000	0.042306	6.142159
129	0.705989	75000	0.042283	6.184442
130	0.703962	75000	0.042198	6.226640
131	0.701939	75000	0.042096	6.268737
132	0.699919	75000	0.042033	6.310770
133	0.697902	75000	0.041871	6.352641
134	0.695889	75000	0.041844	6.394484
135	0.693880	75000	0.041675	6.436160
136	0.691874	75000	0.041662	6.477822
137	0.689871	75000	0.041607	6.519429
138	0.687872	75000	0.041566	6.560995
139	0.685877	75000	0.041407	6.602402
140	0.683885	75000	0.041387	6.643788
141	0.681896	75000	0.041214	6.685002
142	0.679911	75000	0.041189	6.726192
143	0.677929	75000	0.041109	6.767301
144	0.675951	75000	0.041054	6.808355
145	0.673976	75000	0.040952	6.849307
146	0.672005	75000	0.040909	6.890216
147	0.670037	75000	0.040816	6.931031
148	0.668073	75000	0.040724	6.971756
149	0.666112	75000	0.040605	7.012361
150	0.664155	75000	0.040569	7.052930
151	0.662201	75000	0.040435	7.093366
152	0.660250	75000	0.040441	7.133807
153	0.658303	75000	0.040321	7.174128
154	0.656359	75000	0.040164	7.214292
155	0.654419	75000	0.040140	7.254432
156	0.652483	75000	0.040077	7.294509
157	0.650549	75000	0.039992	7.334501
158	0.648619	75000	0.039891	7.374392
159	0.646693	75000	0.039742	7.414134
160	0.644770	75000	0.039714	7.453847
161	0.642851	75000	0.039632	7.493479
162	0.640934	75000	0.039535	7.533015
163	0.639022	75000	0.039517	7.572532
164	0.637113	75000	0.039398	7.611930
165	0.635207	75000	0.039375	7.651305
166	0.633304	75000	0.039219	7.690524
167	0.631405	75000	0.039183	7.729707
168	0.629510	75000	0.039065	7.768772
169	0.627618	75000	0.039011	7.807783
170	0.625729	75000	0.038946	7.846729
171	0.623844	75000	0.038780	7.885509
172	0.621962	75000	0.038720	7.924229
173	0.620083	75000	0.038727	7.962956
174	0.618208	75000	0.038601	8.001557
175	0.616337	75000	0.038541	8.040098
176	0.614468	75000	0.038451	8.078549
177	0.612604	75000	0.038355	8.116904
178	0.610742	75000	0.038265	8.155169
179	0.608884	75000	0.038223	8.193392
180	0.607029	75000	0.038209	8.231602
181	0.605178	75000	0.038074	8.269675
182	0.603330	75000	0.037956	8.307631
183	0.601486	75000	0.037950	8.345581
184	0.599645	75000	0.037790	8.383371
185	0.597807	75000	0.037730	8.421101
186	0.595973	75000	0.037666	8.458767
187	0.594142	75000	0.037629	8.496396
188	0.592314	75000	0.037563	8.533959
189	0.590490	75000	0.037446	8.571405
190	0.588669	75000	0.037259	8.608664
191	0.586852	75000	0.037250	8.645914
192	0.585038	75000	0.037187	8.683101
193	0.583227	75000	0.037031	8.720132
194	0.581420	75000	0.037016	8.757148
195	0.579616	75000	0.036950	8.794098
196	0.577815	75000	0.036832	8.830930
197	0.576018	75000	0.036809	8.867738
198	0.574224	75000	0.036674	8.904412
199	0.572433	75000	0.036647	8.941060
200	0.570646	75000	0.036526	8.977585
201	0.568862	75000	0.036452	9.014037
202	0.567082	75000	0.036410	9.050447
203	0.565305	75000	0.036286	9.086733
204	0.563531	75000	0.036186	9.122920
205	0.561761	75000	0.036114	9.159033
206	0.559993	75000	0.036129	9.195163
207	0.558230	75000	0.036001	9.231164
208	0.556469	75000	0.035909	9.267073
209	0.554712	75000	0.035852	9.302925
210	0.552958	75000	0.035814	9.338739
211	0.551208	75000	0.035723	9.374462
212	0.549461	75000	0.035606	9.410069
213	0.547717	75000	0.035557	9.445625
214	0.545977	75000	0.035483	9.481108
215	0.544240	75000	0.035336	9.516444
216	0.542506	75000	0.035376	9.551820
217	0.540775	75000	0.035173	9.586993
218	0.539048	75000	0.035218	9.622210
219	0.537324	75000	0.035070	9.657280
220	0.535604	75000	0.034970	9.692250
221	0.533887	75000	0.034878	9.727128
222	0.532173	75000	0.034893	9.762021
223	0.530462	75000	0.034773	9.796794
224	0.528755	75000	0.034657	9.831451
225	0.527051	75000	0.034630	9.866081
226	0.525350	75000	0.034512	9.900592
227	0.523653	75000	0.034481	9.935074
228	0.521958	75000	0.034386	9.969459
229	0.520268	75000	0.034237	10.003697
230	0.518580	75000	0.034224	10.037920
231	0.516896	75000	0.034112	10.072033
232	0.515215	75000	0.034036	10.106069
233	0.513537	75000	0.033999	10.140067
234	0.511863	75000	0.033944	10.174011
235	0.510192	75000	0.033769	10.207780
236	0.508524	75000	0.033718	10.241498
237	0.506859	75000	0.033665	10.275163
238	0.505198	75000	0.033573	10.308736
239	0.503540	75000	0.033446	10.342183
240	0.501885	75000	0.033436	10.375618
241	0.500234	75000	0.033385	10.409003
242	0.498586	75000	0.033335	10.442338
243	0.496941	75000	0.033227	10.475566
244	0.495299	75000	0.033145	10.508711
245	0.493660	75000	0.033028	10.541739
246	0.492025	75000	0.032914	10.574653
247	0.490393	75000	0.032849	10.607503
248	0.488765	75000	0.032846	10.640349
249	0.487139	75000	0.032723	10.673072
250	0.485517	75000	0.032691	10.705762
251	0.483898	75000	0.032588	10.738351
252	0.482283	75000	0.032550	10.770900
253	0.480670	75000	0.032382	10.803282
254	0.479061	75000	0.032401	10.835683
255	0.477455	75000	0.032317	10.868000
256	0.475852	75000	0.032196	10.900195
257	0.474253	75000	0.032185	10.932380
258	0.472656	75000	0.032049	10.964429
259	0.471063	75000	0.031955	10.996384
260	0.469474	75000	0.031885	11.028269
261	0.467887	75000	0.031874	11.060143
262	0.466304	75000	0.031708	11.091851
263	0.464723	75000	0.031697	11.123549
264	0.463146	75000	0.031650	11.155198
265	0.461573	75000	0.031539	11.186738
266	0.460002	75000	0.031389	11.218127
267	0.458435	75000	0.031390	11.249517
268	0.456871	75000	0.031351	11.280868
269	0.455310	75000	0.031268	11.312136
270	0.453752	75000	0.031199	11.343335
271	0.452198	75000	0.031037	11.374372
272	0.450647	75000	0.031002	11.405374
273	0.449098	75000	0.030925	11.436299
274	0.447554	75000	0.030931	11.467230
275	0.446012	75000	0.030836	11.498066
276	0.444473	75000	0.030610	11.528676
277	0.442938	75000	0.030622	11.559297
278	0.441406	75000	0.030584	11.589882
279	0.439877	75000	0.030380	11.620262
280	0.438351	75000	0.030300	11.650562
281	0.436829	75000	0.030337	11.680899
282	0.435309	75000	0.030300	11.711199
283	0.433793	75000	0.030177	11.741376
284	0.432280	75000	0.030071	11.771447
285	0.430770	75000	0.029975	11.801422
286	0.429263	75000	0.029985	11.831407
287	0.427760	75000	0.029834	11.861241
288	0.426259	75000	0.029817	11.891058
289	0.424762	75000	0.029706	11.920765
290	0.423268	75000	0.029713	11.950478
291	0.421777	75000	0.029412	11.979890
292	0.420289	75000	0.029517	12.009407
293	0.418805	75000	0.029438	12.038846
294	0.417323	75000	0.029371	12.068217
295	0.415845	75000	0.029187	12.097404
296	0.414370	75000	0.029159	12.126563
297	0.412898	75000	0.029054	12.155617
298	0.411429	75000	0.029070	12.184687
299	0.409963	75000	0.029009	12.213696
300	0.408501	75000	0.028887	12.242583
301	0.407041	75000	0.028732	12.271315
302	0.405585	75000	0.028662	12.299977
303	0.404132	75000	0.028627	12.328604
304	0.402682	75000	0.028511	12.357115
305	0.401235	75000	0.028507	12.385622
306	0.399791	75000	0.028473	12.414095
307	0.398350	75000	0.028323	12.442418
308	0.396913	75000	0.028244	12.470663
309	0.395478	75000	0.028133	12.498796
310	0.394047	75000	0.028143	12.526939
311	0.392619	75000	0.028004	12.554942
312	0.391194	75000	0.027945	12.582888
313	0.389772	75000	0.027894	12.610781
314	0.388353	75000	0.027801	12.638582
315	0.386937	75000	0.027737	12.666319
316	0.385524	75000	0.027623	12.693942
317	0.384115	75000	0.027650	12.721593
318	0.382708	75000	0.027470	12.749063
319	0.381305	75000	0.027481	12.776544
320	0.379904	75000	0.027339	12.803883
321	0.378507	75000	0.027389	12.831271
322	0.377113	75000	0.027176	12.858448
323	0.375722	75000	0.027204	12.885652
324	0.374334	75000	0.027052	12.912705
325	0.372949	75000	0.027015	12.939720
326	0.371567	75000	0.026853	12.966572
327	0.370189	75000	0.026920	12.993493
328	0.368813	75000	0.026865	13.020357
329	0.367440	75000	0.026621	13.046978
330	0.366071	75000	0.026695	13.073674
331	0.364705	75000	0.026520	13.100194
332	0.363341	75000	0.026572	13.126766
333	0.361981	75000	0.026359	13.153125
334	0.360624	75000	0.026431	13.179556
335	0.359269	75000	0.026157	13.205713
336	0.357918	75000	0.026109	13.231822
337	0.356570	75000	0.026117	13.257939
338	0.355225	75000	0.025934	13.283873
339	0.353883	75000	0.025969	13.309842
340	0.352544	75000	0.025899	13.335741
341	0.351208	75000	0.025817	13.361559
342	0.349875	75000	0.025723	13.387281
343	0.348546	75000	0.025635	13.412916
344	0.347219	75000	0.025595	13.438511
345	0.345895	75000	0.025516	13.464027
346	0.344574	75000	0.025507	13.489534
347	0.343257	75000	0.025327	13.514860
348	0.341942	75000	0.025343	13.540203
349	0.340630	75000	0.025240	13.565442
350	0.339322	75000	0.025087	13.590529
351	0.338016	75000	0.025102	13.615632
352	0.336714	75000	0.024998	13.640629
353	0.335414	75000	0.025007	13.665636
354	0.334118	75000	0.024851	13.690487
355	0.332824	75000	0.024808	13.715295
356	0.331534	75000	0.024712	13.740008
357	0.330246	75000	0.024588	13.764596
358	0.328962	75000	0.024502	13.789098
359	0.327680	75000	0.024514	13.813612
360	0.326401	75000	0.024428	13.838040
361	0.325126	75000	0.024304	13.862344
362	0.323853	75000	0.024265	13.886609
363	0.322584	75000	0.024270	13.910879
364	0.321317	75000	0.024117	13.934996
365	0.320054	75000	0.024045	13.959040
366	0.318793	75000	0.023986	13.983027
367	0.317536	75000	0.023899	14.006926
368	0.316281	75000	0.023855	14.030780
369	0.315030	75000	0.023832	14.054613
370	0.313781	75000	0.023679	14.078291
371	0.312535	75000	0.023584	14.101876
372	0.311293	75000	0.023538	14.125414
373	0.310053	75000	0.023455	14.148869
374	0.308816	75000	0.023453	14.172322
375	0.307582	75000	0.023363	14.195685
376	0.306352	75000	0.023272	14.218957
377	0.305124	75000	0.023098	14.242055
378	0.303899	75000	0.023188	14.265243
379	0.302677	75000	0.023003	14.288245
380	0.301458	75000	0.023011	14.311256
381	0.300242	75000	0.022953	14.334209
382	0.299029	75000	0.022817	14.357025
383	0.297819	75000	0.022732	14.379757
384	0.296611	75000	0.022757	14.402514
385	0.295407	75000	0.022665	14.425179
386	0.294206	75000	0.022467	14.447645
387	0.293007	75000	0.022415	14.470060
388	0.291812	75000	0.022290	14.492350
389	0.290619	75000	0.022213	14.514564
390	0.289430	75000	0.022241	14.536805
391	0.288243	75000	0.022154	14.558959
392	0.287059	75000	0.022110	14.581070
393	0.285879	75000	0.021978	14.603048
394	0.284701	75000	0.021928	14.624976
395	0.283526	75000	0.021823	14.646800
396	0.282354	75000	0.021832	14.668632
397	0.281184	75000	0.021730	14.690362
398	0.280018	75000	0.021632	14.711994
399	0.278855	75000	0.021675	14.733669
400	0.277694	75000	0.021439	14.755108
401	0.276537	75000	0.021405	14.776513
402	0.275382	75000	0.021315	14.797829
403	0.274230	75000	0.021324	14.819152
404	0.273082	75000	0.021243	14.840396
405	0.271936	75000	0.021139	14.861535
406	0.270793	75000	0.021083	14.882617
407	0.269652	75000	0.021057	14.903675
408	0.268515	75000	0.020952	14.924626
409	0.267381	75000	0.020782	14.945408
410	0.266249	75000	0.020746	14.966155
411	0.265121	75000	0.020834	14.986988
412	0.263995	75000	0.020630	15.007618
413	0.262872	75000	0.020647	15.028265
414	0.261752	75000	0.020426	15.048691
415	0.260635	75000	0.020441	15.069132
416	0.259520	75000	0.020264	15.089396
417	0.258409	75000	0.020276	15.109671
418	0.257300	75000	0.020162	15.129834
419	0.256195	75000	0.020154	15.149988
420	0.255092	75000	0.019988	15.169976
421	0.253992	75000	0.019947	15.189923
422	0.252895	75000	0.019985	15.209908
423	0.251800	75000	0.019889	15.229797
424	0.250709	75000	0.019810	15.249606
425	0.249620	75000	0.019623	15.269229
426	0.248534	75000	0.019653	15.288883
427	0.247451	75000	0.019587	15.308469
428	0.246371	75000	0.019473	15.327942
429	0.245294	75000	0.019395	15.347337
430	0.244220	75000	0.019313	15.366650
431	0.243148	75000	0.019271	15.385921
432	0.242079	75000	0.019317	15.405239
433	0.241013	75000	0.019173	15.424412
434	0.239950	75000	0.019089	15.443501
435	0.238890	75000	0.019023	15.462523
436	0.237832	75000	0.018942	15.481465
437	0.236778	75000	0.018827	15.500292
438	0.235726	75000	0.018820	15.519113
439	0.234677	75000	0.018653	15.537766
440	0.233630	75000	0.018610	15.556376
441	0.232587	75000	0.018671	15.575048
442	0.231546	75000	0.018427	15.593475
443	0.230509	75000	0.018371	15.611846
444	0.229473	75000	0.018352	15.630198
445	0.228441	75000	0.018284	15.648482
446	0.227412	75000	0.018187	15.666669
447	0.226385	75000	0.018217	15.684886
448	0.225361	75000	0.018083	15.702969
449	0.224340	75000	0.017961	15.720930
450	0.223322	75000	0.017908	15.738837
451	0.222306	75000	0.017804	15.756641
452	0.221293	75000	0.017871	15.774513
453	0.220283	75000	0.017774	15.792287
454	0.219276	75000	0.017690	15.809977
455	0.218272	75000	0.017699	15.827676
456	0.217270	75000	0.017472	15.845148
457	0.216271	75000	0.017506	15.862654
458	0.215275	75000	0.017353	15.880007
459	0.214281	75000	0.017322	15.897329
460	0.213291	75000	0.017287	15.914616
461	0.212303	75000	0.017080	15.931696
462	0.211318	75000	0.017150	15.948847
463	0.210335	75000	0.016989	15.965836
464	0.209356	75000	0.016961	15.982797
465	0.208379	75000	0.016933	15.999730
466	0.207404	75000	0.016765	16.016495
467	0.206433	75000	0.016860	16.033355
468	0.205464	75000	0.016588	16.049943
469	0.204498	75000	0.016587	16.066530
470	0.203535	75000	0.016441	16.082971
471	0.202575	75000	0.016356	16.099326
472	0.201617	75000	0.016192	16.115518
473	0.200662	75000	0.016364	16.131882
474	0.199709	75000	0.016259	16.148140
475	0.198760	75000	0.016065	16.164206
476	0.197813	75000	0.015973	16.180179
477	0.196869	75000	0.015919	16.196098
478	0.195927	75000	0.015766	16.211864
479	0.194988	75000	0.015802	16.227666
480	0.194052	75000	0.015868	16.243534
481	0.193119	75000	0.015763	16.259297
482	0.192188	75000	0.015657	16.274954
483	0.191260	75000	0.015591	16.290545
484	0.190335	75000	0.015455	16.306000
485	0.189412	75000	0.015557	16.321556
486	0.188492	75000	0.015194	16.336751
487	0.187575	75000	0.015414	16.352165
488	0.186660	75000	0.015234	16.367398
489	0.185749	75000	0.015109	16.382507
490	0.184839	75000	0.015131	16.397638
491	0.183933	75000	0.015068	16.412707
492	0.183029	75000	0.014823	16.427529
493	0.182128	75000	0.014858	16.442387
494	0.181229	75000	0.014796	16.457183
495	0.180333	75000	0.014826	16.472009
496	0.179440	75000	0.014644	16.486653
497	0.178550	75000	0.014530	16.501183
498	0.177662	75000	0.014556	16.515738
499	0.176777	75000	0.014507	16.530246
500	0.175894	75000	0.014280	16.544525
501	0.175014	75000	0.014321	16.558846
502	0.174137	75000	0.014368	16.573214
503	0.173262	75000	0.014200	16.587413
504	0.172390	75000	0.014101	16.601514
505	0.171521	75000	0.013850	16.615364
506	0.170654	75000	0.013853	16.629217
507	0.169790	75000	0.013893	16.643110
508	0.168929	75000	0.013707	16.656817
509	0.168070	75000	0.013780	16.670597
510	0.167214	75000	0.013668	16.684264
511	0.166360	75000	0.013583	16.697848
512	0.165509	75000	0.013672	16.711520
513	0.164661	75000	0.013469	16.724989
514	0.163815	75000	0.013445	16.738433
515	0.162972	75000	0.013369	16.751802
516	0.162132	75000	0.013256	16.765058
517	0.161294	75000	0.013144	16.778202
518	0.160458	75000	0.013200	16.791402
519	0.159626	75000	0.012890	16.804292
520	0.158796	75000	0.012955	16.817247
521	0.157968	75000	0.012841	16.830088
522	0.157143	75000	0.012899	16.842987
523	0.156321	75000	0.012762	16.855749
524	0.155501	75000	0.012668	16.868417
525	0.154684	75000	0.012695	16.881111
526	0.153870	75000	0.012641	16.893752
527	0.153058	75000	0.012580	16.906332
528	0.152248	75000	0.012375	16.918707
529	0.151441	75000	0.012381	16.931088
530	0.150637	75000	0.012302	16.943390
531	0.149835	75000	0.012187	16.955577
532	0.149036	75000	0.012118	16.967695
533	0.148240	75000	0.012057	16.979752
534	0.147446	75000	0.012019	16.991772
535	0.146654	75000	0.011921	17.003692
536	0.145865	75000	0.011974	17.015666
537	0.145079	75000	0.011892	17.027559
538	0.144295	75000	0.011580	17.039139
539	0.143514	75000	0.011609	17.050748
540	0.142735	75000	0.011522	17.062270
541	0.141959	75000	0.011417	17.073687
542	0.141186	75000	0.011523	17.085210
543	0.140415	75000	0.011381	17.096591
544	0.139646	75000	0.011270	17.107861
545	0.138880	75000	0.011125	17.118986
546	0.138116	75000	0.011238	17.130225
547	0.137356	75000	0.011073	17.141298
548	0.136597	75000	0.010907	17.152205
549	0.135841	75000	0.010924	17.163129
550	0.135088	75000	0.010801	17.173931
551	0.134337	75000	0.010833	17.184764
552	0.133588	75000	0.010634	17.195398
553	0.132843	75000	0.010570	17.205969
554	0.132099	75000	0.010421	17.216390
555	0.131358	75000	0.010514	17.226903
556	0.130620	75000	0.010377	17.237281
557	0.129884	75000	0.010372	17.247653
558	0.129151	75000	0.010222	17.257875
559	0.128420	75000	0.010147	17.268021
560	0.127691	75000	0.010325	17.278347
561	0.126965	75000	0.010030	17.288377
562	0.126242	75000	0.009952	17.298330
563	0.125521	75000	0.009920	17.308249
564	0.124802	75000	0.009842	17.318091
565	0.124086	75000	0.009682	17.327773
566	0.123373	75000	0.009682	17.337456
567	0.122662	75000	0.009657	17.347112
568	0.121953	75000	0.009441	17.356554
569	0.121247	75000	0.009443	17.365996
570	0.120543	75000	0.009301	17.375297
571	0.119842	75000	0.009210	17.384507
572	0.119143	75000	0.009085	17.393592
573	0.118447	75000	0.009264	17.402857
574	0.117753	75000	0.008927	17.411784
575	0.117062	75000	0.009057	17.420841
576	0.116373	75000	0.008952	17.429793
577	0.115686	75000	0.008821	17.438614
578	0.115002	75000	0.008741	17.447355
579	0.114320	75000	0.008637	17.455991
580	0.113641	75000	0.008693	17.464684
581	0.112964	75000	0.008811	17.473495
582	0.112290	75000	0.008563	17.482057
583	0.111618	75000	0.008418	17.490475
584	0.110948	75000	0.008283	17.498758
585	0.110281	75000	0.008363	17.507122
586	0.109616	75000	0.008115	17.515236
587	0.108954	75000	0.008187	17.523423
588	0.108294	75000	0.008007	17.531430
589	0.107637	75000	0.007908	17.539338
590	0.106981	75000	0.008012	17.547350
591	0.106329	75000	0.007868	17.555218
592	0.105678	75000	0.007805	17.563023
593	0.105030	75000	0.007953	17.570976
594	0.104385	75000	0.007687	17.578663
595	0.103742	75000	0.007513	17.586176
596	0.103101	75000	0.007612	17.593788
597	0.102463	75000	0.007373	17.601162
598	0.101827	75000	0.007199	17.608361
599	0.101193	75000	0.007353	17.615713
600	0.100562	75000	0.007215	17.622928
601	0.099933	75000	0.007104	17.630033
602	0.099306	75000	0.007077	17.637109
603	0.098682	75000	0.006862	17.643971
604	0.098060	75000	0.006877	17.650848
605	0.097441	75000	0.006751	17.657600
606	0.096824	75000	0.006854	17.664454
607	0.096209	75000	0.006479	17.670933
608	0.095596	75000	0.006631	17.677564
609	0.094986	75000	0.006557	17.684121
610	0.094379	75000	0.006380	17.690500
611	0.093773	75000	0.006406	17.696907
612	0.093170	75000	0.006358	17.703265
613	0.092570	75000	0.006271	17.709536
614	0.091971	75000	0.006183	17.715718
615	0.091375	75000	0.006075	17.721793
616	0.090781	75000	0.005945	17.727739
617	0.090190	75000	0.005988	17.733726
618	0.089601	75000	0.005953	17.739679
619	0.089014	75000	0.005907	17.745586
620	0.088430	75000	0.005834	17.751420
621	0.087848	75000	0.005767	17.757187
622	0.087268	75000	0.005600	17.762787
623	0.086690	75000	0.005475	17.768263
624	0.086115	75000	0.005348	17.773611
625	0.085542	75000	0.005332	17.778942
626	0.084971	75000	0.005264	17.784206
627	0.084403	75000	0.005341	17.789547
628	0.083837	75000	0.005180	17.794727
629	0.083273	75000	0.005172	17.799899
630	0.082712	75000	0.004828	17.804727
631	0.082152	75000	0.005107	17.809834
632	0.081595	75000	0.004941	17.814775
633	0.081041	75000	0.005010	17.819785
634	0.080488	75000	0.004691	17.824476
635	0.079938	75000	0.004488	17.828964
636	0.079390	75000	0.004421	17.833385
637	0.078845	75000	0.004575	17.837960
638	0.078301	75000	0.004237	17.842197
639	0.077760	75000	0.004358	17.846554
640	0.077221	75000	0.004377	17.850931
641	0.076684	75000	0.004194	17.855125
642	0.076150	75000	0.004069	17.859194
643	0.075618	75000	0.003925	17.863118
644	0.075088	75000	0.003953	17.867071
645	0.074560	75000	0.003820	17.870891
646	0.074035	75000	0.003683	17.874574
647	0.073512	75000	0.003742	17.878316
648	0.072991	75000	0.003516	17.881832
649	0.072472	75000	0.003535	17.885367
650	0.071955	75000	0.003257	17.888625
651	0.071441	75000	0.003273	17.891897
652	0.070929	75000	0.003412	17.895310
653	0.070419	75000	0.003265	17.898574
654	0.069911	75000	0.003029	17.901603
655	0.069406	75000	0.002960	17.904563
656	0.068903	75000	0.002956	17.907518
657	0.068401	75000	0.002853	17.910371
658	0.067903	75000	0.002658	17.913029
659	0.067406	75000	0.002702	17.915731
660	0.066911	75000	0.002529	17.918260
661	0.066419	75000	0.002712	17.920972
662	0.065929	75000	0.002351	17.923323
663	0.065441	75000	0.002370	17.925693
664	0.064955	75000	0.002236	17.927929
665	0.064471	75000	0.002175	17.930104
666	0.063990	75000	0.002194	17.932298
667	0.063510	75000	0.002092	17.934390
668	0.063033	75000	0.002059	17.936449
669	0.062558	75000	0.001834	17.938283
670	0.062085	75000	0.002107	17.940390
671	0.061615	75000	0.001836	17.942226
672	0.061146	75000	0.001649	17.943875
673	0.060680	75000	0.001733	17.945607
674	0.060216	75000	0.001531	17.947139
675	0.059753	75000	0.001333	17.948471
676	0.059293	75000	0.001339	17.949810
677	0.058836	75000	0.001149	17.950959
678	0.058380	75000	0.001199	17.952158
679	0.057926	75000	0.000977	17.953135
680	0.057475	75000	0.001225	17.954360
681	0.057025	75000	0.000640	17.955000
682	0.056578	75000	0.000820	17.955820
683	0.056133	75000	0.000845	17.956665
684	0.055690	75000	0.000422	17.957087
685	0.055249	75000	0.000533	17.957620
686	0.054810	75000	0.000453	17.958073
687	0.054373	75000	0.000477	17.958549
688	0.053939	75000	0.000340	17.958889
689	0.053506	75000	0.000110	17.959000
690	0.053076	75000	-0.000214	17.958786
691	0.052647	75000	-0.000199	17.958587
692	0.052221	75000	-0.000345	17.958241
693	0.051797	75000	-0.000065	17.958176
694	0.051375	75000	-0.000206	17.957970
695	0.050955	75000	-0.000477	17.957493
696	0.050537	75000	-0.000471	17.957022
697	0.050121	75000	-0.000482	17.956540
698	0.049707	75000	-0.000529	17.956011
699	0.049295	75000	-0.000726	17.955285
700	0.048885	75000	-0.001029	17.954256
701	0.048478	75000	-0.001017	17.953240
702	0.048072	75000	-0.001147	17.952092
703	0.047668	75000	-0.001106	17.950986
704	0.047267	75000	-0.001438	17.949548
705	0.046867	75000	-0.001490	17.948058
706	0.046470	75000	-0.001354	17.946703
707	0.046074	75000	-0.001492	17.945211
708	0.045681	75000	-0.001743	17.943469
709	0.045289	75000	-0.001782	17.941687
710	0.044900	75000	-0.001994	17.939694
711	0.044512	75000	-0.002235	17.937459
712	0.044127	75000	-0.002053	17.935406
713	0.043744	75000	-0.002203	17.933203
714	0.043362	75000	-0.002350	17.930853
715	0.042983	75000	-0.002410	17.928443
716	0.042606	75000	-0.002682	17.925761
717	0.042230	75000	-0.002518	17.923243
718	0.041857	75000	-0.002717	17.920526
719	0.041485	75000	-0.003155	17.917371
720	0.041116	75000	-0.002781	17.914591
721	0.040749	75000	-0.002891	17.911699
722	0.040383	75000	-0.003212	17.908487
723	0.040020	75000	-0.003311	17.905176
724	0.039658	75000	-0.003444	17.901732
725	0.039299	75000	-0.003581	17.898151
726	0.038941	75000	-0.003716	17.894435
727	0.038585	75000	-0.003472	17.890963
728	0.038232	75000	-0.003989	17.886974
729	0.037880	75000	-0.003929	17.883045
730	0.037530	75000	-0.003770	17.879275
731	0.037182	75000	-0.004008	17.875266
732	0.036836	75000	-0.004152	17.871114
733	0.036493	75000	-0.004354	17.866760
734	0.036151	75000	-0.004768	17.861992
735	0.035810	75000	-0.004464	17.857528
736	0.035472	75000	-0.004664	17.852863
737	0.035136	75000	-0.004992	17.847871
738	0.034802	75000	-0.004974	17.842898
739	0.034469	75000	-0.004993	17.837905
740	0.034139	75000	-0.005515	17.832389
741	0.033810	75000	-0.005568	17.826821
742	0.033484	75000	-0.005651	17.821170
743	0.033159	75000	-0.005791	17.815380
744	0.032836	75000	-0.005702	17.809678
745	0.032515	75000	-0.005990	17.803688
746	0.032196	75000	-0.006219	17.797468
747	0.031879	75000	-0.006463	17.791005
748	0.031563	75000	-0.006479	17.784527
749	0.031250	75000	-0.006335	17.778192
750	0.030938	75000	-0.006976	17.771216
751	0.030629	75000	-0.006601	17.764615
752	0.030321	75000	-0.007169	17.757446
753	0.030015	75000	-0.007455	17.749991
754	0.029711	75000	-0.007328	17.742663
755	0.029409	75000	-0.007227	17.735436
756	0.029108	75000	-0.007332	17.728104
757	0.028810	75000	-0.008068	17.720036
758	0.028513	75000	-0.007934	17.712102
759	0.028218	75000	-0.007960	17.704142
760	0.027925	75000	-0.008868	17.695274
761	0.027634	75000	-0.008446	17.686828
762	0.027345	75000	-0.008402	17.678426
763	0.027057	75000	-0.008581	17.669845
764	0.026771	75000	-0.008982	17.660862
765	0.026487	75000	-0.009138	17.651724
766	0.026205	75000	-0.008565	17.643159
767	0.025925	75000	-0.009432	17.633727
768	0.025647	75000	-0.009403	17.624324
769	0.025370	75000	-0.010091	17.614233
770	0.025095	75000	-0.010050	17.604183
771	0.024822	75000	-0.010605	17.593578
772	0.024551	75000	-0.010547	17.583031
773	0.024281	75000	-0.010328	17.572703
774	0.024014	75000	-0.010776	17.561928
775	0.023748	75000	-0.011114	17.550813
776	0.023483	75000	-0.011126	17.539687
777	0.023221	75000	-0.011535	17.528152
778	0.022960	75000	-0.011514	17.516638
779	0.022702	75000	-0.012226	17.504412
780	0.022445	75000	-0.012023	17.492389
781	0.022189	75000	-0.012878	17.479511
782	0.021936	75000	-0.012538	17.466973
783	0.021684	75000	-0.012446	17.454527
784	0.021434	75000	-0.013404	17.441123
785	0.021185	75000	-0.012861	17.428263
786	0.020939	75000	-0.013396	17.414866
787	0.020694	75000	-0.014402	17.400464
788	0.020451	75000	-0.013753	17.386711
789	0.020209	75000	-0.014852	17.371859
790	0.019969	75000	-0.015977	17.355882
791	0.019731	75000	-0.014458	17.341424
792	0.019495	75000	-0.014564	17.326859
793	0.019261	75000	-0.015489	17.311370
794	0.019028	75000	-0.015313	17.296057
795	0.018796	75000	-0.015136	17.280920
796	0.018567	75000	-0.016710	17.264211
797	0.018339	75000	-0.016979	17.247231
798	0.018113	75000	-0.018159	17.229072
799	0.017889	75000	-0.018584	17.210488
800	0.017666	75000	-0.018311	17.192177
801	0.017445	75000	-0.019620	17.172557
802	0.017225	75000	-0.019136	17.153422
803	0.017007	75000	-0.018790	17.134631
804	0.016791	75000	-0.019417	17.115214
805	0.016577	75000	-0.020805	17.094409
806	0.016364	75000	-0.021491	17.072918
807	0.016153	75000	-0.020368	17.052549
808	0.015943	75000	-0.021458	17.031091
809	0.015736	75000	-0.022375	17.008716
810	0.015529	75000	-0.022970	16.985745
811	0.015325	75000	-0.024199	16.961547
812	0.015122	75000	-0.026056	16.935490
813	0.014920	75000	-0.024788	16.910702
814	0.014721	75000	-0.025710	16.884993
815	0.014523	75000	-0.024545	16.860448
816	0.014326	75000	-0.026329	16.834119
817	0.014131	75000	-0.026847	16.807271
818	0.013938	75000	-0.027641	16.779631
819	0.013746	75000	-0.027423	16.752208
820	0.013556	75000	-0.030860	16.721348
821	0.013367	75000	-0.031513	16.689835
822	0.013181	75000	-0.032834	16.657000
823	0.012995	75000	-0.030099	16.626902
824	0.012811	75000	-0.033999	16.592903
825	0.012629	75000	-0.035590	16.557313
826	0.012448	75000	-0.039707	16.517606
827	0.012269	75000	-0.041105	16.476501
828	0.012092	75000	-0.038322	16.438179
829	0.011916	75000	-0.040240	16.397939
830	0.011741	75000	-0.041376	16.356563
831	0.011568	75000	-0.042053	16.314510
832	0.011397	75000	-0.040642	16.273868
833	0.011227	75000	-0.046036	16.227831
834	0.011059	75000	-0.044403	16.183428
835	0.010892	75000	-0.049348	16.134080
836	0.010727	75000	-0.048270	16.085810
837	0.010563	75000	-0.052021	16.033790
838	0.010401	75000	-0.053099	15.980691
839	0.010240	75000	-0.056421	15.924270
840	0.010081	75000	-0.055441	15.868829
841	0.009923	75000	-0.057564	15.811265
842	0.009767	75000	-0.063264	15.748002
843	0.009612	75000	-0.061572	15.686430
844	0.009459	75000	-0.065521	15.620909
845	0.009307	75000	-0.066235	15.554674
846	0.009156	75000	-0.066473	15.488201
847	0.009008	75000	-0.068784	15.419417
848	0.008860	75000	-0.069378	15.350039
849	0.008714	75000	-0.071836	15.278203
850	0.008570	75000	-0.074144	15.204059
851	0.008427	75000	-0.078247	15.125812
852	0.008285	75000	-0.080984	15.044828
853	0.008145	75000	-0.080158	14.964670
854	0.008006	75000	-0.079771	14.884899
855	0.007869	75000	-0.083662	14.801236
856	0.007733	75000	-0.085176	14.716060
857	0.007598	75000	-0.082378	14.633682
858	0.007465	75000	-0.086292	14.547389
859	0.007334	75000	-0.088227	14.459163
860	0.007203	75000	-0.087649	14.371514
861	0.007075	75000	-0.088573	14.282941
862	0.006947	75000	-0.088621	14.194320
863	0.006821	75000	-0.090707	14.103613
864	0.006696	75000	-0.092381	14.011233
865	0.006573	75000	-0.091118	13.920114
866	0.006451	75000	-0.092168	13.827946
867	0.006330	75000	-0.092491	13.735455
868	0.006211	75000	-0.088327	13.647128
869	0.006093	75000	-0.093877	13.553251
870	0.005977	75000	-0.090597	13.462655
871	0.005862	75000	-0.093896	13.368759
872	0.005748	75000	-0.093288	13.275471
873	0.005635	75000	-0.092150	13.183321
874	0.005524	75000	-0.093345	13.089976
875	0.005414	75000	-0.091579	12.998397
876	0.005306	75000	-0.093897	12.904501
877	0.005199	75000	-0.092136	12.812365
878	0.005093	75000	-0.090484	12.721881
879	0.004988	75000	-0.089423	12.632457
880	0.004885	75000	-0.093368	12.539089
881	0.004783	75000	-0.089897	12.449193
882	0.004682	75000	-0.089404	12.359789
883	0.004583	75000	-0.087976	12.271813
884	0.004485	75000	-0.089960	12.181853
885	0.004388	75000	-0.088048	12.093805
886	0.004292	75000	-0.087667	12.006138
887	0.004198	75000	-0.087082	11.919056
888	0.004105	75000	-0.086734	11.832322
889	0.004013	75000	-0.085336	11.746987
890	0.003923	75000	-0.085088	11.661899
891	0.003833	75000	-0.083765	11.578134
892	0.003745	75000	-0.082423	11.495711
893	0.003658	75000	-0.082671	11.413040
894	0.003573	75000	-0.081639	11.331402
895	0.003488	75000	-0.081008	11.250393
896	0.003405	75000	-0.079926	11.170467
897	0.003323	75000	-0.078704	11.091763
898	0.003242	75000	-0.078277	11.013486
899	0.003162	75000	-0.077435	10.936051
900	0.003084	75000	-0.076497	10.859555
901	0.003007	75000	-0.075569	10.783986
902	0.002930	75000	-0.074100	10.709886
903	0.002855	75000	-0.072965	10.636920
904	0.002782	75000	-0.072448	10.564472
905	0.002709	75000	-0.071306	10.493167
906	0.002638	75000	-0.070012	10.423155
907	0.002567	75000	-0.069735	10.353420
908	0.002498	75000	-0.068016	10.285404
909	0.002430	75000	-0.067678	10.217726
910	0.002363	75000	-0.066482	10.151244
911	0.002297	75000	-0.065803	10.085441
912	0.002233	75000	-0.064470	10.020972
913	0.002169	75000	-0.063522	9.957449
914	0.002106	75000	-0.062467	9.894982
915	0.002045	75000	-0.061508	9.833474
916	0.001985	75000	-0.060318	9.773157
917	0.001925	75000	-0.059681	9.713476
918	0.001867	75000	-0.058477	9.654999
919	0.001810	75000	-0.057526	9.597473
920	0.001754	75000	-0.056736	9.540737
921	0.001699	75000	-0.055544	9.485194
922	0.001645	75000	-0.054580	9.430614
923	0.001592	75000	-0.053663	9.376951
924	0.001540	75000	-0.052542	9.324408
925	0.001490	75000	-0.051677	9.272731
926	0.001440	75000	-0.050836	9.221896
927	0.001391	75000	-0.049666	9.172230
928	0.001343	75000	-0.048670	9.123560
929	0.001296	75000	-0.047689	9.075871
930	0.001251	75000	-0.046881	9.028990
931	0.001206	75000	-0.045821	8.983168
932	0.001162	75000	-0.045081	8.938088
933	0.001119	75000	-0.043907	8.894181
934	0.001077	75000	-0.042970	8.851211
935	0.001036	75000	-0.042212	8.808999
936	0.000996	75000	-0.041091	8.767908
937	0.000957	75000	-0.040265	8.727643
938	0.000919	75000	-0.039233	8.688411
939	0.000882	75000	-0.038276	8.650134
940	0.000846	75000	-0.037349	8.612785
941	0.000810	75000	-0.036387	8.576399
942	0.000776	75000	-0.035559	8.540840
943	0.000742	75000	-0.034667	8.506173
944	0.000709	75000	-0.033785	8.472388
945	0.000678	75000	-0.032898	8.439491
946	0.000647	75000	-0.031955	8.407536
947	0.000617	75000	-0.031113	8.376423
948	0.000587	75000	-0.030209	8.346214
949	0.000559	75000	-0.029403	8.316812
950	0.000531	75000	-0.028544	8.288267
951	0.000505	75000	-0.027676	8.260591
952	0.000479	75000	-0.026930	8.233661
953	0.000454	75000	-0.026058	8.207603
954	0.000430	75000	-0.025251	8.182352
955	0.000406	75000	-0.024319	8.158033
956	0.000383	75000	-0.023538	8.134495
957	0.000362	75000	-0.022740	8.111755
958	0.000340	75000	-0.021959	8.089796
959	0.000320	75000	-0.021223	8.068573
960	0.000300	75000	-0.020449	8.048123
961	0.000281	75000	-0.019636	8.028487
962	0.000263	75000	-0.018896	8.009591
963	0.000246	75000	-0.018142	7.991449
964	0.000229	75000	-0.017450	7.974000
965	0.000213	75000	-0.016705	7.957295
966	0.000198	75000	-0.015999	7.941296
967	0.000183	75000	-0.015277	7.926020
968	0.000169	75000	-0.014587	7.911433
969	0.000156	75000	-0.013873	7.897560
970	0.000143	75000	-0.013197	7.884363
971	0.000131	75000	-0.012564	7.871799
972	0.000120	75000	-0.011898	7.859901
973	0.000109	75000	-0.011258	7.848642
974	0.000099	75000	-0.010630	7.838012
975	0.000089	75000	-0.010018	7.827994
976	0.000080	75000	-0.009406	7.818588
977	0.000072	75000	-0.008802	7.809786
978	0.000064	75000	-0.008239	7.801547
979	0.000057	75000	-0.007662	7.793884
980	0.000050	75000	-0.007114	7.786771
981	0.000043	75000	-0.006578	7.780192
982	0.000038	75000	-0.006051	7.774142
983	0.000032	75000	-0.005527	7.768615
984	0.000028	75000	-0.005027	7.763588
985	0.000023	75000	-0.004564	7.759024
986	0.000019	75000	-0.004094	7.754929
987	0.000016	75000	-0.003657	7.751273
988	0.000013	75000	-0.003221	7.748052
989	0.000010	75000	-0.002817	7.745235
990	0.000008	75000	-0.002424	7.742811
991	0.000006	75000	-0.002053	7.740758
992	0.000004	75000	-0.001699	7.739059
993	0.000003	75000	-0.001371	7.737688
994	0.000002	75000	-0.001067	7.736621
995	0.000001	75000	-0.000791	7.735830
996	0.000000	75000	-0.000543	7.735287
997	0.000000	75000	-0.000329	7.734958
998	0.000000	75000	-0.000154	7.734804
999	0.000000	75000	-0.000033	7.734771
Log marginal likelihood:	7.734771
