Steppingstone sampler:
        No Stones:                  1000
        Start It:                   10000001
        It Per Stone:               100000
        Sample Freq:                1
        Dist:                       Beta(0.400000,1.000000)
Stone No	Power	N	Stone MLh	Running MLh
0	0.997502	75000	-0.317990	-0.317990
1	0.995007	75000	-0.317448	-0.635438
2	0.992517	75000	-0.317052	-0.952490
3	0.990030	75000	-0.316555	-1.269044
4	0.987547	75000	-0.316077	-1.585122
5	0.985067	75000	-0.315625	-1.900747
6	0.982592	75000	-0.315202	-2.215949
7	0.980120	75000	-0.314699	-2.530648
8	0.977652	75000	-0.314199	-2.844847
9	0.975187	75000	-0.313745	-3.158592
10	0.972726	75000	-0.313273	-3.471865
11	0.970269	75000	-0.312791	-3.784656
12	0.967816	75000	-0.312358	-4.097013
13	0.965367	75000	-0.311881	-4.408894
14	0.962921	75000	-0.311380	-4.720274
15	0.960479	75000	-0.310949	-5.031223
16	0.958040	75000	-0.310400	-5.341623
17	0.955606	75000	-0.310036	-5.651659
18	0.953175	75000	-0.309534	-5.961194
19	0.950747	75000	-0.309090	-6.270283
20	0.948324	75000	-0.308607	-6.578890
21	0.945904	75000	-0.308160	-6.887051
22	0.943488	75000	-0.307645	-7.194695
23	0.941076	75000	-0.307213	-7.501909
24	0.938667	75000	-0.306788	-7.808697
25	0.936262	75000	-0.306288	-8.114985
26	0.933861	75000	-0.305821	-8.420806
27	0.931463	75000	-0.305309	-8.726115
28	0.929069	75000	-0.304911	-9.031026
29	0.926679	75000	-0.304443	-9.335470
30	0.924293	75000	-0.303941	-9.639410
31	0.921910	75000	-0.303493	-9.942903
32	0.919531	75000	-0.303013	-10.245916
33	0.917155	75000	-0.302641	-10.548557
34	0.914783	75000	-0.302045	-10.850602
35	0.912415	75000	-0.301628	-11.152230
36	0.910051	75000	-0.301128	-11.453358
37	0.907690	75000	-0.300777	-11.754135
38	0.905333	75000	-0.300240	-12.054375
39	0.902980	75000	-0.299749	-12.354124
40	0.900630	75000	-0.299411	-12.653534
41	0.898284	75000	-0.298881	-12.952415
42	0.895942	75000	-0.298462	-13.250877
43	0.893603	75000	-0.297963	-13.548840
44	0.891268	75000	-0.297490	-13.846331
45	0.888937	75000	-0.297034	-14.143365
46	0.886609	75000	-0.296609	-14.439973
47	0.884285	75000	-0.296173	-14.736146
48	0.881965	75000	-0.295615	-15.031761
49	0.879648	75000	-0.295260	-15.327021
50	0.877335	75000	-0.294710	-15.621731
51	0.875026	75000	-0.294251	-15.915983
52	0.872720	75000	-0.293778	-16.209761
53	0.870418	75000	-0.293363	-16.503124
54	0.868120	75000	-0.292882	-16.796006
55	0.865825	75000	-0.292456	-17.088462
56	0.863534	75000	-0.291978	-17.380440
57	0.861246	75000	-0.291552	-17.671991
58	0.858962	75000	-0.291069	-17.963060
59	0.856682	75000	-0.290582	-18.253642
60	0.854405	75000	-0.290133	-18.543776
61	0.852132	75000	-0.289706	-18.833481
62	0.849863	75000	-0.289205	-19.122686
63	0.847597	75000	-0.288811	-19.411497
64	0.845335	75000	-0.288345	-19.699842
65	0.843077	75000	-0.287873	-19.987715
66	0.840822	75000	-0.287444	-20.275159
67	0.838571	75000	-0.286952	-20.562111
68	0.836323	75000	-0.286465	-20.848576
69	0.834079	75000	-0.286037	-21.134613
70	0.831839	75000	-0.285568	-21.420181
71	0.829602	75000	-0.285208	-21.705389
72	0.827369	75000	-0.284755	-21.990144
73	0.825140	75000	-0.284230	-22.274374
74	0.822914	75000	-0.283825	-22.558199
75	0.820691	75000	-0.283379	-22.841578
76	0.818473	75000	-0.282869	-23.124447
77	0.816258	75000	-0.282416	-23.406864
78	0.814046	75000	-0.281960	-23.688823
79	0.811838	75000	-0.281523	-23.970347
80	0.809634	75000	-0.281086	-24.251433
81	0.807433	75000	-0.280635	-24.532068
82	0.805236	75000	-0.280144	-24.812212
83	0.803043	75000	-0.279708	-25.091920
84	0.800853	75000	-0.279287	-25.371207
85	0.798667	75000	-0.278873	-25.650081
86	0.796484	75000	-0.278465	-25.928546
87	0.794305	75000	-0.277893	-26.206439
88	0.792129	75000	-0.277506	-26.483945
89	0.789957	75000	-0.277091	-26.761036
90	0.787789	75000	-0.276620	-27.037656
91	0.785624	75000	-0.276039	-27.313696
92	0.783463	75000	-0.275698	-27.589393
93	0.781305	75000	-0.275235	-27.864629
94	0.779151	75000	-0.274886	-28.139515
95	0.777000	75000	-0.274311	-28.413826
96	0.774853	75000	-0.273889	-28.687715
97	0.772710	75000	-0.273442	-28.961157
98	0.770570	75000	-0.273041	-29.234198
99	0.768433	75000	-0.272577	-29.506774
100	0.766301	75000	-0.272164	-29.778938
101	0.764172	75000	-0.271655	-30.050592
102	0.762046	75000	-0.271241	-30.321834
103	0.759924	75000	-0.270776	-30.592610
104	0.757805	75000	-0.270377	-30.862987
105	0.755690	75000	-0.269914	-31.132901
106	0.753579	75000	-0.269427	-31.402328
107	0.751471	75000	-0.269031	-31.671359
108	0.749366	75000	-0.268482	-31.939841
109	0.747266	75000	-0.268121	-32.207962
110	0.745168	75000	-0.267651	-32.475614
111	0.743075	75000	-0.267202	-32.742815
112	0.740984	75000	-0.266830	-33.009645
113	0.738898	75000	-0.266412	-33.276058
114	0.736815	75000	-0.265901	-33.541959
115	0.734735	75000	-0.265451	-33.807409
116	0.732659	75000	-0.265020	-34.072429
117	0.730586	75000	-0.264629	-34.337058
118	0.728517	75000	-0.264139	-34.601198
119	0.726452	75000	-0.263704	-34.864902
120	0.724390	75000	-0.263230	-35.128131
121	0.722331	75000	-0.262865	-35.390996
122	0.720276	75000	-0.262434	-35.653430
123	0.718225	75000	-0.261954	-35.915385
124	0.716177	75000	-0.261582	-36.176967
125	0.714132	75000	-0.261104	-36.438071
126	0.712091	75000	-0.260632	-36.698703
127	0.710054	75000	-0.260168	-36.958871
128	0.708020	75000	-0.259704	-37.218575
129	0.705989	75000	-0.259325	-37.477901
130	0.703962	75000	-0.258871	-37.736772
131	0.701939	75000	-0.258426	-37.995198
132	0.699919	75000	-0.258002	-38.253200
133	0.697902	75000	-0.257534	-38.510733
134	0.695889	75000	-0.257116	-38.767850
135	0.693880	75000	-0.256693	-39.024543
136	0.691874	75000	-0.256201	-39.280744
137	0.689871	75000	-0.255845	-39.536588
138	0.687872	75000	-0.255260	-39.791848
139	0.685877	75000	-0.254901	-40.046749
140	0.683885	75000	-0.254453	-40.301202
141	0.681896	75000	-0.254134	-40.555337
142	0.679911	75000	-0.253681	-40.809017
143	0.677929	75000	-0.253153	-41.062171
144	0.675951	75000	-0.252725	-41.314896
145	0.673976	75000	-0.252358	-41.567254
146	0.672005	75000	-0.251874	-41.819128
147	0.670037	75000	-0.251435	-42.070562
148	0.668073	75000	-0.251004	-42.321567
149	0.666112	75000	-0.250574	-42.572141
150	0.664155	75000	-0.250084	-42.822225
151	0.662201	75000	-0.249705	-43.071930
152	0.660250	75000	-0.249295	-43.321224
153	0.658303	75000	-0.248930	-43.570155
154	0.656359	75000	-0.248425	-43.818580
155	0.654419	75000	-0.247954	-44.066534
156	0.652483	75000	-0.247514	-44.314048
157	0.650549	75000	-0.247044	-44.561091
158	0.648619	75000	-0.246642	-44.807733
159	0.646693	75000	-0.246239	-45.053972
160	0.644770	75000	-0.245805	-45.299777
161	0.642851	75000	-0.245446	-45.545223
162	0.640934	75000	-0.244967	-45.790190
163	0.639022	75000	-0.244534	-46.034724
164	0.637113	75000	-0.244113	-46.278837
165	0.635207	75000	-0.243680	-46.522518
166	0.633304	75000	-0.243265	-46.765783
167	0.631405	75000	-0.242863	-47.008645
168	0.629510	75000	-0.242437	-47.251082
169	0.627618	75000	-0.242035	-47.493117
170	0.625729	75000	-0.241578	-47.734695
171	0.623844	75000	-0.241107	-47.975802
172	0.621962	75000	-0.240672	-48.216474
173	0.620083	75000	-0.240298	-48.456772
174	0.618208	75000	-0.239776	-48.696548
175	0.616337	75000	-0.239364	-48.935912
176	0.614468	75000	-0.239021	-49.174933
177	0.612604	75000	-0.238562	-49.413496
178	0.610742	75000	-0.238148	-49.651644
179	0.608884	75000	-0.237724	-49.889368
180	0.607029	75000	-0.237310	-50.126677
181	0.605178	75000	-0.236867	-50.363544
182	0.603330	75000	-0.236421	-50.599966
183	0.601486	75000	-0.236002	-50.835967
184	0.599645	75000	-0.235597	-51.071565
185	0.597807	75000	-0.235187	-51.306751
186	0.595973	75000	-0.234701	-51.541453
187	0.594142	75000	-0.234363	-51.775815
188	0.592314	75000	-0.233901	-52.009716
189	0.590490	75000	-0.233480	-52.243196
190	0.588669	75000	-0.232958	-52.476154
191	0.586852	75000	-0.232561	-52.708715
192	0.585038	75000	-0.232201	-52.940916
193	0.583227	75000	-0.231826	-53.172741
194	0.581420	75000	-0.231451	-53.404192
195	0.579616	75000	-0.230956	-53.635149
196	0.577815	75000	-0.230543	-53.865691
197	0.576018	75000	-0.230106	-54.095797
198	0.574224	75000	-0.229707	-54.325504
199	0.572433	75000	-0.229255	-54.554759
200	0.570646	75000	-0.228882	-54.783641
201	0.568862	75000	-0.228367	-55.012007
202	0.567082	75000	-0.228009	-55.240017
203	0.565305	75000	-0.227614	-55.467631
204	0.563531	75000	-0.227169	-55.694800
205	0.561761	75000	-0.226778	-55.921578
206	0.559993	75000	-0.226367	-56.147945
207	0.558230	75000	-0.225992	-56.373936
208	0.556469	75000	-0.225511	-56.599447
209	0.554712	75000	-0.225035	-56.824482
210	0.552958	75000	-0.224663	-57.049145
211	0.551208	75000	-0.224283	-57.273428
212	0.549461	75000	-0.223851	-57.497279
213	0.547717	75000	-0.223418	-57.720697
214	0.545977	75000	-0.223052	-57.943750
215	0.544240	75000	-0.222638	-58.166387
216	0.542506	75000	-0.222248	-58.388635
217	0.540775	75000	-0.221749	-58.610384
218	0.539048	75000	-0.221327	-58.831711
219	0.537324	75000	-0.220875	-59.052586
220	0.535604	75000	-0.220544	-59.273131
221	0.533887	75000	-0.220181	-59.493312
222	0.532173	75000	-0.219629	-59.712940
223	0.530462	75000	-0.219280	-59.932221
224	0.528755	75000	-0.218853	-60.151073
225	0.527051	75000	-0.218499	-60.369573
226	0.525350	75000	-0.218008	-60.587580
227	0.523653	75000	-0.217636	-60.805217
228	0.521958	75000	-0.217208	-61.022424
229	0.520268	75000	-0.216805	-61.239230
230	0.518580	75000	-0.216454	-61.455684
231	0.516896	75000	-0.216034	-61.671718
232	0.515215	75000	-0.215603	-61.887321
233	0.513537	75000	-0.215183	-62.102504
234	0.511863	75000	-0.214732	-62.317236
235	0.510192	75000	-0.214256	-62.531492
236	0.508524	75000	-0.214042	-62.745535
237	0.506859	75000	-0.213569	-62.959103
238	0.505198	75000	-0.213075	-63.172178
239	0.503540	75000	-0.212749	-63.384928
240	0.501885	75000	-0.212330	-63.597258
241	0.500234	75000	-0.211893	-63.809151
242	0.498586	75000	-0.211447	-64.020598
243	0.496941	75000	-0.211129	-64.231726
244	0.495299	75000	-0.210699	-64.442426
245	0.493660	75000	-0.210265	-64.652690
246	0.492025	75000	-0.209885	-64.862575
247	0.490393	75000	-0.209439	-65.072015
248	0.488765	75000	-0.209058	-65.281072
249	0.487139	75000	-0.208651	-65.489723
250	0.485517	75000	-0.208190	-65.697913
251	0.483898	75000	-0.207753	-65.905666
252	0.482283	75000	-0.207432	-66.113097
253	0.480670	75000	-0.207021	-66.320119
254	0.479061	75000	-0.206706	-66.526825
255	0.477455	75000	-0.206117	-66.732942
256	0.475852	75000	-0.205925	-66.938867
257	0.474253	75000	-0.205324	-67.144191
258	0.472656	75000	-0.204974	-67.349166
259	0.471063	75000	-0.204605	-67.553771
260	0.469474	75000	-0.204304	-67.758074
261	0.467887	75000	-0.203830	-67.961905
262	0.466304	75000	-0.203367	-68.165272
263	0.464723	75000	-0.203023	-68.368295
264	0.463146	75000	-0.202650	-68.570946
265	0.461573	75000	-0.202173	-68.773118
266	0.460002	75000	-0.201707	-68.974826
267	0.458435	75000	-0.201443	-69.176268
268	0.456871	75000	-0.200944	-69.377213
269	0.455310	75000	-0.200543	-69.577756
270	0.453752	75000	-0.200144	-69.777900
271	0.452198	75000	-0.199788	-69.977688
272	0.450647	75000	-0.199405	-70.177092
273	0.449098	75000	-0.198970	-70.376062
274	0.447554	75000	-0.198610	-70.574672
275	0.446012	75000	-0.198225	-70.772896
276	0.444473	75000	-0.197747	-70.970644
277	0.442938	75000	-0.197437	-71.168081
278	0.441406	75000	-0.197064	-71.365145
279	0.439877	75000	-0.196584	-71.561730
280	0.438351	75000	-0.196236	-71.757966
281	0.436829	75000	-0.195809	-71.953774
282	0.435309	75000	-0.195424	-72.149198
283	0.433793	75000	-0.194970	-72.344168
284	0.432280	75000	-0.194672	-72.538840
285	0.430770	75000	-0.194198	-72.733038
286	0.429263	75000	-0.193881	-72.926919
287	0.427760	75000	-0.193447	-73.120366
288	0.426259	75000	-0.193037	-73.313403
289	0.424762	75000	-0.192609	-73.506012
290	0.423268	75000	-0.192238	-73.698250
291	0.421777	75000	-0.191869	-73.890118
292	0.420289	75000	-0.191454	-74.081572
293	0.418805	75000	-0.191021	-74.272593
294	0.417323	75000	-0.190697	-74.463291
295	0.415845	75000	-0.190350	-74.653640
296	0.414370	75000	-0.189803	-74.843443
297	0.412898	75000	-0.189557	-75.033001
298	0.411429	75000	-0.189127	-75.222127
299	0.409963	75000	-0.188669	-75.410796
300	0.408501	75000	-0.188313	-75.599109
301	0.407041	75000	-0.187985	-75.787094
302	0.405585	75000	-0.187529	-75.974623
303	0.404132	75000	-0.187150	-76.161773
304	0.402682	75000	-0.186804	-76.348578
305	0.401235	75000	-0.186314	-76.534891
306	0.399791	75000	-0.185973	-76.720864
307	0.398350	75000	-0.185608	-76.906473
308	0.396913	75000	-0.185231	-77.091704
309	0.395478	75000	-0.184885	-77.276588
310	0.394047	75000	-0.184453	-77.461041
311	0.392619	75000	-0.183975	-77.645016
312	0.391194	75000	-0.183661	-77.828677
313	0.389772	75000	-0.183296	-78.011972
314	0.388353	75000	-0.182932	-78.194904
315	0.386937	75000	-0.182482	-78.377386
316	0.385524	75000	-0.182175	-78.559561
317	0.384115	75000	-0.181718	-78.741279
318	0.382708	75000	-0.181366	-78.922645
319	0.381305	75000	-0.180968	-79.103612
320	0.379904	75000	-0.180621	-79.284233
321	0.378507	75000	-0.180186	-79.464419
322	0.377113	75000	-0.179739	-79.644158
323	0.375722	75000	-0.179453	-79.823611
324	0.374334	75000	-0.179027	-80.002638
325	0.372949	75000	-0.178632	-80.181270
326	0.371567	75000	-0.178366	-80.359636
327	0.370189	75000	-0.177923	-80.537558
328	0.368813	75000	-0.177565	-80.715123
329	0.367440	75000	-0.177156	-80.892279
330	0.366071	75000	-0.176750	-81.069029
331	0.364705	75000	-0.176337	-81.245366
332	0.363341	75000	-0.176007	-81.421373
333	0.361981	75000	-0.175647	-81.597020
334	0.360624	75000	-0.175173	-81.772194
335	0.359269	75000	-0.174869	-81.947063
336	0.357918	75000	-0.174439	-82.121502
337	0.356570	75000	-0.174063	-82.295565
338	0.355225	75000	-0.173808	-82.469372
339	0.353883	75000	-0.173350	-82.642722
340	0.352544	75000	-0.172989	-82.815711
341	0.351208	75000	-0.172448	-82.988160
342	0.349875	75000	-0.172168	-83.160327
343	0.348546	75000	-0.171796	-83.332124
344	0.347219	75000	-0.171462	-83.503586
345	0.345895	75000	-0.171063	-83.674649
346	0.344574	75000	-0.170660	-83.845309
347	0.343257	75000	-0.170310	-84.015619
348	0.341942	75000	-0.170001	-84.185620
349	0.340630	75000	-0.169448	-84.355068
350	0.339322	75000	-0.169206	-84.524274
351	0.338016	75000	-0.168818	-84.693092
352	0.336714	75000	-0.168318	-84.861410
353	0.335414	75000	-0.168069	-85.029479
354	0.334118	75000	-0.167761	-85.197240
355	0.332824	75000	-0.167337	-85.364577
356	0.331534	75000	-0.166889	-85.531466
357	0.330246	75000	-0.166649	-85.698115
358	0.328962	75000	-0.166277	-85.864392
359	0.327680	75000	-0.165916	-86.030308
360	0.326401	75000	-0.165447	-86.195755
361	0.325126	75000	-0.165033	-86.360787
362	0.323853	75000	-0.164741	-86.525528
363	0.322584	75000	-0.164310	-86.689838
364	0.321317	75000	-0.163938	-86.853776
365	0.320054	75000	-0.163570	-87.017346
366	0.318793	75000	-0.163276	-87.180622
367	0.317536	75000	-0.162805	-87.343427
368	0.316281	75000	-0.162468	-87.505895
369	0.315030	75000	-0.162112	-87.668006
370	0.313781	75000	-0.161767	-87.829773
371	0.312535	75000	-0.161386	-87.991159
372	0.311293	75000	-0.160930	-88.152089
373	0.310053	75000	-0.160576	-88.312664
374	0.308816	75000	-0.160196	-88.472860
375	0.307582	75000	-0.159890	-88.632750
376	0.306352	75000	-0.159544	-88.792294
377	0.305124	75000	-0.159101	-88.951395
378	0.303899	75000	-0.158761	-89.110156
379	0.302677	75000	-0.158535	-89.268691
380	0.301458	75000	-0.158019	-89.426710
381	0.300242	75000	-0.157708	-89.584418
382	0.299029	75000	-0.157421	-89.741839
383	0.297819	75000	-0.157029	-89.898867
384	0.296611	75000	-0.156640	-90.055507
385	0.295407	75000	-0.156249	-90.211756
386	0.294206	75000	-0.155841	-90.367597
387	0.293007	75000	-0.155606	-90.523204
388	0.291812	75000	-0.155210	-90.678414
389	0.290619	75000	-0.154817	-90.833231
390	0.289430	75000	-0.154407	-90.987638
391	0.288243	75000	-0.154123	-91.141761
392	0.287059	75000	-0.153707	-91.295468
393	0.285879	75000	-0.153384	-91.448852
394	0.284701	75000	-0.152966	-91.601819
395	0.283526	75000	-0.152733	-91.754552
396	0.282354	75000	-0.152307	-91.906859
397	0.281184	75000	-0.151934	-92.058793
398	0.280018	75000	-0.151509	-92.210302
399	0.278855	75000	-0.151205	-92.361507
400	0.277694	75000	-0.150899	-92.512406
401	0.276537	75000	-0.150465	-92.662871
402	0.275382	75000	-0.150241	-92.813112
403	0.274230	75000	-0.149730	-92.962842
404	0.273082	75000	-0.149452	-93.112294
405	0.271936	75000	-0.149081	-93.261375
406	0.270793	75000	-0.148622	-93.409997
407	0.269652	75000	-0.148459	-93.558455
408	0.268515	75000	-0.147929	-93.706385
409	0.267381	75000	-0.147721	-93.854105
410	0.266249	75000	-0.147234	-94.001340
411	0.265121	75000	-0.146953	-94.148293
412	0.263995	75000	-0.146632	-94.294925
413	0.262872	75000	-0.146182	-94.441107
414	0.261752	75000	-0.145830	-94.586937
415	0.260635	75000	-0.145400	-94.732337
416	0.259520	75000	-0.145170	-94.877507
417	0.258409	75000	-0.144747	-95.022255
418	0.257300	75000	-0.144456	-95.166711
419	0.256195	75000	-0.144073	-95.310784
420	0.255092	75000	-0.143682	-95.454466
421	0.253992	75000	-0.143380	-95.597845
422	0.252895	75000	-0.143065	-95.740910
423	0.251800	75000	-0.142707	-95.883617
424	0.250709	75000	-0.142283	-96.025900
425	0.249620	75000	-0.142011	-96.167911
426	0.248534	75000	-0.141727	-96.309638
427	0.247451	75000	-0.141310	-96.450948
428	0.246371	75000	-0.140919	-96.591868
429	0.245294	75000	-0.140554	-96.732422
430	0.244220	75000	-0.140335	-96.872757
431	0.243148	75000	-0.139730	-97.012487
432	0.242079	75000	-0.139567	-97.152054
433	0.241013	75000	-0.139193	-97.291246
434	0.239950	75000	-0.138779	-97.430025
435	0.238890	75000	-0.138470	-97.568495
436	0.237832	75000	-0.138178	-97.706673
437	0.236778	75000	-0.137781	-97.844454
438	0.235726	75000	-0.137432	-97.981886
439	0.234677	75000	-0.137094	-98.118980
440	0.233630	75000	-0.136746	-98.255725
441	0.232587	75000	-0.136431	-98.392156
442	0.231546	75000	-0.136028	-98.528184
443	0.230509	75000	-0.135770	-98.663954
444	0.229473	75000	-0.135356	-98.799310
445	0.228441	75000	-0.135063	-98.934373
446	0.227412	75000	-0.134680	-99.069053
447	0.226385	75000	-0.134435	-99.203487
448	0.225361	75000	-0.133963	-99.337450
449	0.224340	75000	-0.133677	-99.471127
450	0.223322	75000	-0.133256	-99.604383
451	0.222306	75000	-0.133037	-99.737420
452	0.221293	75000	-0.132738	-99.870158
453	0.220283	75000	-0.132264	-100.002423
454	0.219276	75000	-0.132008	-100.134431
455	0.218272	75000	-0.131582	-100.266013
456	0.217270	75000	-0.131198	-100.397211
457	0.216271	75000	-0.130919	-100.528130
458	0.215275	75000	-0.130611	-100.658741
459	0.214281	75000	-0.130353	-100.789094
460	0.213291	75000	-0.129881	-100.918975
461	0.212303	75000	-0.129565	-101.048540
462	0.211318	75000	-0.129118	-101.177658
463	0.210335	75000	-0.128867	-101.306525
464	0.209356	75000	-0.128617	-101.435142
465	0.208379	75000	-0.128370	-101.563512
466	0.207404	75000	-0.127845	-101.691357
467	0.206433	75000	-0.127519	-101.818876
468	0.205464	75000	-0.127218	-101.946095
469	0.204498	75000	-0.126844	-102.072939
470	0.203535	75000	-0.126618	-102.199557
471	0.202575	75000	-0.126361	-102.325918
472	0.201617	75000	-0.125810	-102.451729
473	0.200662	75000	-0.125611	-102.577340
474	0.199709	75000	-0.125058	-102.702398
475	0.198760	75000	-0.124849	-102.827246
476	0.197813	75000	-0.124668	-102.951914
477	0.196869	75000	-0.124297	-103.076212
478	0.195927	75000	-0.123877	-103.200089
479	0.194988	75000	-0.123490	-103.323579
480	0.194052	75000	-0.123284	-103.446863
481	0.193119	75000	-0.122838	-103.569701
482	0.192188	75000	-0.122586	-103.692287
483	0.191260	75000	-0.122231	-103.814517
484	0.190335	75000	-0.121895	-103.936412
485	0.189412	75000	-0.121568	-104.057980
486	0.188492	75000	-0.121322	-104.179302
487	0.187575	75000	-0.120934	-104.300237
488	0.186660	75000	-0.120512	-104.420749
489	0.185749	75000	-0.120373	-104.541122
490	0.184839	75000	-0.119907	-104.661028
491	0.183933	75000	-0.119579	-104.780607
492	0.183029	75000	-0.119265	-104.899872
493	0.182128	75000	-0.118951	-105.018823
494	0.181229	75000	-0.118631	-105.137454
495	0.180333	75000	-0.118333	-105.255787
496	0.179440	75000	-0.118128	-105.373915
497	0.178550	75000	-0.117559	-105.491474
498	0.177662	75000	-0.117268	-105.608742
499	0.176777	75000	-0.117000	-105.725742
500	0.175894	75000	-0.116768	-105.842510
501	0.175014	75000	-0.116440	-105.958950
502	0.174137	75000	-0.116028	-106.074979
503	0.173262	75000	-0.115692	-106.190670
504	0.172390	75000	-0.115430	-106.306101
505	0.171521	75000	-0.115108	-106.421209
506	0.170654	75000	-0.114695	-106.535903
507	0.169790	75000	-0.114403	-106.650306
508	0.168929	75000	-0.114104	-106.764411
509	0.168070	75000	-0.113678	-106.878089
510	0.167214	75000	-0.113429	-106.991518
511	0.166360	75000	-0.113232	-107.104750
512	0.165509	75000	-0.112811	-107.217561
513	0.164661	75000	-0.112524	-107.330085
514	0.163815	75000	-0.112292	-107.442377
515	0.162972	75000	-0.111872	-107.554249
516	0.162132	75000	-0.111538	-107.665787
517	0.161294	75000	-0.111365	-107.777152
518	0.160458	75000	-0.110988	-107.888139
519	0.159626	75000	-0.110637	-107.998776
520	0.158796	75000	-0.110360	-108.109137
521	0.157968	75000	-0.109986	-108.219123
522	0.157143	75000	-0.109650	-108.328773
523	0.156321	75000	-0.109458	-108.438231
524	0.155501	75000	-0.109116	-108.547347
525	0.154684	75000	-0.108701	-108.656048
526	0.153870	75000	-0.108495	-108.764543
527	0.153058	75000	-0.108087	-108.872630
528	0.152248	75000	-0.107715	-108.980345
529	0.151441	75000	-0.107599	-109.087944
530	0.150637	75000	-0.107249	-109.195193
531	0.149835	75000	-0.106901	-109.302094
532	0.149036	75000	-0.106450	-109.408545
533	0.148240	75000	-0.106235	-109.514780
534	0.147446	75000	-0.106006	-109.620785
535	0.146654	75000	-0.105819	-109.726605
536	0.145865	75000	-0.105426	-109.832031
537	0.145079	75000	-0.104917	-109.936948
538	0.144295	75000	-0.104702	-110.041650
539	0.143514	75000	-0.104363	-110.146013
540	0.142735	75000	-0.104030	-110.250043
541	0.141959	75000	-0.103876	-110.353919
542	0.141186	75000	-0.103376	-110.457295
543	0.140415	75000	-0.103222	-110.560517
544	0.139646	75000	-0.102757	-110.663275
545	0.138880	75000	-0.102650	-110.765924
546	0.138116	75000	-0.102307	-110.868232
547	0.137356	75000	-0.102001	-110.970232
548	0.136597	75000	-0.101704	-111.071937
549	0.135841	75000	-0.101380	-111.173316
550	0.135088	75000	-0.101066	-111.274382
551	0.134337	75000	-0.100682	-111.375064
552	0.133588	75000	-0.100518	-111.475582
553	0.132843	75000	-0.100265	-111.575847
554	0.132099	75000	-0.099745	-111.675592
555	0.131358	75000	-0.099568	-111.775160
556	0.130620	75000	-0.099204	-111.874364
557	0.129884	75000	-0.098911	-111.973275
558	0.129151	75000	-0.098619	-112.071894
559	0.128420	75000	-0.098309	-112.170204
560	0.127691	75000	-0.098036	-112.268240
561	0.126965	75000	-0.097535	-112.365775
562	0.126242	75000	-0.097528	-112.463303
563	0.125521	75000	-0.097127	-112.560430
564	0.124802	75000	-0.096910	-112.657340
565	0.124086	75000	-0.096623	-112.753964
566	0.123373	75000	-0.096428	-112.850391
567	0.122662	75000	-0.095951	-112.946342
568	0.121953	75000	-0.095604	-113.041946
569	0.121247	75000	-0.095408	-113.137354
570	0.120543	75000	-0.095098	-113.232452
571	0.119842	75000	-0.094852	-113.327304
572	0.119143	75000	-0.094504	-113.421808
573	0.118447	75000	-0.094261	-113.516069
574	0.117753	75000	-0.093822	-113.609891
575	0.117062	75000	-0.093512	-113.703403
576	0.116373	75000	-0.093239	-113.796642
577	0.115686	75000	-0.093082	-113.889724
578	0.115002	75000	-0.092736	-113.982461
579	0.114320	75000	-0.092496	-114.074957
580	0.113641	75000	-0.092170	-114.167127
581	0.112964	75000	-0.091867	-114.258994
582	0.112290	75000	-0.091543	-114.350537
583	0.111618	75000	-0.091375	-114.441912
584	0.110948	75000	-0.091085	-114.532997
585	0.110281	75000	-0.090581	-114.623578
586	0.109616	75000	-0.090438	-114.714016
587	0.108954	75000	-0.090277	-114.804293
588	0.108294	75000	-0.089965	-114.894258
589	0.107637	75000	-0.089604	-114.983861
590	0.106981	75000	-0.089421	-115.073283
591	0.106329	75000	-0.088890	-115.162173
592	0.105678	75000	-0.088715	-115.250887
593	0.105030	75000	-0.088482	-115.339369
594	0.104385	75000	-0.088222	-115.427592
595	0.103742	75000	-0.087916	-115.515507
596	0.103101	75000	-0.087640	-115.603148
597	0.102463	75000	-0.087283	-115.690431
598	0.101827	75000	-0.087235	-115.777665
599	0.101193	75000	-0.086721	-115.864387
600	0.100562	75000	-0.086489	-115.950876
601	0.099933	75000	-0.086322	-116.037198
602	0.099306	75000	-0.085877	-116.123075
603	0.098682	75000	-0.085639	-116.208714
604	0.098060	75000	-0.085443	-116.294157
605	0.097441	75000	-0.085152	-116.379309
606	0.096824	75000	-0.084817	-116.464125
607	0.096209	75000	-0.084611	-116.548737
608	0.095596	75000	-0.084434	-116.633170
609	0.094986	75000	-0.083952	-116.717123
610	0.094379	75000	-0.083728	-116.800850
611	0.093773	75000	-0.083649	-116.884500
612	0.093170	75000	-0.083150	-116.967650
613	0.092570	75000	-0.082881	-117.050531
614	0.091971	75000	-0.082786	-117.133316
615	0.091375	75000	-0.082441	-117.215757
616	0.090781	75000	-0.082119	-117.297876
617	0.090190	75000	-0.081795	-117.379670
618	0.089601	75000	-0.081541	-117.461211
619	0.089014	75000	-0.081357	-117.542569
620	0.088430	75000	-0.081174	-117.623742
621	0.087848	75000	-0.080689	-117.704431
622	0.087268	75000	-0.080565	-117.784996
623	0.086690	75000	-0.080439	-117.865435
624	0.086115	75000	-0.079848	-117.945283
625	0.085542	75000	-0.079808	-118.025091
626	0.084971	75000	-0.079445	-118.104536
627	0.084403	75000	-0.079268	-118.183804
628	0.083837	75000	-0.078827	-118.262631
629	0.083273	75000	-0.078509	-118.341140
630	0.082712	75000	-0.078491	-118.419631
631	0.082152	75000	-0.078387	-118.498019
632	0.081595	75000	-0.077887	-118.575906
633	0.081041	75000	-0.077529	-118.653435
634	0.080488	75000	-0.077352	-118.730787
635	0.079938	75000	-0.077191	-118.807978
636	0.079390	75000	-0.076912	-118.884890
637	0.078845	75000	-0.076650	-118.961540
638	0.078301	75000	-0.076228	-119.037768
639	0.077760	75000	-0.076175	-119.113944
640	0.077221	75000	-0.075795	-119.189739
641	0.076684	75000	-0.075557	-119.265296
642	0.076150	75000	-0.075194	-119.340490
643	0.075618	75000	-0.075090	-119.415580
644	0.075088	75000	-0.074757	-119.490337
645	0.074560	75000	-0.074492	-119.564829
646	0.074035	75000	-0.074498	-119.639328
647	0.073512	75000	-0.073922	-119.713250
648	0.072991	75000	-0.073835	-119.787085
649	0.072472	75000	-0.073382	-119.860467
650	0.071955	75000	-0.073181	-119.933648
651	0.071441	75000	-0.072975	-120.006623
652	0.070929	75000	-0.072815	-120.079437
653	0.070419	75000	-0.072320	-120.151758
654	0.069911	75000	-0.072424	-120.224182
655	0.069406	75000	-0.071880	-120.296062
656	0.068903	75000	-0.071938	-120.368000
657	0.068401	75000	-0.071359	-120.439359
658	0.067903	75000	-0.071334	-120.510694
659	0.067406	75000	-0.071209	-120.581902
660	0.066911	75000	-0.070893	-120.652796
661	0.066419	75000	-0.070517	-120.723312
662	0.065929	75000	-0.070373	-120.793686
663	0.065441	75000	-0.070093	-120.863778
664	0.064955	75000	-0.069922	-120.933701
665	0.064471	75000	-0.069696	-121.003397
666	0.063990	75000	-0.069336	-121.072733
667	0.063510	75000	-0.069141	-121.141874
668	0.063033	75000	-0.069012	-121.210886
669	0.062558	75000	-0.068659	-121.279545
670	0.062085	75000	-0.068548	-121.348093
671	0.061615	75000	-0.068189	-121.416282
672	0.061146	75000	-0.067978	-121.484259
673	0.060680	75000	-0.067726	-121.551985
674	0.060216	75000	-0.067544	-121.619530
675	0.059753	75000	-0.067404	-121.686934
676	0.059293	75000	-0.067169	-121.754103
677	0.058836	75000	-0.066581	-121.820684
678	0.058380	75000	-0.066506	-121.887190
679	0.057926	75000	-0.066542	-121.953732
680	0.057475	75000	-0.066343	-122.020075
681	0.057025	75000	-0.066086	-122.086160
682	0.056578	75000	-0.065643	-122.151804
683	0.056133	75000	-0.065623	-122.217427
684	0.055690	75000	-0.065392	-122.282819
685	0.055249	75000	-0.064755	-122.347574
686	0.054810	75000	-0.064950	-122.412524
687	0.054373	75000	-0.064561	-122.477085
688	0.053939	75000	-0.064239	-122.541323
689	0.053506	75000	-0.064085	-122.605408
690	0.053076	75000	-0.063921	-122.669329
691	0.052647	75000	-0.063438	-122.732768
692	0.052221	75000	-0.063538	-122.796305
693	0.051797	75000	-0.063303	-122.859608
694	0.051375	75000	-0.062823	-122.922431
695	0.050955	75000	-0.062866	-122.985297
696	0.050537	75000	-0.062518	-123.047815
697	0.050121	75000	-0.062439	-123.110254
698	0.049707	75000	-0.062275	-123.172529
699	0.049295	75000	-0.062093	-123.234622
700	0.048885	75000	-0.061869	-123.296491
701	0.048478	75000	-0.061500	-123.357991
702	0.048072	75000	-0.061324	-123.419315
703	0.047668	75000	-0.061115	-123.480430
704	0.047267	75000	-0.060937	-123.541366
705	0.046867	75000	-0.060913	-123.602280
706	0.046470	75000	-0.060329	-123.662609
707	0.046074	75000	-0.060169	-123.722778
708	0.045681	75000	-0.060271	-123.783050
709	0.045289	75000	-0.060441	-123.843491
710	0.044900	75000	-0.059616	-123.903106
711	0.044512	75000	-0.059433	-123.962539
712	0.044127	75000	-0.059472	-124.022012
713	0.043744	75000	-0.059090	-124.081102
714	0.043362	75000	-0.058868	-124.139970
715	0.042983	75000	-0.058532	-124.198502
716	0.042606	75000	-0.058356	-124.256859
717	0.042230	75000	-0.058124	-124.314982
718	0.041857	75000	-0.058450	-124.373432
719	0.041485	75000	-0.057875	-124.431307
720	0.041116	75000	-0.057747	-124.489054
721	0.040749	75000	-0.057492	-124.546547
722	0.040383	75000	-0.057269	-124.603816
723	0.040020	75000	-0.057343	-124.661159
724	0.039658	75000	-0.057167	-124.718326
725	0.039299	75000	-0.056707	-124.775033
726	0.038941	75000	-0.056616	-124.831649
727	0.038585	75000	-0.056545	-124.888194
728	0.038232	75000	-0.056565	-124.944759
729	0.037880	75000	-0.056058	-125.000817
730	0.037530	75000	-0.056077	-125.056894
731	0.037182	75000	-0.055723	-125.112617
732	0.036836	75000	-0.055616	-125.168233
733	0.036493	75000	-0.055348	-125.223581
734	0.036151	75000	-0.055359	-125.278940
735	0.035810	75000	-0.054915	-125.333855
736	0.035472	75000	-0.054895	-125.388750
737	0.035136	75000	-0.054864	-125.443614
738	0.034802	75000	-0.054762	-125.498376
739	0.034469	75000	-0.054251	-125.552627
740	0.034139	75000	-0.054411	-125.607038
741	0.033810	75000	-0.054183	-125.661222
742	0.033484	75000	-0.054048	-125.715270
743	0.033159	75000	-0.053717	-125.768987
744	0.032836	75000	-0.053616	-125.822603
745	0.032515	75000	-0.053721	-125.876325
746	0.032196	75000	-0.053336	-125.929661
747	0.031879	75000	-0.053466	-125.983127
748	0.031563	75000	-0.053200	-126.036327
749	0.031250	75000	-0.053294	-126.089622
750	0.030938	75000	-0.053215	-126.142837
751	0.030629	75000	-0.052691	-126.195528
752	0.030321	75000	-0.053316	-126.248843
753	0.030015	75000	-0.052720	-126.301563
754	0.029711	75000	-0.052613	-126.354175
755	0.029409	75000	-0.052103	-126.406279
756	0.029108	75000	-0.052692	-126.458971
757	0.028810	75000	-0.051985	-126.510956
758	0.028513	75000	-0.051588	-126.562544
759	0.028218	75000	-0.051915	-126.614459
760	0.027925	75000	-0.051910	-126.666369
761	0.027634	75000	-0.052176	-126.718545
762	0.027345	75000	-0.051543	-126.770087
763	0.027057	75000	-0.051772	-126.821859
764	0.026771	75000	-0.051627	-126.873486
765	0.026487	75000	-0.051165	-126.924651
766	0.026205	75000	-0.051416	-126.976067
767	0.025925	75000	-0.051144	-127.027211
768	0.025647	75000	-0.051111	-127.078322
769	0.025370	75000	-0.051230	-127.129552
770	0.025095	75000	-0.050945	-127.180498
771	0.024822	75000	-0.050760	-127.231258
772	0.024551	75000	-0.051161	-127.282419
773	0.024281	75000	-0.050524	-127.332943
774	0.024014	75000	-0.050682	-127.383625
775	0.023748	75000	-0.050814	-127.434440
776	0.023483	75000	-0.050624	-127.485063
777	0.023221	75000	-0.051052	-127.536116
778	0.022960	75000	-0.050192	-127.586308
779	0.022702	75000	-0.049940	-127.636248
780	0.022445	75000	-0.050634	-127.686882
781	0.022189	75000	-0.050460	-127.737341
782	0.021936	75000	-0.051099	-127.788440
783	0.021684	75000	-0.050181	-127.838621
784	0.021434	75000	-0.050005	-127.888626
785	0.021185	75000	-0.050211	-127.938837
786	0.020939	75000	-0.049943	-127.988780
787	0.020694	75000	-0.050552	-128.039333
788	0.020451	75000	-0.049859	-128.089191
789	0.020209	75000	-0.050427	-128.139618
790	0.019969	75000	-0.050385	-128.190004
791	0.019731	75000	-0.050387	-128.240391
792	0.019495	75000	-0.050767	-128.291157
793	0.019261	75000	-0.050896	-128.342054
794	0.019028	75000	-0.050728	-128.392782
795	0.018796	75000	-0.051340	-128.444122
796	0.018567	75000	-0.050766	-128.494888
797	0.018339	75000	-0.050603	-128.545491
798	0.018113	75000	-0.050679	-128.596170
799	0.017889	75000	-0.050989	-128.647159
800	0.017666	75000	-0.051752	-128.698911
801	0.017445	75000	-0.051620	-128.750531
802	0.017225	75000	-0.051310	-128.801841
803	0.017007	75000	-0.051918	-128.853759
804	0.016791	75000	-0.051829	-128.905588
805	0.016577	75000	-0.052972	-128.958561
806	0.016364	75000	-0.053485	-129.012046
807	0.016153	75000	-0.052775	-129.064821
808	0.015943	75000	-0.057200	-129.122022
809	0.015736	75000	-0.055244	-129.177265
810	0.015529	75000	-0.053772	-129.231038
811	0.015325	75000	-0.054441	-129.285479
812	0.015122	75000	-0.054918	-129.340397
813	0.014920	75000	-0.054819	-129.395216
814	0.014721	75000	-0.055703	-129.450919
815	0.014523	75000	-0.055860	-129.506778
816	0.014326	75000	-0.054493	-129.561271
817	0.014131	75000	-0.056511	-129.617782
818	0.013938	75000	-0.057368	-129.675150
819	0.013746	75000	-0.056406	-129.731556
820	0.013556	75000	-0.057497	-129.789053
821	0.013367	75000	-0.058870	-129.847923
822	0.013181	75000	-0.056951	-129.904874
823	0.012995	75000	-0.060050	-129.964924
824	0.012811	75000	-0.064281	-130.029205
825	0.012629	75000	-0.062968	-130.092172
826	0.012448	75000	-0.064204	-130.156377
827	0.012269	75000	-0.063518	-130.219894
828	0.012092	75000	-0.065804	-130.285698
829	0.011916	75000	-0.063984	-130.349681
830	0.011741	75000	-0.064428	-130.414110
831	0.011568	75000	-0.066930	-130.481040
832	0.011397	75000	-0.069204	-130.550244
833	0.011227	75000	-0.067251	-130.617495
834	0.011059	75000	-0.070355	-130.687850
835	0.010892	75000	-0.071890	-130.759740
836	0.010727	75000	-0.070794	-130.830534
837	0.010563	75000	-0.074928	-130.905462
838	0.010401	75000	-0.075075	-130.980537
839	0.010240	75000	-0.076779	-131.057315
840	0.010081	75000	-0.081974	-131.139289
841	0.009923	75000	-0.077329	-131.216618
842	0.009767	75000	-0.080296	-131.296914
843	0.009612	75000	-0.083614	-131.380528
844	0.009459	75000	-0.083849	-131.464378
845	0.009307	75000	-0.085053	-131.549431
846	0.009156	75000	-0.086239	-131.635670
847	0.009008	75000	-0.090015	-131.725685
848	0.008860	75000	-0.088579	-131.814264
849	0.008714	75000	-0.089594	-131.903858
850	0.008570	75000	-0.089264	-131.993123
851	0.008427	75000	-0.095224	-132.088347
852	0.008285	75000	-0.090155	-132.178502
853	0.008145	75000	-0.093351	-132.271853
854	0.008006	75000	-0.096538	-132.368391
855	0.007869	75000	-0.097355	-132.465745
856	0.007733	75000	-0.097341	-132.563086
857	0.007598	75000	-0.101024	-132.664110
858	0.007465	75000	-0.100177	-132.764287
859	0.007334	75000	-0.097540	-132.861828
860	0.007203	75000	-0.102544	-132.964372
861	0.007075	75000	-0.101674	-133.066046
862	0.006947	75000	-0.102436	-133.168482
863	0.006821	75000	-0.102012	-133.270494
864	0.006696	75000	-0.104063	-133.374557
865	0.006573	75000	-0.102442	-133.476999
866	0.006451	75000	-0.103231	-133.580230
867	0.006330	75000	-0.102529	-133.682759
868	0.006211	75000	-0.103483	-133.786242
869	0.006093	75000	-0.102093	-133.888335
870	0.005977	75000	-0.101061	-133.989396
871	0.005862	75000	-0.103085	-134.092481
872	0.005748	75000	-0.101227	-134.193709
873	0.005635	75000	-0.102811	-134.296520
874	0.005524	75000	-0.101393	-134.397913
875	0.005414	75000	-0.101356	-134.499269
876	0.005306	75000	-0.102159	-134.601428
877	0.005199	75000	-0.101818	-134.703246
878	0.005093	75000	-0.100169	-134.803414
879	0.004988	75000	-0.099629	-134.903043
880	0.004885	75000	-0.099061	-135.002105
881	0.004783	75000	-0.099054	-135.101158
882	0.004682	75000	-0.097310	-135.198469
883	0.004583	75000	-0.096473	-135.294941
884	0.004485	75000	-0.098149	-135.393090
885	0.004388	75000	-0.096239	-135.489330
886	0.004292	75000	-0.094804	-135.584134
887	0.004198	75000	-0.095029	-135.679163
888	0.004105	75000	-0.092362	-135.771525
889	0.004013	75000	-0.092175	-135.863700
890	0.003923	75000	-0.092113	-135.955813
891	0.003833	75000	-0.091207	-136.047020
892	0.003745	75000	-0.090205	-136.137225
893	0.003658	75000	-0.088847	-136.226072
894	0.003573	75000	-0.087840	-136.313912
895	0.003488	75000	-0.087229	-136.401141
896	0.003405	75000	-0.085871	-136.487011
897	0.003323	75000	-0.085082	-136.572093
898	0.003242	75000	-0.083905	-136.655999
899	0.003162	75000	-0.083523	-136.739521
900	0.003084	75000	-0.082445	-136.821966
901	0.003007	75000	-0.081508	-136.903474
902	0.002930	75000	-0.080359	-136.983832
903	0.002855	75000	-0.079091	-137.062923
904	0.002782	75000	-0.078273	-137.141196
905	0.002709	75000	-0.077189	-137.218385
906	0.002638	75000	-0.076160	-137.294545
907	0.002567	75000	-0.074946	-137.369491
908	0.002498	75000	-0.073985	-137.443476
909	0.002430	75000	-0.073228	-137.516704
910	0.002363	75000	-0.071952	-137.588657
911	0.002297	75000	-0.070907	-137.659563
912	0.002233	75000	-0.070126	-137.729689
913	0.002169	75000	-0.068811	-137.798500
914	0.002106	75000	-0.067767	-137.866267
915	0.002045	75000	-0.066631	-137.932898
916	0.001985	75000	-0.064997	-137.997895
917	0.001925	75000	-0.064260	-138.062155
918	0.001867	75000	-0.063567	-138.125722
919	0.001810	75000	-0.062296	-138.188018
920	0.001754	75000	-0.061288	-138.249306
921	0.001699	75000	-0.060085	-138.309391
922	0.001645	75000	-0.059088	-138.368479
923	0.001592	75000	-0.057753	-138.426232
924	0.001540	75000	-0.056771	-138.483002
925	0.001490	75000	-0.055859	-138.538861
926	0.001440	75000	-0.054946	-138.593807
927	0.001391	75000	-0.053793	-138.647600
928	0.001343	75000	-0.052551	-138.700151
929	0.001296	75000	-0.051661	-138.751813
930	0.001251	75000	-0.050718	-138.802531
931	0.001206	75000	-0.049489	-138.852020
932	0.001162	75000	-0.048476	-138.900496
933	0.001119	75000	-0.047435	-138.947931
934	0.001077	75000	-0.046321	-138.994252
935	0.001036	75000	-0.045479	-139.039731
936	0.000996	75000	-0.044376	-139.084107
937	0.000957	75000	-0.043383	-139.127490
938	0.000919	75000	-0.042377	-139.169867
939	0.000882	75000	-0.041565	-139.211432
940	0.000846	75000	-0.040403	-139.251834
941	0.000810	75000	-0.039488	-139.291322
942	0.000776	75000	-0.038412	-139.329734
943	0.000742	75000	-0.037403	-139.367137
944	0.000709	75000	-0.036519	-139.403656
945	0.000678	75000	-0.035460	-139.439116
946	0.000647	75000	-0.034592	-139.473708
947	0.000617	75000	-0.033642	-139.507350
948	0.000587	75000	-0.032721	-139.540071
949	0.000559	75000	-0.031835	-139.571906
950	0.000531	75000	-0.030885	-139.602791
951	0.000505	75000	-0.029913	-139.632704
952	0.000479	75000	-0.029002	-139.661706
953	0.000454	75000	-0.028173	-139.689879
954	0.000430	75000	-0.027234	-139.717113
955	0.000406	75000	-0.026274	-139.743387
956	0.000383	75000	-0.025403	-139.768790
957	0.000362	75000	-0.024588	-139.793378
958	0.000340	75000	-0.023720	-139.817099
959	0.000320	75000	-0.022911	-139.840010
960	0.000300	75000	-0.022074	-139.862084
961	0.000281	75000	-0.021258	-139.883342
962	0.000263	75000	-0.020443	-139.903785
963	0.000246	75000	-0.019652	-139.923437
964	0.000229	75000	-0.018842	-139.942279
965	0.000213	75000	-0.017991	-139.960271
966	0.000198	75000	-0.017236	-139.977507
967	0.000183	75000	-0.016481	-139.993988
968	0.000169	75000	-0.015806	-140.009794
969	0.000156	75000	-0.014995	-140.024789
970	0.000143	75000	-0.014267	-140.039056
971	0.000131	75000	-0.013559	-140.052615
972	0.000120	75000	-0.012827	-140.065442
973	0.000109	75000	-0.012159	-140.077601
974	0.000099	75000	-0.011489	-140.089090
975	0.000089	75000	-0.010803	-140.099893
976	0.000080	75000	-0.010191	-140.110084
977	0.000072	75000	-0.009519	-140.119603
978	0.000064	75000	-0.008886	-140.128489
979	0.000057	75000	-0.008274	-140.136763
980	0.000050	75000	-0.007724	-140.144487
981	0.000043	75000	-0.007109	-140.151596
982	0.000038	75000	-0.006541	-140.158137
983	0.000032	75000	-0.005976	-140.164113
984	0.000028	75000	-0.005444	-140.169557
985	0.000023	75000	-0.004938	-140.174495
986	0.000019	75000	-0.004436	-140.178930
987	0.000016	75000	-0.003950	-140.182880
988	0.000013	75000	-0.003493	-140.186373
989	0.000010	75000	-0.003038	-140.189411
990	0.000008	75000	-0.002615	-140.192026
991	0.000006	75000	-0.002212	-140.194239
992	0.000004	75000	-0.001835	-140.196074
993	0.000003	75000	-0.001482	-140.197556
994	0.000002	75000	-0.001155	-140.198711
995	0.000001	75000	-0.000856	-140.199567
996	0.000000	75000	-0.000586	-140.200153
997	0.000000	75000	-0.000355	-140.200508
998	0.000000	75000	-0.000166	-140.200674
999	0.000000	75000	-0.000036	-140.200710
Log marginal likelihood:	-140.200710
