Steppingstone sampler:
        No Stones:                  1000
        Start It:                   10000001
        It Per Stone:               100000
        Sample Freq:                1
        Dist:                       Beta(0.400000,1.000000)
Stone No	Power	N	Stone MLh	Running MLh
0	0.997502	75000	-0.320494	-0.320494
1	0.995007	75000	-0.320033	-0.640527
2	0.992517	75000	-0.319582	-0.960109
3	0.990030	75000	-0.319054	-1.279163
4	0.987547	75000	-0.318664	-1.597827
5	0.985067	75000	-0.318151	-1.915978
6	0.982592	75000	-0.317645	-2.233624
7	0.980120	75000	-0.317211	-2.550835
8	0.977652	75000	-0.316721	-2.867556
9	0.975187	75000	-0.316252	-3.183808
10	0.972726	75000	-0.315845	-3.499652
11	0.970269	75000	-0.315342	-3.814994
12	0.967816	75000	-0.314826	-4.129819
13	0.965367	75000	-0.314374	-4.444193
14	0.962921	75000	-0.313880	-4.758074
15	0.960479	75000	-0.313435	-5.071509
16	0.958040	75000	-0.312968	-5.384476
17	0.955606	75000	-0.312542	-5.697018
18	0.953175	75000	-0.312028	-6.009047
19	0.950747	75000	-0.311574	-6.320620
20	0.948324	75000	-0.311092	-6.631712
21	0.945904	75000	-0.310607	-6.942320
22	0.943488	75000	-0.310095	-7.252415
23	0.941076	75000	-0.309595	-7.562010
24	0.938667	75000	-0.309241	-7.871250
25	0.936262	75000	-0.308734	-8.179984
26	0.933861	75000	-0.308239	-8.488223
27	0.931463	75000	-0.307821	-8.796045
28	0.929069	75000	-0.307327	-9.103371
29	0.926679	75000	-0.306813	-9.410184
30	0.924293	75000	-0.306432	-9.716616
31	0.921910	75000	-0.305974	-10.022590
32	0.919531	75000	-0.305427	-10.328017
33	0.917155	75000	-0.304964	-10.632981
34	0.914783	75000	-0.304491	-10.937472
35	0.912415	75000	-0.304062	-11.241534
36	0.910051	75000	-0.303586	-11.545120
37	0.907690	75000	-0.303125	-11.848245
38	0.905333	75000	-0.302707	-12.150952
39	0.902980	75000	-0.302224	-12.453176
40	0.900630	75000	-0.301710	-12.754886
41	0.898284	75000	-0.301267	-13.056153
42	0.895942	75000	-0.300756	-13.356909
43	0.893603	75000	-0.300377	-13.657286
44	0.891268	75000	-0.299904	-13.957189
45	0.888937	75000	-0.299345	-14.256535
46	0.886609	75000	-0.298931	-14.555465
47	0.884285	75000	-0.298443	-14.853909
48	0.881965	75000	-0.297959	-15.151868
49	0.879648	75000	-0.297544	-15.449412
50	0.877335	75000	-0.297083	-15.746495
51	0.875026	75000	-0.296609	-16.043104
52	0.872720	75000	-0.296153	-16.339258
53	0.870418	75000	-0.295790	-16.635047
54	0.868120	75000	-0.295202	-16.930249
55	0.865825	75000	-0.294777	-17.225026
56	0.863534	75000	-0.294319	-17.519346
57	0.861246	75000	-0.293855	-17.813200
58	0.858962	75000	-0.293432	-18.106632
59	0.856682	75000	-0.292980	-18.399613
60	0.854405	75000	-0.292512	-18.692124
61	0.852132	75000	-0.292026	-18.984150
62	0.849863	75000	-0.291491	-19.275641
63	0.847597	75000	-0.291102	-19.566743
64	0.845335	75000	-0.290643	-19.857386
65	0.843077	75000	-0.290226	-20.147612
66	0.840822	75000	-0.289725	-20.437337
67	0.838571	75000	-0.289232	-20.726569
68	0.836323	75000	-0.288775	-21.015344
69	0.834079	75000	-0.288334	-21.303677
70	0.831839	75000	-0.287926	-21.591604
71	0.829602	75000	-0.287417	-21.879021
72	0.827369	75000	-0.286958	-22.165979
73	0.825140	75000	-0.286547	-22.452526
74	0.822914	75000	-0.286041	-22.738568
75	0.820691	75000	-0.285622	-23.024190
76	0.818473	75000	-0.285159	-23.309349
77	0.816258	75000	-0.284685	-23.594033
78	0.814046	75000	-0.284266	-23.878299
79	0.811838	75000	-0.283799	-24.162098
80	0.809634	75000	-0.283390	-24.445488
81	0.807433	75000	-0.282864	-24.728353
82	0.805236	75000	-0.282406	-25.010758
83	0.803043	75000	-0.281920	-25.292678
84	0.800853	75000	-0.281543	-25.574221
85	0.798667	75000	-0.281058	-25.855279
86	0.796484	75000	-0.280660	-26.135939
87	0.794305	75000	-0.280114	-26.416053
88	0.792129	75000	-0.279712	-26.695764
89	0.789957	75000	-0.279281	-26.975045
90	0.787789	75000	-0.278800	-27.253845
91	0.785624	75000	-0.278317	-27.532162
92	0.783463	75000	-0.277879	-27.810041
93	0.781305	75000	-0.277445	-28.087486
94	0.779151	75000	-0.276995	-28.364481
95	0.777000	75000	-0.276551	-28.641032
96	0.774853	75000	-0.276053	-28.917085
97	0.772710	75000	-0.275648	-29.192733
98	0.770570	75000	-0.275200	-29.467932
99	0.768433	75000	-0.274761	-29.742693
100	0.766301	75000	-0.274298	-30.016991
101	0.764172	75000	-0.273875	-30.290866
102	0.762046	75000	-0.273412	-30.564278
103	0.759924	75000	-0.272996	-30.837274
104	0.757805	75000	-0.272516	-31.109790
105	0.755690	75000	-0.272040	-31.381830
106	0.753579	75000	-0.271509	-31.653338
107	0.751471	75000	-0.271176	-31.924515
108	0.749366	75000	-0.270658	-32.195173
109	0.747266	75000	-0.270240	-32.465413
110	0.745168	75000	-0.269829	-32.735242
111	0.743075	75000	-0.269364	-33.004605
112	0.740984	75000	-0.268875	-33.273481
113	0.738898	75000	-0.268465	-33.541946
114	0.736815	75000	-0.268034	-33.809981
115	0.734735	75000	-0.267558	-34.077538
116	0.732659	75000	-0.267192	-34.344730
117	0.730586	75000	-0.266695	-34.611425
118	0.728517	75000	-0.266205	-34.877630
119	0.726452	75000	-0.265771	-35.143401
120	0.724390	75000	-0.265303	-35.408704
121	0.722331	75000	-0.264926	-35.673630
122	0.720276	75000	-0.264443	-35.938073
123	0.718225	75000	-0.263974	-36.202047
124	0.716177	75000	-0.263566	-36.465613
125	0.714132	75000	-0.263245	-36.728858
126	0.712091	75000	-0.262640	-36.991498
127	0.710054	75000	-0.262260	-37.253758
128	0.708020	75000	-0.261851	-37.515609
129	0.705989	75000	-0.261359	-37.776967
130	0.703962	75000	-0.260869	-38.037836
131	0.701939	75000	-0.260492	-38.298328
132	0.699919	75000	-0.260039	-38.558368
133	0.697902	75000	-0.259609	-38.817976
134	0.695889	75000	-0.259088	-39.077065
135	0.693880	75000	-0.258744	-39.335809
136	0.691874	75000	-0.258234	-39.594043
137	0.689871	75000	-0.257847	-39.851890
138	0.687872	75000	-0.257418	-40.109307
139	0.685877	75000	-0.257003	-40.366311
140	0.683885	75000	-0.256592	-40.622903
141	0.681896	75000	-0.256066	-40.878968
142	0.679911	75000	-0.255611	-41.134579
143	0.677929	75000	-0.255180	-41.389759
144	0.675951	75000	-0.254776	-41.644534
145	0.673976	75000	-0.254416	-41.898950
146	0.672005	75000	-0.253898	-42.152848
147	0.670037	75000	-0.253473	-42.406321
148	0.668073	75000	-0.253012	-42.659334
149	0.666112	75000	-0.252570	-42.911904
150	0.664155	75000	-0.252125	-43.164029
151	0.662201	75000	-0.251736	-43.415765
152	0.660250	75000	-0.251265	-43.667031
153	0.658303	75000	-0.250822	-43.917853
154	0.656359	75000	-0.250331	-44.168183
155	0.654419	75000	-0.249888	-44.418072
156	0.652483	75000	-0.249579	-44.667650
157	0.650549	75000	-0.249062	-44.916712
158	0.648619	75000	-0.248688	-45.165400
159	0.646693	75000	-0.248264	-45.413664
160	0.644770	75000	-0.247715	-45.661379
161	0.642851	75000	-0.247347	-45.908726
162	0.640934	75000	-0.246912	-46.155638
163	0.639022	75000	-0.246464	-46.402102
164	0.637113	75000	-0.246061	-46.648163
165	0.635207	75000	-0.245592	-46.893755
166	0.633304	75000	-0.245170	-47.138926
167	0.631405	75000	-0.244748	-47.383673
168	0.629510	75000	-0.244323	-47.627997
169	0.627618	75000	-0.243926	-47.871922
170	0.625729	75000	-0.243473	-48.115395
171	0.623844	75000	-0.243063	-48.358459
172	0.621962	75000	-0.242595	-48.601054
173	0.620083	75000	-0.242124	-48.843178
174	0.618208	75000	-0.241844	-49.085023
175	0.616337	75000	-0.241313	-49.326336
176	0.614468	75000	-0.240965	-49.567301
177	0.612604	75000	-0.240425	-49.807726
178	0.610742	75000	-0.239993	-50.047719
179	0.608884	75000	-0.239475	-50.287195
180	0.607029	75000	-0.239230	-50.526425
181	0.605178	75000	-0.238775	-50.765200
182	0.603330	75000	-0.238395	-51.003595
183	0.601486	75000	-0.237872	-51.241466
184	0.599645	75000	-0.237416	-51.478882
185	0.597807	75000	-0.236944	-51.715826
186	0.595973	75000	-0.236524	-51.952350
187	0.594142	75000	-0.236211	-52.188562
188	0.592314	75000	-0.235748	-52.424310
189	0.590490	75000	-0.235270	-52.659580
190	0.588669	75000	-0.234828	-52.894409
191	0.586852	75000	-0.234460	-53.128868
192	0.585038	75000	-0.233973	-53.362841
193	0.583227	75000	-0.233671	-53.596512
194	0.581420	75000	-0.233165	-53.829677
195	0.579616	75000	-0.232734	-54.062411
196	0.577815	75000	-0.232285	-54.294696
197	0.576018	75000	-0.231955	-54.526652
198	0.574224	75000	-0.231549	-54.758201
199	0.572433	75000	-0.231078	-54.989279
200	0.570646	75000	-0.230667	-55.219945
201	0.568862	75000	-0.230219	-55.450164
202	0.567082	75000	-0.229850	-55.680014
203	0.565305	75000	-0.229360	-55.909373
204	0.563531	75000	-0.228903	-56.138276
205	0.561761	75000	-0.228531	-56.366808
206	0.559993	75000	-0.228120	-56.594927
207	0.558230	75000	-0.227700	-56.822627
208	0.556469	75000	-0.227253	-57.049880
209	0.554712	75000	-0.226825	-57.276706
210	0.552958	75000	-0.226454	-57.503160
211	0.551208	75000	-0.226018	-57.729177
212	0.549461	75000	-0.225572	-57.954750
213	0.547717	75000	-0.225239	-58.179989
214	0.545977	75000	-0.224702	-58.404692
215	0.544240	75000	-0.224325	-58.629017
216	0.542506	75000	-0.224003	-58.853020
217	0.540775	75000	-0.223520	-59.076540
218	0.539048	75000	-0.223142	-59.299682
219	0.537324	75000	-0.222674	-59.522355
220	0.535604	75000	-0.222339	-59.744695
221	0.533887	75000	-0.221875	-59.966569
222	0.532173	75000	-0.221411	-60.187980
223	0.530462	75000	-0.220974	-60.408955
224	0.528755	75000	-0.220607	-60.629561
225	0.527051	75000	-0.220151	-60.849713
226	0.525350	75000	-0.219734	-61.069446
227	0.523653	75000	-0.219321	-61.288767
228	0.521958	75000	-0.219038	-61.507805
229	0.520268	75000	-0.218573	-61.726378
230	0.518580	75000	-0.218073	-61.944452
231	0.516896	75000	-0.217716	-62.162168
232	0.515215	75000	-0.217272	-62.379440
233	0.513537	75000	-0.216876	-62.596316
234	0.511863	75000	-0.216401	-62.812718
235	0.510192	75000	-0.216020	-63.028737
236	0.508524	75000	-0.215560	-63.244298
237	0.506859	75000	-0.215157	-63.459455
238	0.505198	75000	-0.214760	-63.674215
239	0.503540	75000	-0.214423	-63.888638
240	0.501885	75000	-0.213946	-64.102584
241	0.500234	75000	-0.213511	-64.316094
242	0.498586	75000	-0.213109	-64.529203
243	0.496941	75000	-0.212710	-64.741913
244	0.495299	75000	-0.212312	-64.954225
245	0.493660	75000	-0.211926	-65.166151
246	0.492025	75000	-0.211508	-65.377659
247	0.490393	75000	-0.211139	-65.588798
248	0.488765	75000	-0.210699	-65.799497
249	0.487139	75000	-0.210294	-66.009791
250	0.485517	75000	-0.209930	-66.219721
251	0.483898	75000	-0.209488	-66.429209
252	0.482283	75000	-0.209023	-66.638231
253	0.480670	75000	-0.208609	-66.846840
254	0.479061	75000	-0.208232	-67.055073
255	0.477455	75000	-0.207925	-67.262998
256	0.475852	75000	-0.207463	-67.470461
257	0.474253	75000	-0.207029	-67.677490
258	0.472656	75000	-0.206634	-67.884123
259	0.471063	75000	-0.206264	-68.090388
260	0.469474	75000	-0.205843	-68.296231
261	0.467887	75000	-0.205415	-68.501646
262	0.466304	75000	-0.205015	-68.706662
263	0.464723	75000	-0.204580	-68.911242
264	0.463146	75000	-0.204234	-69.115475
265	0.461573	75000	-0.203806	-69.319281
266	0.460002	75000	-0.203374	-69.522656
267	0.458435	75000	-0.202924	-69.725580
268	0.456871	75000	-0.202590	-69.928169
269	0.455310	75000	-0.202153	-70.130322
270	0.453752	75000	-0.201753	-70.332076
271	0.452198	75000	-0.201325	-70.533401
272	0.450647	75000	-0.200970	-70.734371
273	0.449098	75000	-0.200520	-70.934891
274	0.447554	75000	-0.200191	-71.135082
275	0.446012	75000	-0.199774	-71.334856
276	0.444473	75000	-0.199330	-71.534186
277	0.442938	75000	-0.198952	-71.733138
278	0.441406	75000	-0.198595	-71.931732
279	0.439877	75000	-0.198142	-72.129875
280	0.438351	75000	-0.197752	-72.327626
281	0.436829	75000	-0.197374	-72.525000
282	0.435309	75000	-0.196906	-72.721907
283	0.433793	75000	-0.196499	-72.918406
284	0.432280	75000	-0.196172	-73.114577
285	0.430770	75000	-0.195803	-73.310380
286	0.429263	75000	-0.195400	-73.505781
287	0.427760	75000	-0.195001	-73.700782
288	0.426259	75000	-0.194566	-73.895349
289	0.424762	75000	-0.194163	-74.089512
290	0.423268	75000	-0.193788	-74.283300
291	0.421777	75000	-0.193296	-74.476596
292	0.420289	75000	-0.192884	-74.669480
293	0.418805	75000	-0.192529	-74.862009
294	0.417323	75000	-0.192237	-75.054246
295	0.415845	75000	-0.191775	-75.246021
296	0.414370	75000	-0.191353	-75.437374
297	0.412898	75000	-0.190972	-75.628346
298	0.411429	75000	-0.190522	-75.818868
299	0.409963	75000	-0.190224	-76.009092
300	0.408501	75000	-0.189818	-76.198910
301	0.407041	75000	-0.189380	-76.388290
302	0.405585	75000	-0.189027	-76.577317
303	0.404132	75000	-0.188720	-76.766037
304	0.402682	75000	-0.188198	-76.954235
305	0.401235	75000	-0.187863	-77.142099
306	0.399791	75000	-0.187486	-77.329584
307	0.398350	75000	-0.187100	-77.516684
308	0.396913	75000	-0.186713	-77.703397
309	0.395478	75000	-0.186243	-77.889640
310	0.394047	75000	-0.185879	-78.075519
311	0.392619	75000	-0.185423	-78.260942
312	0.391194	75000	-0.185160	-78.446102
313	0.389772	75000	-0.184698	-78.630801
314	0.388353	75000	-0.184264	-78.815065
315	0.386937	75000	-0.183854	-78.998919
316	0.385524	75000	-0.183533	-79.182452
317	0.384115	75000	-0.183236	-79.365688
318	0.382708	75000	-0.182775	-79.548463
319	0.381305	75000	-0.182346	-79.730809
320	0.379904	75000	-0.181955	-79.912765
321	0.378507	75000	-0.181558	-80.094323
322	0.377113	75000	-0.181203	-80.275526
323	0.375722	75000	-0.180755	-80.456281
324	0.374334	75000	-0.180369	-80.636651
325	0.372949	75000	-0.180067	-80.816718
326	0.371567	75000	-0.179597	-80.996315
327	0.370189	75000	-0.179332	-81.175647
328	0.368813	75000	-0.178913	-81.354560
329	0.367440	75000	-0.178494	-81.533055
330	0.366071	75000	-0.178079	-81.711133
331	0.364705	75000	-0.177738	-81.888871
332	0.363341	75000	-0.177377	-82.066248
333	0.361981	75000	-0.177003	-82.243251
334	0.360624	75000	-0.176608	-82.419858
335	0.359269	75000	-0.176349	-82.596207
336	0.357918	75000	-0.175804	-82.772012
337	0.356570	75000	-0.175497	-82.947508
338	0.355225	75000	-0.174989	-83.122498
339	0.353883	75000	-0.174714	-83.297212
340	0.352544	75000	-0.174305	-83.471517
341	0.351208	75000	-0.173956	-83.645472
342	0.349875	75000	-0.173512	-83.818984
343	0.348546	75000	-0.173166	-83.992150
344	0.347219	75000	-0.172807	-84.164957
345	0.345895	75000	-0.172414	-84.337371
346	0.344574	75000	-0.172096	-84.509467
347	0.343257	75000	-0.171563	-84.681031
348	0.341942	75000	-0.171164	-84.852195
349	0.340630	75000	-0.170917	-85.023112
350	0.339322	75000	-0.170543	-85.193655
351	0.338016	75000	-0.170178	-85.363833
352	0.336714	75000	-0.169828	-85.533661
353	0.335414	75000	-0.169295	-85.702957
354	0.334118	75000	-0.168948	-85.871905
355	0.332824	75000	-0.168615	-86.040519
356	0.331534	75000	-0.168227	-86.208747
357	0.330246	75000	-0.167810	-86.376556
358	0.328962	75000	-0.167451	-86.544007
359	0.327680	75000	-0.167106	-86.711113
360	0.326401	75000	-0.166721	-86.877835
361	0.325126	75000	-0.166363	-87.044198
362	0.323853	75000	-0.166020	-87.210218
363	0.322584	75000	-0.165573	-87.375791
364	0.321317	75000	-0.165245	-87.541036
365	0.320054	75000	-0.164884	-87.705920
366	0.318793	75000	-0.164466	-87.870386
367	0.317536	75000	-0.164037	-88.034423
368	0.316281	75000	-0.163746	-88.198168
369	0.315030	75000	-0.163377	-88.361546
370	0.313781	75000	-0.162992	-88.524537
371	0.312535	75000	-0.162641	-88.687179
372	0.311293	75000	-0.162296	-88.849475
373	0.310053	75000	-0.161944	-89.011419
374	0.308816	75000	-0.161515	-89.172934
375	0.307582	75000	-0.161104	-89.334038
376	0.306352	75000	-0.160658	-89.494696
377	0.305124	75000	-0.160450	-89.655146
378	0.303899	75000	-0.159951	-89.815097
379	0.302677	75000	-0.159617	-89.974714
380	0.301458	75000	-0.159239	-90.133953
381	0.300242	75000	-0.158994	-90.292947
382	0.299029	75000	-0.158568	-90.451515
383	0.297819	75000	-0.158146	-90.609661
384	0.296611	75000	-0.157786	-90.767447
385	0.295407	75000	-0.157436	-90.924883
386	0.294206	75000	-0.157155	-91.082038
387	0.293007	75000	-0.156773	-91.238811
388	0.291812	75000	-0.156348	-91.395159
389	0.290619	75000	-0.156036	-91.551195
390	0.289430	75000	-0.155588	-91.706783
391	0.288243	75000	-0.155212	-91.861996
392	0.287059	75000	-0.154788	-92.016784
393	0.285879	75000	-0.154516	-92.171300
394	0.284701	75000	-0.154199	-92.325498
395	0.283526	75000	-0.153792	-92.479290
396	0.282354	75000	-0.153452	-92.632742
397	0.281184	75000	-0.152993	-92.785734
398	0.280018	75000	-0.152681	-92.938416
399	0.278855	75000	-0.152319	-93.090735
400	0.277694	75000	-0.151910	-93.242644
401	0.276537	75000	-0.151685	-93.394330
402	0.275382	75000	-0.151185	-93.545515
403	0.274230	75000	-0.150878	-93.696392
404	0.273082	75000	-0.150445	-93.846838
405	0.271936	75000	-0.150176	-93.997014
406	0.270793	75000	-0.149749	-94.146763
407	0.269652	75000	-0.149436	-94.296199
408	0.268515	75000	-0.149102	-94.445301
409	0.267381	75000	-0.148759	-94.594060
410	0.266249	75000	-0.148355	-94.742415
411	0.265121	75000	-0.148041	-94.890456
412	0.263995	75000	-0.147567	-95.038023
413	0.262872	75000	-0.147201	-95.185224
414	0.261752	75000	-0.146955	-95.332180
415	0.260635	75000	-0.146523	-95.478702
416	0.259520	75000	-0.146169	-95.624871
417	0.258409	75000	-0.145871	-95.770742
418	0.257300	75000	-0.145676	-95.916418
419	0.256195	75000	-0.145242	-96.061660
420	0.255092	75000	-0.144867	-96.206527
421	0.253992	75000	-0.144469	-96.350996
422	0.252895	75000	-0.144026	-96.495021
423	0.251800	75000	-0.143613	-96.638634
424	0.250709	75000	-0.143379	-96.782013
425	0.249620	75000	-0.143024	-96.925037
426	0.248534	75000	-0.142682	-97.067719
427	0.247451	75000	-0.142316	-97.210035
428	0.246371	75000	-0.142026	-97.352061
429	0.245294	75000	-0.141658	-97.493719
430	0.244220	75000	-0.141212	-97.634930
431	0.243148	75000	-0.140859	-97.775790
432	0.242079	75000	-0.140484	-97.916274
433	0.241013	75000	-0.140115	-98.056390
434	0.239950	75000	-0.139812	-98.196202
435	0.238890	75000	-0.139589	-98.335791
436	0.237832	75000	-0.139234	-98.475025
437	0.236778	75000	-0.138904	-98.613928
438	0.235726	75000	-0.138424	-98.752352
439	0.234677	75000	-0.138159	-98.890512
440	0.233630	75000	-0.137729	-99.028240
441	0.232587	75000	-0.137448	-99.165688
442	0.231546	75000	-0.137121	-99.302810
443	0.230509	75000	-0.136750	-99.439559
444	0.229473	75000	-0.136351	-99.575910
445	0.228441	75000	-0.136125	-99.712035
446	0.227412	75000	-0.135765	-99.847799
447	0.226385	75000	-0.135377	-99.983177
448	0.225361	75000	-0.134948	-100.118124
449	0.224340	75000	-0.134646	-100.252770
450	0.223322	75000	-0.134182	-100.386952
451	0.222306	75000	-0.133964	-100.520916
452	0.221293	75000	-0.133646	-100.654562
453	0.220283	75000	-0.133324	-100.787886
454	0.219276	75000	-0.133029	-100.920915
455	0.218272	75000	-0.132575	-101.053491
456	0.217270	75000	-0.132231	-101.185721
457	0.216271	75000	-0.131988	-101.317709
458	0.215275	75000	-0.131720	-101.449429
459	0.214281	75000	-0.131231	-101.580659
460	0.213291	75000	-0.131019	-101.711679
461	0.212303	75000	-0.130556	-101.842234
462	0.211318	75000	-0.130234	-101.972469
463	0.210335	75000	-0.129954	-102.102423
464	0.209356	75000	-0.129560	-102.231983
465	0.208379	75000	-0.129194	-102.361177
466	0.207404	75000	-0.128826	-102.490002
467	0.206433	75000	-0.128549	-102.618551
468	0.205464	75000	-0.128130	-102.746681
469	0.204498	75000	-0.127844	-102.874525
470	0.203535	75000	-0.127584	-103.002109
471	0.202575	75000	-0.127191	-103.129300
472	0.201617	75000	-0.126933	-103.256233
473	0.200662	75000	-0.126477	-103.382710
474	0.199709	75000	-0.126143	-103.508853
475	0.198760	75000	-0.125632	-103.634485
476	0.197813	75000	-0.125424	-103.759909
477	0.196869	75000	-0.125108	-103.885017
478	0.195927	75000	-0.124692	-104.009710
479	0.194988	75000	-0.124445	-104.134155
480	0.194052	75000	-0.124116	-104.258271
481	0.193119	75000	-0.123797	-104.382068
482	0.192188	75000	-0.123498	-104.505566
483	0.191260	75000	-0.123064	-104.628630
484	0.190335	75000	-0.122857	-104.751488
485	0.189412	75000	-0.122587	-104.874075
486	0.188492	75000	-0.122128	-104.996202
487	0.187575	75000	-0.121890	-105.118092
488	0.186660	75000	-0.121500	-105.239592
489	0.185749	75000	-0.121096	-105.360687
490	0.184839	75000	-0.120805	-105.481492
491	0.183933	75000	-0.120494	-105.601986
492	0.183029	75000	-0.120117	-105.722102
493	0.182128	75000	-0.119886	-105.841988
494	0.181229	75000	-0.119451	-105.961439
495	0.180333	75000	-0.119071	-106.080510
496	0.179440	75000	-0.118832	-106.199342
497	0.178550	75000	-0.118497	-106.317839
498	0.177662	75000	-0.118061	-106.435900
499	0.176777	75000	-0.117815	-106.553715
500	0.175894	75000	-0.117641	-106.671356
501	0.175014	75000	-0.117127	-106.788483
502	0.174137	75000	-0.116871	-106.905354
503	0.173262	75000	-0.116572	-107.021926
504	0.172390	75000	-0.116135	-107.138061
505	0.171521	75000	-0.115918	-107.253978
506	0.170654	75000	-0.115627	-107.369605
507	0.169790	75000	-0.115173	-107.484778
508	0.168929	75000	-0.115015	-107.599793
509	0.168070	75000	-0.114565	-107.714358
510	0.167214	75000	-0.114229	-107.828587
511	0.166360	75000	-0.114041	-107.942628
512	0.165509	75000	-0.113545	-108.056173
513	0.164661	75000	-0.113305	-108.169478
514	0.163815	75000	-0.113008	-108.282486
515	0.162972	75000	-0.112512	-108.394997
516	0.162132	75000	-0.112255	-108.507253
517	0.161294	75000	-0.112102	-108.619355
518	0.160458	75000	-0.111838	-108.731193
519	0.159626	75000	-0.111334	-108.842527
520	0.158796	75000	-0.111181	-108.953708
521	0.157968	75000	-0.110725	-109.064433
522	0.157143	75000	-0.110498	-109.174931
523	0.156321	75000	-0.110176	-109.285107
524	0.155501	75000	-0.109718	-109.394825
525	0.154684	75000	-0.109573	-109.504399
526	0.153870	75000	-0.109186	-109.613585
527	0.153058	75000	-0.108889	-109.722474
528	0.152248	75000	-0.108540	-109.831013
529	0.151441	75000	-0.108264	-109.939278
530	0.150637	75000	-0.107898	-110.047176
531	0.149835	75000	-0.107504	-110.154680
532	0.149036	75000	-0.107191	-110.261871
533	0.148240	75000	-0.106959	-110.368830
534	0.147446	75000	-0.106624	-110.475454
535	0.146654	75000	-0.106347	-110.581802
536	0.145865	75000	-0.105994	-110.687796
537	0.145079	75000	-0.105762	-110.793558
538	0.144295	75000	-0.105444	-110.899003
539	0.143514	75000	-0.104979	-111.003982
540	0.142735	75000	-0.104755	-111.108737
541	0.141959	75000	-0.104602	-111.213339
542	0.141186	75000	-0.104271	-111.317610
543	0.140415	75000	-0.103810	-111.421420
544	0.139646	75000	-0.103513	-111.524933
545	0.138880	75000	-0.103231	-111.628164
546	0.138116	75000	-0.102956	-111.731120
547	0.137356	75000	-0.102632	-111.833752
548	0.136597	75000	-0.102415	-111.936167
549	0.135841	75000	-0.102018	-112.038185
550	0.135088	75000	-0.101637	-112.139822
551	0.134337	75000	-0.101447	-112.241269
552	0.133588	75000	-0.100977	-112.342246
553	0.132843	75000	-0.100805	-112.443051
554	0.132099	75000	-0.100470	-112.543521
555	0.131358	75000	-0.100218	-112.643740
556	0.130620	75000	-0.099915	-112.743655
557	0.129884	75000	-0.099732	-112.843387
558	0.129151	75000	-0.099331	-112.942718
559	0.128420	75000	-0.099042	-113.041759
560	0.127691	75000	-0.098624	-113.140384
561	0.126965	75000	-0.098365	-113.238749
562	0.126242	75000	-0.098132	-113.336881
563	0.125521	75000	-0.097813	-113.434694
564	0.124802	75000	-0.097427	-113.532121
565	0.124086	75000	-0.097278	-113.629399
566	0.123373	75000	-0.096945	-113.726344
567	0.122662	75000	-0.096678	-113.823021
568	0.121953	75000	-0.096203	-113.919225
569	0.121247	75000	-0.096033	-114.015258
570	0.120543	75000	-0.095807	-114.111065
571	0.119842	75000	-0.095419	-114.206484
572	0.119143	75000	-0.095125	-114.301609
573	0.118447	75000	-0.094826	-114.396435
574	0.117753	75000	-0.094419	-114.490854
575	0.117062	75000	-0.094311	-114.585165
576	0.116373	75000	-0.093839	-114.679004
577	0.115686	75000	-0.093534	-114.772538
578	0.115002	75000	-0.093262	-114.865800
579	0.114320	75000	-0.093104	-114.958905
580	0.113641	75000	-0.093008	-115.051912
581	0.112964	75000	-0.092446	-115.144358
582	0.112290	75000	-0.092236	-115.236595
583	0.111618	75000	-0.091891	-115.328486
584	0.110948	75000	-0.091449	-115.419934
585	0.110281	75000	-0.091295	-115.511230
586	0.109616	75000	-0.091028	-115.602257
587	0.108954	75000	-0.090859	-115.693116
588	0.108294	75000	-0.090432	-115.783548
589	0.107637	75000	-0.090126	-115.873674
590	0.106981	75000	-0.089805	-115.963479
591	0.106329	75000	-0.089584	-116.053063
592	0.105678	75000	-0.089049	-116.142113
593	0.105030	75000	-0.089021	-116.231133
594	0.104385	75000	-0.088663	-116.319796
595	0.103742	75000	-0.088429	-116.408225
596	0.103101	75000	-0.088160	-116.496385
597	0.102463	75000	-0.088000	-116.584385
598	0.101827	75000	-0.087595	-116.671979
599	0.101193	75000	-0.087346	-116.759326
600	0.100562	75000	-0.087092	-116.846418
601	0.099933	75000	-0.086701	-116.933119
602	0.099306	75000	-0.086365	-117.019484
603	0.098682	75000	-0.086260	-117.105745
604	0.098060	75000	-0.086015	-117.191759
605	0.097441	75000	-0.085574	-117.277333
606	0.096824	75000	-0.085317	-117.362650
607	0.096209	75000	-0.085066	-117.447716
608	0.095596	75000	-0.084665	-117.532381
609	0.094986	75000	-0.084520	-117.616901
610	0.094379	75000	-0.084259	-117.701160
611	0.093773	75000	-0.084001	-117.785161
612	0.093170	75000	-0.083607	-117.868767
613	0.092570	75000	-0.083597	-117.952364
614	0.091971	75000	-0.083381	-118.035745
615	0.091375	75000	-0.082790	-118.118536
616	0.090781	75000	-0.082446	-118.200982
617	0.090190	75000	-0.082105	-118.283087
618	0.089601	75000	-0.082152	-118.365239
619	0.089014	75000	-0.081856	-118.447096
620	0.088430	75000	-0.081412	-118.528508
621	0.087848	75000	-0.081110	-118.609618
622	0.087268	75000	-0.080789	-118.690406
623	0.086690	75000	-0.080771	-118.771177
624	0.086115	75000	-0.080348	-118.851526
625	0.085542	75000	-0.080178	-118.931704
626	0.084971	75000	-0.079830	-119.011534
627	0.084403	75000	-0.079612	-119.091146
628	0.083837	75000	-0.079209	-119.170354
629	0.083273	75000	-0.079186	-119.249541
630	0.082712	75000	-0.078770	-119.328311
631	0.082152	75000	-0.078474	-119.406785
632	0.081595	75000	-0.078314	-119.485099
633	0.081041	75000	-0.077996	-119.563095
634	0.080488	75000	-0.077700	-119.640796
635	0.079938	75000	-0.077521	-119.718317
636	0.079390	75000	-0.077174	-119.795491
637	0.078845	75000	-0.076945	-119.872437
638	0.078301	75000	-0.076930	-119.949367
639	0.077760	75000	-0.076481	-120.025847
640	0.077221	75000	-0.076028	-120.101875
641	0.076684	75000	-0.075692	-120.177567
642	0.076150	75000	-0.075406	-120.252973
643	0.075618	75000	-0.075479	-120.328452
644	0.075088	75000	-0.075079	-120.403531
645	0.074560	75000	-0.074870	-120.478401
646	0.074035	75000	-0.074634	-120.553036
647	0.073512	75000	-0.074369	-120.627404
648	0.072991	75000	-0.073909	-120.701313
649	0.072472	75000	-0.073893	-120.775206
650	0.071955	75000	-0.073736	-120.848942
651	0.071441	75000	-0.073282	-120.922225
652	0.070929	75000	-0.073023	-120.995247
653	0.070419	75000	-0.072724	-121.067971
654	0.069911	75000	-0.072413	-121.140384
655	0.069406	75000	-0.072402	-121.212786
656	0.068903	75000	-0.071917	-121.284703
657	0.068401	75000	-0.071683	-121.356385
658	0.067903	75000	-0.071724	-121.428110
659	0.067406	75000	-0.071330	-121.499440
660	0.066911	75000	-0.071137	-121.570577
661	0.066419	75000	-0.070852	-121.641429
662	0.065929	75000	-0.070612	-121.712041
663	0.065441	75000	-0.070135	-121.782175
664	0.064955	75000	-0.069983	-121.852158
665	0.064471	75000	-0.069890	-121.922048
666	0.063990	75000	-0.069528	-121.991576
667	0.063510	75000	-0.069246	-122.060822
668	0.063033	75000	-0.069141	-122.129963
669	0.062558	75000	-0.068967	-122.198930
670	0.062085	75000	-0.068595	-122.267525
671	0.061615	75000	-0.068333	-122.335858
672	0.061146	75000	-0.068189	-122.404047
673	0.060680	75000	-0.067869	-122.471915
674	0.060216	75000	-0.067552	-122.539468
675	0.059753	75000	-0.067194	-122.606662
676	0.059293	75000	-0.067121	-122.673782
677	0.058836	75000	-0.066815	-122.740597
678	0.058380	75000	-0.066711	-122.807308
679	0.057926	75000	-0.066592	-122.873900
680	0.057475	75000	-0.065972	-122.939872
681	0.057025	75000	-0.065974	-123.005845
682	0.056578	75000	-0.065952	-123.071797
683	0.056133	75000	-0.065809	-123.137606
684	0.055690	75000	-0.065255	-123.202861
685	0.055249	75000	-0.065204	-123.268064
686	0.054810	75000	-0.065114	-123.333178
687	0.054373	75000	-0.064853	-123.398031
688	0.053939	75000	-0.064450	-123.462481
689	0.053506	75000	-0.063813	-123.526293
690	0.053076	75000	-0.063855	-123.590148
691	0.052647	75000	-0.063602	-123.653750
692	0.052221	75000	-0.063386	-123.717136
693	0.051797	75000	-0.063430	-123.780566
694	0.051375	75000	-0.062821	-123.843387
695	0.050955	75000	-0.062609	-123.905996
696	0.050537	75000	-0.062691	-123.968687
697	0.050121	75000	-0.062217	-124.030904
698	0.049707	75000	-0.062292	-124.093196
699	0.049295	75000	-0.061902	-124.155098
700	0.048885	75000	-0.061719	-124.216817
701	0.048478	75000	-0.061396	-124.278213
702	0.048072	75000	-0.061409	-124.339623
703	0.047668	75000	-0.061210	-124.400833
704	0.047267	75000	-0.060999	-124.461831
705	0.046867	75000	-0.060598	-124.522430
706	0.046470	75000	-0.060129	-124.582559
707	0.046074	75000	-0.060249	-124.642808
708	0.045681	75000	-0.059845	-124.702652
709	0.045289	75000	-0.059502	-124.762155
710	0.044900	75000	-0.059460	-124.821615
711	0.044512	75000	-0.059243	-124.880858
712	0.044127	75000	-0.059310	-124.940169
713	0.043744	75000	-0.058819	-124.998987
714	0.043362	75000	-0.058628	-125.057615
715	0.042983	75000	-0.058325	-125.115940
716	0.042606	75000	-0.058371	-125.174311
717	0.042230	75000	-0.058045	-125.232357
718	0.041857	75000	-0.057838	-125.290194
719	0.041485	75000	-0.057760	-125.347955
720	0.041116	75000	-0.057367	-125.405322
721	0.040749	75000	-0.056767	-125.462088
722	0.040383	75000	-0.057287	-125.519376
723	0.040020	75000	-0.057020	-125.576396
724	0.039658	75000	-0.056649	-125.633045
725	0.039299	75000	-0.056597	-125.689642
726	0.038941	75000	-0.056074	-125.745715
727	0.038585	75000	-0.056340	-125.802056
728	0.038232	75000	-0.056148	-125.858203
729	0.037880	75000	-0.055519	-125.913722
730	0.037530	75000	-0.055490	-125.969212
731	0.037182	75000	-0.055092	-126.024304
732	0.036836	75000	-0.055209	-126.079513
733	0.036493	75000	-0.054866	-126.134379
734	0.036151	75000	-0.054962	-126.189341
735	0.035810	75000	-0.054838	-126.244179
736	0.035472	75000	-0.054389	-126.298567
737	0.035136	75000	-0.054405	-126.352972
738	0.034802	75000	-0.054059	-126.407031
739	0.034469	75000	-0.053850	-126.460882
740	0.034139	75000	-0.053858	-126.514740
741	0.033810	75000	-0.053721	-126.568461
742	0.033484	75000	-0.053130	-126.621591
743	0.033159	75000	-0.053276	-126.674868
744	0.032836	75000	-0.053151	-126.728019
745	0.032515	75000	-0.053042	-126.781061
746	0.032196	75000	-0.052855	-126.833916
747	0.031879	75000	-0.052451	-126.886367
748	0.031563	75000	-0.052426	-126.938793
749	0.031250	75000	-0.052493	-126.991286
750	0.030938	75000	-0.052027	-127.043313
751	0.030629	75000	-0.052231	-127.095544
752	0.030321	75000	-0.051709	-127.147252
753	0.030015	75000	-0.051800	-127.199053
754	0.029711	75000	-0.051221	-127.250274
755	0.029409	75000	-0.051371	-127.301645
756	0.029108	75000	-0.051438	-127.353083
757	0.028810	75000	-0.050938	-127.404021
758	0.028513	75000	-0.050627	-127.454648
759	0.028218	75000	-0.050893	-127.505541
760	0.027925	75000	-0.050427	-127.555968
761	0.027634	75000	-0.050146	-127.606114
762	0.027345	75000	-0.050212	-127.656326
763	0.027057	75000	-0.050429	-127.706755
764	0.026771	75000	-0.049958	-127.756713
765	0.026487	75000	-0.050180	-127.806893
766	0.026205	75000	-0.050069	-127.856962
767	0.025925	75000	-0.049377	-127.906338
768	0.025647	75000	-0.049406	-127.955745
769	0.025370	75000	-0.049344	-128.005089
770	0.025095	75000	-0.049140	-128.054229
771	0.024822	75000	-0.048686	-128.102915
772	0.024551	75000	-0.049441	-128.152356
773	0.024281	75000	-0.049117	-128.201473
774	0.024014	75000	-0.048718	-128.250192
775	0.023748	75000	-0.048560	-128.298752
776	0.023483	75000	-0.048408	-128.347159
777	0.023221	75000	-0.048668	-128.395827
778	0.022960	75000	-0.048396	-128.444223
779	0.022702	75000	-0.048248	-128.492472
780	0.022445	75000	-0.048448	-128.540920
781	0.022189	75000	-0.048161	-128.589082
782	0.021936	75000	-0.048012	-128.637094
783	0.021684	75000	-0.047749	-128.684843
784	0.021434	75000	-0.047649	-128.732491
785	0.021185	75000	-0.047807	-128.780298
786	0.020939	75000	-0.047834	-128.828132
787	0.020694	75000	-0.047500	-128.875632
788	0.020451	75000	-0.047625	-128.923257
789	0.020209	75000	-0.048110	-128.971368
790	0.019969	75000	-0.047546	-129.018914
791	0.019731	75000	-0.047583	-129.066497
792	0.019495	75000	-0.046963	-129.113460
793	0.019261	75000	-0.046549	-129.160008
794	0.019028	75000	-0.047254	-129.207262
795	0.018796	75000	-0.047096	-129.254358
796	0.018567	75000	-0.046803	-129.301161
797	0.018339	75000	-0.047390	-129.348552
798	0.018113	75000	-0.046784	-129.395335
799	0.017889	75000	-0.046747	-129.442082
800	0.017666	75000	-0.046980	-129.489062
801	0.017445	75000	-0.047222	-129.536283
802	0.017225	75000	-0.046492	-129.582775
803	0.017007	75000	-0.046702	-129.629477
804	0.016791	75000	-0.047237	-129.676714
805	0.016577	75000	-0.047152	-129.723866
806	0.016364	75000	-0.047248	-129.771114
807	0.016153	75000	-0.046499	-129.817614
808	0.015943	75000	-0.047200	-129.864813
809	0.015736	75000	-0.046992	-129.911805
810	0.015529	75000	-0.046965	-129.958769
811	0.015325	75000	-0.047556	-130.006325
812	0.015122	75000	-0.047332	-130.053657
813	0.014920	75000	-0.047668	-130.101325
814	0.014721	75000	-0.047897	-130.149221
815	0.014523	75000	-0.046991	-130.196213
816	0.014326	75000	-0.047357	-130.243570
817	0.014131	75000	-0.047260	-130.290830
818	0.013938	75000	-0.047548	-130.338378
819	0.013746	75000	-0.047973	-130.386351
820	0.013556	75000	-0.047963	-130.434314
821	0.013367	75000	-0.048645	-130.482959
822	0.013181	75000	-0.048598	-130.531557
823	0.012995	75000	-0.047985	-130.579542
824	0.012811	75000	-0.048189	-130.627731
825	0.012629	75000	-0.049006	-130.676737
826	0.012448	75000	-0.048184	-130.724921
827	0.012269	75000	-0.048960	-130.773881
828	0.012092	75000	-0.049411	-130.823292
829	0.011916	75000	-0.049532	-130.872824
830	0.011741	75000	-0.049947	-130.922770
831	0.011568	75000	-0.051183	-130.973953
832	0.011397	75000	-0.053038	-131.026991
833	0.011227	75000	-0.050606	-131.077597
834	0.011059	75000	-0.052065	-131.129662
835	0.010892	75000	-0.050778	-131.180440
836	0.010727	75000	-0.052501	-131.232941
837	0.010563	75000	-0.053099	-131.286040
838	0.010401	75000	-0.053633	-131.339673
839	0.010240	75000	-0.053422	-131.393095
840	0.010081	75000	-0.053444	-131.446539
841	0.009923	75000	-0.056078	-131.502616
842	0.009767	75000	-0.056064	-131.558681
843	0.009612	75000	-0.055028	-131.613708
844	0.009459	75000	-0.056292	-131.670000
845	0.009307	75000	-0.055863	-131.725863
846	0.009156	75000	-0.059300	-131.785163
847	0.009008	75000	-0.056203	-131.841366
848	0.008860	75000	-0.059200	-131.900566
849	0.008714	75000	-0.058601	-131.959167
850	0.008570	75000	-0.061115	-132.020283
851	0.008427	75000	-0.062663	-132.082946
852	0.008285	75000	-0.062237	-132.145183
853	0.008145	75000	-0.063630	-132.208813
854	0.008006	75000	-0.063816	-132.272628
855	0.007869	75000	-0.066495	-132.339123
856	0.007733	75000	-0.064921	-132.404044
857	0.007598	75000	-0.066160	-132.470205
858	0.007465	75000	-0.067148	-132.537353
859	0.007334	75000	-0.066944	-132.604297
860	0.007203	75000	-0.069133	-132.673430
861	0.007075	75000	-0.073742	-132.747173
862	0.006947	75000	-0.071980	-132.819153
863	0.006821	75000	-0.071712	-132.890865
864	0.006696	75000	-0.074298	-132.965163
865	0.006573	75000	-0.075726	-133.040889
866	0.006451	75000	-0.075988	-133.116878
867	0.006330	75000	-0.076320	-133.193198
868	0.006211	75000	-0.080391	-133.273589
869	0.006093	75000	-0.079953	-133.353542
870	0.005977	75000	-0.080885	-133.434426
871	0.005862	75000	-0.081457	-133.515883
872	0.005748	75000	-0.085992	-133.601875
873	0.005635	75000	-0.083449	-133.685324
874	0.005524	75000	-0.086140	-133.771464
875	0.005414	75000	-0.085844	-133.857308
876	0.005306	75000	-0.087883	-133.945191
877	0.005199	75000	-0.089625	-134.034816
878	0.005093	75000	-0.089769	-134.124585
879	0.004988	75000	-0.091455	-134.216040
880	0.004885	75000	-0.093379	-134.309419
881	0.004783	75000	-0.094364	-134.403783
882	0.004682	75000	-0.097202	-134.500985
883	0.004583	75000	-0.095651	-134.596636
884	0.004485	75000	-0.096774	-134.693409
885	0.004388	75000	-0.096638	-134.790047
886	0.004292	75000	-0.098915	-134.888962
887	0.004198	75000	-0.099519	-134.988482
888	0.004105	75000	-0.098499	-135.086980
889	0.004013	75000	-0.099245	-135.186225
890	0.003923	75000	-0.099627	-135.285852
891	0.003833	75000	-0.101095	-135.386947
892	0.003745	75000	-0.100682	-135.487630
893	0.003658	75000	-0.101033	-135.588662
894	0.003573	75000	-0.101361	-135.690023
895	0.003488	75000	-0.102814	-135.792837
896	0.003405	75000	-0.103050	-135.895887
897	0.003323	75000	-0.103272	-135.999159
898	0.003242	75000	-0.102762	-136.101920
899	0.003162	75000	-0.100707	-136.202627
900	0.003084	75000	-0.102027	-136.304655
901	0.003007	75000	-0.101840	-136.406495
902	0.002930	75000	-0.101619	-136.508113
903	0.002855	75000	-0.100668	-136.608781
904	0.002782	75000	-0.101137	-136.709918
905	0.002709	75000	-0.101011	-136.810930
906	0.002638	75000	-0.100157	-136.911086
907	0.002567	75000	-0.099589	-137.010675
908	0.002498	75000	-0.099404	-137.110079
909	0.002430	75000	-0.098234	-137.208313
910	0.002363	75000	-0.097645	-137.305958
911	0.002297	75000	-0.096058	-137.402017
912	0.002233	75000	-0.096695	-137.498712
913	0.002169	75000	-0.095456	-137.594168
914	0.002106	75000	-0.094266	-137.688434
915	0.002045	75000	-0.092952	-137.781386
916	0.001985	75000	-0.092204	-137.873591
917	0.001925	75000	-0.091125	-137.964716
918	0.001867	75000	-0.089959	-138.054675
919	0.001810	75000	-0.089836	-138.144511
920	0.001754	75000	-0.087586	-138.232097
921	0.001699	75000	-0.087133	-138.319230
922	0.001645	75000	-0.086296	-138.405526
923	0.001592	75000	-0.084195	-138.489720
924	0.001540	75000	-0.083445	-138.573165
925	0.001490	75000	-0.081483	-138.654648
926	0.001440	75000	-0.081192	-138.735840
927	0.001391	75000	-0.079863	-138.815703
928	0.001343	75000	-0.078308	-138.894011
929	0.001296	75000	-0.077034	-138.971045
930	0.001251	75000	-0.075594	-139.046638
931	0.001206	75000	-0.074299	-139.120937
932	0.001162	75000	-0.073170	-139.194107
933	0.001119	75000	-0.071724	-139.265831
934	0.001077	75000	-0.070403	-139.336234
935	0.001036	75000	-0.068492	-139.404726
936	0.000996	75000	-0.067551	-139.472277
937	0.000957	75000	-0.066306	-139.538582
938	0.000919	75000	-0.064466	-139.603048
939	0.000882	75000	-0.063262	-139.666310
940	0.000846	75000	-0.062226	-139.728536
941	0.000810	75000	-0.060658	-139.789194
942	0.000776	75000	-0.059017	-139.848211
943	0.000742	75000	-0.057864	-139.906075
944	0.000709	75000	-0.056418	-139.962493
945	0.000678	75000	-0.055170	-140.017663
946	0.000647	75000	-0.053765	-140.071428
947	0.000617	75000	-0.052474	-140.123902
948	0.000587	75000	-0.050738	-140.174640
949	0.000559	75000	-0.049621	-140.224261
950	0.000531	75000	-0.048170	-140.272431
951	0.000505	75000	-0.046874	-140.319305
952	0.000479	75000	-0.045347	-140.364651
953	0.000454	75000	-0.044146	-140.408797
954	0.000430	75000	-0.042868	-140.451665
955	0.000406	75000	-0.041438	-140.493103
956	0.000383	75000	-0.040135	-140.533239
957	0.000362	75000	-0.038560	-140.571799
958	0.000340	75000	-0.037614	-140.609413
959	0.000320	75000	-0.036279	-140.645692
960	0.000300	75000	-0.034981	-140.680673
961	0.000281	75000	-0.033640	-140.714313
962	0.000263	75000	-0.032500	-140.746813
963	0.000246	75000	-0.031240	-140.778052
964	0.000229	75000	-0.029917	-140.807969
965	0.000213	75000	-0.028668	-140.836637
966	0.000198	75000	-0.027523	-140.864160
967	0.000183	75000	-0.026320	-140.890480
968	0.000169	75000	-0.025147	-140.915627
969	0.000156	75000	-0.023965	-140.939592
970	0.000143	75000	-0.022853	-140.962446
971	0.000131	75000	-0.021588	-140.984034
972	0.000120	75000	-0.020552	-141.004586
973	0.000109	75000	-0.019410	-141.023996
974	0.000099	75000	-0.018334	-141.042330
975	0.000089	75000	-0.017300	-141.059631
976	0.000080	75000	-0.016294	-141.075925
977	0.000072	75000	-0.015231	-141.091156
978	0.000064	75000	-0.014275	-141.105431
979	0.000057	75000	-0.013265	-141.118696
980	0.000050	75000	-0.012320	-141.131017
981	0.000043	75000	-0.011379	-141.142395
982	0.000038	75000	-0.010483	-141.152878
983	0.000032	75000	-0.009603	-141.162481
984	0.000028	75000	-0.008769	-141.171250
985	0.000023	75000	-0.007913	-141.179163
986	0.000019	75000	-0.007059	-141.186222
987	0.000016	75000	-0.006352	-141.192574
988	0.000013	75000	-0.005586	-141.198161
989	0.000010	75000	-0.004879	-141.203039
990	0.000008	75000	-0.004189	-141.207228
991	0.000006	75000	-0.003557	-141.210785
992	0.000004	75000	-0.002941	-141.213726
993	0.000003	75000	-0.002368	-141.216095
994	0.000002	75000	-0.001852	-141.217947
995	0.000001	75000	-0.001375	-141.219322
996	0.000000	75000	-0.000942	-141.220264
997	0.000000	75000	-0.000568	-141.220832
998	0.000000	75000	-0.000267	-141.221099
999	0.000000	75000	-0.000057	-141.221156
Log marginal likelihood:	-141.221156
