Steppingstone sampler:
        No Stones:                  1000
        Start It:                   10000001
        It Per Stone:               100000
        Sample Freq:                1
        Dist:                       Beta(0.400000,1.000000)
Stone No	Power	N	Stone MLh	Running MLh
0	0.997502	75000	-0.205384	-0.205384
1	0.995007	75000	-0.205168	-0.410552
2	0.992517	75000	-0.204879	-0.615431
3	0.990030	75000	-0.204581	-0.820012
4	0.987547	75000	-0.204214	-1.024226
5	0.985067	75000	-0.204053	-1.228279
6	0.982592	75000	-0.203615	-1.431893
7	0.980120	75000	-0.203340	-1.635234
8	0.977652	75000	-0.203087	-1.838320
9	0.975187	75000	-0.202746	-2.041067
10	0.972726	75000	-0.202465	-2.243532
11	0.970269	75000	-0.202150	-2.445682
12	0.967816	75000	-0.201926	-2.647608
13	0.965367	75000	-0.201574	-2.849181
14	0.962921	75000	-0.201240	-3.050421
15	0.960479	75000	-0.200978	-3.251399
16	0.958040	75000	-0.200635	-3.452034
17	0.955606	75000	-0.200309	-3.652343
18	0.953175	75000	-0.200060	-3.852403
19	0.950747	75000	-0.199813	-4.052216
20	0.948324	75000	-0.199416	-4.251633
21	0.945904	75000	-0.199106	-4.450739
22	0.943488	75000	-0.198896	-4.649635
23	0.941076	75000	-0.198529	-4.848164
24	0.938667	75000	-0.198241	-5.046404
25	0.936262	75000	-0.197949	-5.244353
26	0.933861	75000	-0.197661	-5.442014
27	0.931463	75000	-0.197337	-5.639351
28	0.929069	75000	-0.197129	-5.836480
29	0.926679	75000	-0.196800	-6.033281
30	0.924293	75000	-0.196419	-6.229699
31	0.921910	75000	-0.196219	-6.425919
32	0.919531	75000	-0.195947	-6.621865
33	0.917155	75000	-0.195508	-6.817374
34	0.914783	75000	-0.195294	-7.012667
35	0.912415	75000	-0.195039	-7.207706
36	0.910051	75000	-0.194709	-7.402415
37	0.907690	75000	-0.194417	-7.596832
38	0.905333	75000	-0.194065	-7.790897
39	0.902980	75000	-0.193859	-7.984756
40	0.900630	75000	-0.193488	-8.178244
41	0.898284	75000	-0.193214	-8.371458
42	0.895942	75000	-0.192965	-8.564423
43	0.893603	75000	-0.192609	-8.757032
44	0.891268	75000	-0.192363	-8.949395
45	0.888937	75000	-0.192008	-9.141403
46	0.886609	75000	-0.191756	-9.333159
47	0.884285	75000	-0.191485	-9.524644
48	0.881965	75000	-0.191165	-9.715809
49	0.879648	75000	-0.190874	-9.906682
50	0.877335	75000	-0.190568	-10.097250
51	0.875026	75000	-0.190274	-10.287524
52	0.872720	75000	-0.189940	-10.477464
53	0.870418	75000	-0.189728	-10.667192
54	0.868120	75000	-0.189419	-10.856611
55	0.865825	75000	-0.189095	-11.045706
56	0.863534	75000	-0.188780	-11.234486
57	0.861246	75000	-0.188439	-11.422925
58	0.858962	75000	-0.188267	-11.611192
59	0.856682	75000	-0.187942	-11.799135
60	0.854405	75000	-0.187646	-11.986780
61	0.852132	75000	-0.187324	-12.174104
62	0.849863	75000	-0.187031	-12.361135
63	0.847597	75000	-0.186804	-12.547940
64	0.845335	75000	-0.186455	-12.734394
65	0.843077	75000	-0.186137	-12.920532
66	0.840822	75000	-0.185794	-13.106326
67	0.838571	75000	-0.185625	-13.291950
68	0.836323	75000	-0.185285	-13.477236
69	0.834079	75000	-0.185010	-13.662245
70	0.831839	75000	-0.184682	-13.846927
71	0.829602	75000	-0.184421	-14.031349
72	0.827369	75000	-0.184104	-14.215453
73	0.825140	75000	-0.183889	-14.399342
74	0.822914	75000	-0.183618	-14.582959
75	0.820691	75000	-0.183245	-14.766205
76	0.818473	75000	-0.182943	-14.949148
77	0.816258	75000	-0.182744	-15.131892
78	0.814046	75000	-0.182386	-15.314278
79	0.811838	75000	-0.182125	-15.496403
80	0.809634	75000	-0.181737	-15.678140
81	0.807433	75000	-0.181566	-15.859705
82	0.805236	75000	-0.181186	-16.040892
83	0.803043	75000	-0.181003	-16.221895
84	0.800853	75000	-0.180646	-16.402541
85	0.798667	75000	-0.180372	-16.582913
86	0.796484	75000	-0.180040	-16.762953
87	0.794305	75000	-0.179739	-16.942692
88	0.792129	75000	-0.179634	-17.122327
89	0.789957	75000	-0.179236	-17.301563
90	0.787789	75000	-0.178949	-17.480512
91	0.785624	75000	-0.178667	-17.659178
92	0.783463	75000	-0.178370	-17.837548
93	0.781305	75000	-0.178050	-18.015599
94	0.779151	75000	-0.177798	-18.193397
95	0.777000	75000	-0.177582	-18.370979
96	0.774853	75000	-0.177251	-18.548229
97	0.772710	75000	-0.176861	-18.725091
98	0.770570	75000	-0.176713	-18.901804
99	0.768433	75000	-0.176338	-19.078141
100	0.766301	75000	-0.176128	-19.254269
101	0.764172	75000	-0.175798	-19.430067
102	0.762046	75000	-0.175476	-19.605543
103	0.759924	75000	-0.175197	-19.780740
104	0.757805	75000	-0.174978	-19.955719
105	0.755690	75000	-0.174718	-20.130437
106	0.753579	75000	-0.174296	-20.304733
107	0.751471	75000	-0.173998	-20.478731
108	0.749366	75000	-0.173797	-20.652529
109	0.747266	75000	-0.173501	-20.826030
110	0.745168	75000	-0.173249	-20.999279
111	0.743075	75000	-0.173001	-21.172280
112	0.740984	75000	-0.172666	-21.344946
113	0.738898	75000	-0.172356	-21.517301
114	0.736815	75000	-0.172102	-21.689403
115	0.734735	75000	-0.171830	-21.861233
116	0.732659	75000	-0.171580	-22.032813
117	0.730586	75000	-0.171248	-22.204061
118	0.728517	75000	-0.170998	-22.375059
119	0.726452	75000	-0.170670	-22.545729
120	0.724390	75000	-0.170391	-22.716119
121	0.722331	75000	-0.170082	-22.886201
122	0.720276	75000	-0.169832	-23.056033
123	0.718225	75000	-0.169582	-23.225615
124	0.716177	75000	-0.169229	-23.394844
125	0.714132	75000	-0.168967	-23.563811
126	0.712091	75000	-0.168717	-23.732528
127	0.710054	75000	-0.168438	-23.900966
128	0.708020	75000	-0.168162	-24.069128
129	0.705989	75000	-0.167875	-24.237003
130	0.703962	75000	-0.167600	-24.404603
131	0.701939	75000	-0.167262	-24.571865
132	0.699919	75000	-0.166980	-24.738845
133	0.697902	75000	-0.166736	-24.905581
134	0.695889	75000	-0.166439	-25.072020
135	0.693880	75000	-0.166202	-25.238221
136	0.691874	75000	-0.165880	-25.404101
137	0.689871	75000	-0.165616	-25.569716
138	0.687872	75000	-0.165347	-25.735063
139	0.685877	75000	-0.165103	-25.900166
140	0.683885	75000	-0.164758	-26.064924
141	0.681896	75000	-0.164540	-26.229464
142	0.679911	75000	-0.164215	-26.393679
143	0.677929	75000	-0.163990	-26.557669
144	0.675951	75000	-0.163755	-26.721424
145	0.673976	75000	-0.163368	-26.884793
146	0.672005	75000	-0.163137	-27.047930
147	0.670037	75000	-0.162814	-27.210744
148	0.668073	75000	-0.162485	-27.373230
149	0.666112	75000	-0.162247	-27.535477
150	0.664155	75000	-0.162009	-27.697486
151	0.662201	75000	-0.161668	-27.859154
152	0.660250	75000	-0.161473	-28.020627
153	0.658303	75000	-0.161160	-28.181787
154	0.656359	75000	-0.160893	-28.342681
155	0.654419	75000	-0.160605	-28.503286
156	0.652483	75000	-0.160362	-28.663648
157	0.650549	75000	-0.159969	-28.823618
158	0.648619	75000	-0.159766	-28.983383
159	0.646693	75000	-0.159599	-29.142983
160	0.644770	75000	-0.159266	-29.302249
161	0.642851	75000	-0.158929	-29.461178
162	0.640934	75000	-0.158673	-29.619850
163	0.639022	75000	-0.158390	-29.778240
164	0.637113	75000	-0.158143	-29.936383
165	0.635207	75000	-0.157833	-30.094216
166	0.633304	75000	-0.157583	-30.251799
167	0.631405	75000	-0.157321	-30.409120
168	0.629510	75000	-0.157119	-30.566239
169	0.627618	75000	-0.156721	-30.722960
170	0.625729	75000	-0.156478	-30.879438
171	0.623844	75000	-0.156199	-31.035638
172	0.621962	75000	-0.155924	-31.191562
173	0.620083	75000	-0.155691	-31.347253
174	0.618208	75000	-0.155385	-31.502637
175	0.616337	75000	-0.155176	-31.657813
176	0.614468	75000	-0.154834	-31.812648
177	0.612604	75000	-0.154602	-31.967249
178	0.610742	75000	-0.154323	-32.121572
179	0.608884	75000	-0.154027	-32.275598
180	0.607029	75000	-0.153786	-32.429384
181	0.605178	75000	-0.153471	-32.582855
182	0.603330	75000	-0.153203	-32.736058
183	0.601486	75000	-0.152972	-32.889030
184	0.599645	75000	-0.152661	-33.041691
185	0.597807	75000	-0.152389	-33.194080
186	0.595973	75000	-0.152185	-33.346265
187	0.594142	75000	-0.151802	-33.498067
188	0.592314	75000	-0.151610	-33.649676
189	0.590490	75000	-0.151390	-33.801067
190	0.588669	75000	-0.151067	-33.952134
191	0.586852	75000	-0.150733	-34.102867
192	0.585038	75000	-0.150494	-34.253361
193	0.583227	75000	-0.150191	-34.403552
194	0.581420	75000	-0.150014	-34.553565
195	0.579616	75000	-0.149697	-34.703262
196	0.577815	75000	-0.149455	-34.852716
197	0.576018	75000	-0.149137	-35.001854
198	0.574224	75000	-0.148918	-35.150771
199	0.572433	75000	-0.148566	-35.299337
200	0.570646	75000	-0.148314	-35.447651
201	0.568862	75000	-0.148115	-35.595766
202	0.567082	75000	-0.147804	-35.743570
203	0.565305	75000	-0.147569	-35.891139
204	0.563531	75000	-0.147286	-36.038425
205	0.561761	75000	-0.147029	-36.185455
206	0.559993	75000	-0.146701	-36.332156
207	0.558230	75000	-0.146499	-36.478654
208	0.556469	75000	-0.146296	-36.624951
209	0.554712	75000	-0.145929	-36.770879
210	0.552958	75000	-0.145731	-36.916610
211	0.551208	75000	-0.145400	-37.062010
212	0.549461	75000	-0.145101	-37.207111
213	0.547717	75000	-0.144817	-37.351929
214	0.545977	75000	-0.144577	-37.496506
215	0.544240	75000	-0.144459	-37.640965
216	0.542506	75000	-0.144090	-37.785055
217	0.540775	75000	-0.143843	-37.928898
218	0.539048	75000	-0.143567	-38.072466
219	0.537324	75000	-0.143227	-38.215693
220	0.535604	75000	-0.143031	-38.358723
221	0.533887	75000	-0.142763	-38.501486
222	0.532173	75000	-0.142453	-38.643939
223	0.530462	75000	-0.142316	-38.786255
224	0.528755	75000	-0.141899	-38.928154
225	0.527051	75000	-0.141755	-39.069910
226	0.525350	75000	-0.141484	-39.211394
227	0.523653	75000	-0.141109	-39.352502
228	0.521958	75000	-0.140894	-39.493396
229	0.520268	75000	-0.140592	-39.633988
230	0.518580	75000	-0.140406	-39.774394
231	0.516896	75000	-0.140070	-39.914464
232	0.515215	75000	-0.139895	-40.054359
233	0.513537	75000	-0.139616	-40.193975
234	0.511863	75000	-0.139347	-40.333322
235	0.510192	75000	-0.139028	-40.472350
236	0.508524	75000	-0.138898	-40.611248
237	0.506859	75000	-0.138668	-40.749916
238	0.505198	75000	-0.138215	-40.888131
239	0.503540	75000	-0.138088	-41.026219
240	0.501885	75000	-0.137768	-41.163987
241	0.500234	75000	-0.137510	-41.301498
242	0.498586	75000	-0.137357	-41.438855
243	0.496941	75000	-0.136977	-41.575832
244	0.495299	75000	-0.136775	-41.712608
245	0.493660	75000	-0.136501	-41.849109
246	0.492025	75000	-0.136175	-41.985284
247	0.490393	75000	-0.135966	-42.121250
248	0.488765	75000	-0.135643	-42.256893
249	0.487139	75000	-0.135462	-42.392355
250	0.485517	75000	-0.135175	-42.527530
251	0.483898	75000	-0.134841	-42.662372
252	0.482283	75000	-0.134677	-42.797049
253	0.480670	75000	-0.134364	-42.931413
254	0.479061	75000	-0.134184	-43.065596
255	0.477455	75000	-0.133861	-43.199457
256	0.475852	75000	-0.133669	-43.333126
257	0.474253	75000	-0.133333	-43.466460
258	0.472656	75000	-0.133090	-43.599549
259	0.471063	75000	-0.132845	-43.732394
260	0.469474	75000	-0.132557	-43.864951
261	0.467887	75000	-0.132302	-43.997253
262	0.466304	75000	-0.132085	-44.129338
263	0.464723	75000	-0.131773	-44.261111
264	0.463146	75000	-0.131659	-44.392770
265	0.461573	75000	-0.131330	-44.524099
266	0.460002	75000	-0.131071	-44.655170
267	0.458435	75000	-0.130795	-44.785965
268	0.456871	75000	-0.130486	-44.916450
269	0.455310	75000	-0.130330	-45.046780
270	0.453752	75000	-0.130108	-45.176888
271	0.452198	75000	-0.129811	-45.306699
272	0.450647	75000	-0.129512	-45.436212
273	0.449098	75000	-0.129227	-45.565438
274	0.447554	75000	-0.129021	-45.694459
275	0.446012	75000	-0.128761	-45.823221
276	0.444473	75000	-0.128536	-45.951757
277	0.442938	75000	-0.128244	-46.080000
278	0.441406	75000	-0.128008	-46.208009
279	0.439877	75000	-0.127767	-46.335776
280	0.438351	75000	-0.127521	-46.463297
281	0.436829	75000	-0.127162	-46.590459
282	0.435309	75000	-0.126929	-46.717388
283	0.433793	75000	-0.126740	-46.844128
284	0.432280	75000	-0.126416	-46.970544
285	0.430770	75000	-0.126376	-47.096920
286	0.429263	75000	-0.125903	-47.222824
287	0.427760	75000	-0.125776	-47.348599
288	0.426259	75000	-0.125420	-47.474019
289	0.424762	75000	-0.125245	-47.599264
290	0.423268	75000	-0.124944	-47.724208
291	0.421777	75000	-0.124688	-47.848895
292	0.420289	75000	-0.124526	-47.973422
293	0.418805	75000	-0.124222	-48.097643
294	0.417323	75000	-0.124016	-48.221659
295	0.415845	75000	-0.123666	-48.345325
296	0.414370	75000	-0.123558	-48.468883
297	0.412898	75000	-0.123165	-48.592048
298	0.411429	75000	-0.123023	-48.715071
299	0.409963	75000	-0.122615	-48.837686
300	0.408501	75000	-0.122521	-48.960208
301	0.407041	75000	-0.122168	-49.082376
302	0.405585	75000	-0.121918	-49.204294
303	0.404132	75000	-0.121707	-49.326001
304	0.402682	75000	-0.121557	-49.447558
305	0.401235	75000	-0.121200	-49.568758
306	0.399791	75000	-0.120948	-49.689706
307	0.398350	75000	-0.120747	-49.810453
308	0.396913	75000	-0.120378	-49.930831
309	0.395478	75000	-0.120206	-50.051036
310	0.394047	75000	-0.119971	-50.171008
311	0.392619	75000	-0.119737	-50.290745
312	0.391194	75000	-0.119465	-50.410210
313	0.389772	75000	-0.119251	-50.529461
314	0.388353	75000	-0.118963	-50.648424
315	0.386937	75000	-0.118646	-50.767069
316	0.385524	75000	-0.118467	-50.885536
317	0.384115	75000	-0.118262	-51.003798
318	0.382708	75000	-0.118018	-51.121816
319	0.381305	75000	-0.117732	-51.239548
320	0.379904	75000	-0.117540	-51.357087
321	0.378507	75000	-0.117281	-51.474368
322	0.377113	75000	-0.117068	-51.591437
323	0.375722	75000	-0.116860	-51.708297
324	0.374334	75000	-0.116433	-51.824730
325	0.372949	75000	-0.116361	-51.941091
326	0.371567	75000	-0.116057	-52.057148
327	0.370189	75000	-0.115862	-52.173010
328	0.368813	75000	-0.115565	-52.288574
329	0.367440	75000	-0.115440	-52.404014
330	0.366071	75000	-0.115051	-52.519065
331	0.364705	75000	-0.114764	-52.633829
332	0.363341	75000	-0.114582	-52.748412
333	0.361981	75000	-0.114380	-52.862792
334	0.360624	75000	-0.114159	-52.976951
335	0.359269	75000	-0.113784	-53.090735
336	0.357918	75000	-0.113596	-53.204331
337	0.356570	75000	-0.113328	-53.317659
338	0.355225	75000	-0.113086	-53.430745
339	0.353883	75000	-0.112911	-53.543656
340	0.352544	75000	-0.112661	-53.656318
341	0.351208	75000	-0.112364	-53.768682
342	0.349875	75000	-0.112195	-53.880877
343	0.348546	75000	-0.111931	-53.992808
344	0.347219	75000	-0.111633	-54.104441
345	0.345895	75000	-0.111494	-54.215935
346	0.344574	75000	-0.111227	-54.327162
347	0.343257	75000	-0.110963	-54.438125
348	0.341942	75000	-0.110826	-54.548951
349	0.340630	75000	-0.110466	-54.659417
350	0.339322	75000	-0.110207	-54.769624
351	0.338016	75000	-0.110000	-54.879624
352	0.336714	75000	-0.109795	-54.989419
353	0.335414	75000	-0.109486	-55.098906
354	0.334118	75000	-0.109274	-55.208180
355	0.332824	75000	-0.109011	-55.317190
356	0.331534	75000	-0.108767	-55.425958
357	0.330246	75000	-0.108544	-55.534501
358	0.328962	75000	-0.108371	-55.642872
359	0.327680	75000	-0.108201	-55.751073
360	0.326401	75000	-0.107864	-55.858937
361	0.325126	75000	-0.107658	-55.966595
362	0.323853	75000	-0.107343	-56.073938
363	0.322584	75000	-0.107102	-56.181040
364	0.321317	75000	-0.106930	-56.287970
365	0.320054	75000	-0.106756	-56.394725
366	0.318793	75000	-0.106401	-56.501126
367	0.317536	75000	-0.106124	-56.607250
368	0.316281	75000	-0.106121	-56.713371
369	0.315030	75000	-0.105660	-56.819031
370	0.313781	75000	-0.105617	-56.924648
371	0.312535	75000	-0.105239	-57.029887
372	0.311293	75000	-0.105030	-57.134917
373	0.310053	75000	-0.104776	-57.239693
374	0.308816	75000	-0.104612	-57.344305
375	0.307582	75000	-0.104416	-57.448722
376	0.306352	75000	-0.104153	-57.552875
377	0.305124	75000	-0.103841	-57.656716
378	0.303899	75000	-0.103616	-57.760332
379	0.302677	75000	-0.103357	-57.863689
380	0.301458	75000	-0.103289	-57.966977
381	0.300242	75000	-0.103026	-58.070004
382	0.299029	75000	-0.102705	-58.172709
383	0.297819	75000	-0.102565	-58.275274
384	0.296611	75000	-0.102342	-58.377616
385	0.295407	75000	-0.102066	-58.479682
386	0.294206	75000	-0.101826	-58.581508
387	0.293007	75000	-0.101487	-58.682995
388	0.291812	75000	-0.101367	-58.784363
389	0.290619	75000	-0.101116	-58.885479
390	0.289430	75000	-0.100873	-58.986351
391	0.288243	75000	-0.100678	-59.087029
392	0.287059	75000	-0.100315	-59.187344
393	0.285879	75000	-0.100275	-59.287619
394	0.284701	75000	-0.099888	-59.387507
395	0.283526	75000	-0.099810	-59.487317
396	0.282354	75000	-0.099567	-59.586884
397	0.281184	75000	-0.099197	-59.686081
398	0.280018	75000	-0.099042	-59.785123
399	0.278855	75000	-0.098810	-59.883932
400	0.277694	75000	-0.098505	-59.982437
401	0.276537	75000	-0.098296	-60.080733
402	0.275382	75000	-0.098168	-60.178901
403	0.274230	75000	-0.097965	-60.276866
404	0.273082	75000	-0.097656	-60.374522
405	0.271936	75000	-0.097431	-60.471953
406	0.270793	75000	-0.097232	-60.569185
407	0.269652	75000	-0.097030	-60.666215
408	0.268515	75000	-0.096880	-60.763095
409	0.267381	75000	-0.096552	-60.859647
410	0.266249	75000	-0.096269	-60.955916
411	0.265121	75000	-0.096035	-61.051951
412	0.263995	75000	-0.095876	-61.147827
413	0.262872	75000	-0.095563	-61.243390
414	0.261752	75000	-0.095369	-61.338759
415	0.260635	75000	-0.095118	-61.433877
416	0.259520	75000	-0.095055	-61.528932
417	0.258409	75000	-0.094748	-61.623680
418	0.257300	75000	-0.094468	-61.718148
419	0.256195	75000	-0.094247	-61.812395
420	0.255092	75000	-0.094008	-61.906403
421	0.253992	75000	-0.093909	-62.000312
422	0.252895	75000	-0.093637	-62.093949
423	0.251800	75000	-0.093385	-62.187334
424	0.250709	75000	-0.093079	-62.280414
425	0.249620	75000	-0.092901	-62.373315
426	0.248534	75000	-0.092775	-62.466090
427	0.247451	75000	-0.092481	-62.558571
428	0.246371	75000	-0.092273	-62.650843
429	0.245294	75000	-0.092015	-62.742858
430	0.244220	75000	-0.091874	-62.834733
431	0.243148	75000	-0.091590	-62.926322
432	0.242079	75000	-0.091366	-63.017688
433	0.241013	75000	-0.091224	-63.108912
434	0.239950	75000	-0.090858	-63.199770
435	0.238890	75000	-0.090723	-63.290493
436	0.237832	75000	-0.090511	-63.381004
437	0.236778	75000	-0.090384	-63.471388
438	0.235726	75000	-0.090006	-63.561393
439	0.234677	75000	-0.089830	-63.651224
440	0.233630	75000	-0.089642	-63.740866
441	0.232587	75000	-0.089343	-63.830208
442	0.231546	75000	-0.089301	-63.919510
443	0.230509	75000	-0.088984	-64.008493
444	0.229473	75000	-0.088653	-64.097146
445	0.228441	75000	-0.088463	-64.185610
446	0.227412	75000	-0.088354	-64.273964
447	0.226385	75000	-0.088061	-64.362025
448	0.225361	75000	-0.087700	-64.449725
449	0.224340	75000	-0.087679	-64.537405
450	0.223322	75000	-0.087467	-64.624871
451	0.222306	75000	-0.087232	-64.712104
452	0.221293	75000	-0.087007	-64.799110
453	0.220283	75000	-0.086909	-64.886020
454	0.219276	75000	-0.086621	-64.972640
455	0.218272	75000	-0.086309	-65.058949
456	0.217270	75000	-0.086139	-65.145088
457	0.216271	75000	-0.085891	-65.230979
458	0.215275	75000	-0.085749	-65.316728
459	0.214281	75000	-0.085515	-65.402242
460	0.213291	75000	-0.085234	-65.487476
461	0.212303	75000	-0.085255	-65.572731
462	0.211318	75000	-0.084887	-65.657618
463	0.210335	75000	-0.084623	-65.742241
464	0.209356	75000	-0.084445	-65.826686
465	0.208379	75000	-0.084111	-65.910797
466	0.207404	75000	-0.084069	-65.994866
467	0.206433	75000	-0.083746	-66.078612
468	0.205464	75000	-0.083623	-66.162235
469	0.204498	75000	-0.083279	-66.245514
470	0.203535	75000	-0.083195	-66.328710
471	0.202575	75000	-0.082947	-66.411657
472	0.201617	75000	-0.082763	-66.494420
473	0.200662	75000	-0.082569	-66.576988
474	0.199709	75000	-0.082353	-66.659341
475	0.198760	75000	-0.082177	-66.741518
476	0.197813	75000	-0.081962	-66.823480
477	0.196869	75000	-0.081753	-66.905233
478	0.195927	75000	-0.081426	-66.986659
479	0.194988	75000	-0.081310	-67.067970
480	0.194052	75000	-0.081106	-67.149075
481	0.193119	75000	-0.080768	-67.229843
482	0.192188	75000	-0.080735	-67.310578
483	0.191260	75000	-0.080505	-67.391083
484	0.190335	75000	-0.080340	-67.471423
485	0.189412	75000	-0.079939	-67.551362
486	0.188492	75000	-0.079754	-67.631116
487	0.187575	75000	-0.079764	-67.710880
488	0.186660	75000	-0.079356	-67.790237
489	0.185749	75000	-0.079234	-67.869471
490	0.184839	75000	-0.079099	-67.948570
491	0.183933	75000	-0.078868	-68.027438
492	0.183029	75000	-0.078634	-68.106072
493	0.182128	75000	-0.078369	-68.184441
494	0.181229	75000	-0.078078	-68.262519
495	0.180333	75000	-0.078044	-68.340563
496	0.179440	75000	-0.077731	-68.418294
497	0.178550	75000	-0.077555	-68.495849
498	0.177662	75000	-0.077344	-68.573193
499	0.176777	75000	-0.077201	-68.650394
500	0.175894	75000	-0.076922	-68.727316
501	0.175014	75000	-0.076650	-68.803965
502	0.174137	75000	-0.076498	-68.880464
503	0.173262	75000	-0.076402	-68.956866
504	0.172390	75000	-0.076122	-69.032987
505	0.171521	75000	-0.075966	-69.108954
506	0.170654	75000	-0.075794	-69.184747
507	0.169790	75000	-0.075560	-69.260308
508	0.168929	75000	-0.075324	-69.335631
509	0.168070	75000	-0.075097	-69.410728
510	0.167214	75000	-0.075000	-69.485728
511	0.166360	75000	-0.074652	-69.560380
512	0.165509	75000	-0.074545	-69.634925
513	0.164661	75000	-0.074284	-69.709209
514	0.163815	75000	-0.074100	-69.783309
515	0.162972	75000	-0.073910	-69.857220
516	0.162132	75000	-0.073640	-69.930859
517	0.161294	75000	-0.073507	-70.004366
518	0.160458	75000	-0.073427	-70.077793
519	0.159626	75000	-0.073072	-70.150865
520	0.158796	75000	-0.072872	-70.223736
521	0.157968	75000	-0.072637	-70.296373
522	0.157143	75000	-0.072594	-70.368967
523	0.156321	75000	-0.072530	-70.441496
524	0.155501	75000	-0.072088	-70.513584
525	0.154684	75000	-0.071854	-70.585438
526	0.153870	75000	-0.071845	-70.657283
527	0.153058	75000	-0.071537	-70.728820
528	0.152248	75000	-0.071403	-70.800223
529	0.151441	75000	-0.071195	-70.871418
530	0.150637	75000	-0.070923	-70.942341
531	0.149835	75000	-0.070871	-71.013211
532	0.149036	75000	-0.070700	-71.083911
533	0.148240	75000	-0.070433	-71.154344
534	0.147446	75000	-0.070068	-71.224412
535	0.146654	75000	-0.070028	-71.294440
536	0.145865	75000	-0.069762	-71.364201
537	0.145079	75000	-0.069587	-71.433788
538	0.144295	75000	-0.069445	-71.503234
539	0.143514	75000	-0.069268	-71.572502
540	0.142735	75000	-0.069009	-71.641511
541	0.141959	75000	-0.068878	-71.710389
542	0.141186	75000	-0.068499	-71.778888
543	0.140415	75000	-0.068393	-71.847282
544	0.139646	75000	-0.068390	-71.915672
545	0.138880	75000	-0.068123	-71.983795
546	0.138116	75000	-0.068056	-72.051851
547	0.137356	75000	-0.067630	-72.119482
548	0.136597	75000	-0.067471	-72.186953
549	0.135841	75000	-0.067162	-72.254115
550	0.135088	75000	-0.067053	-72.321168
551	0.134337	75000	-0.066878	-72.388046
552	0.133588	75000	-0.066820	-72.454866
553	0.132843	75000	-0.066551	-72.521417
554	0.132099	75000	-0.066438	-72.587855
555	0.131358	75000	-0.066122	-72.653977
556	0.130620	75000	-0.065845	-72.719822
557	0.129884	75000	-0.065818	-72.785639
558	0.129151	75000	-0.065639	-72.851278
559	0.128420	75000	-0.065394	-72.916672
560	0.127691	75000	-0.065371	-72.982043
561	0.126965	75000	-0.065135	-73.047178
562	0.126242	75000	-0.064822	-73.112000
563	0.125521	75000	-0.064765	-73.176765
564	0.124802	75000	-0.064570	-73.241335
565	0.124086	75000	-0.064383	-73.305718
566	0.123373	75000	-0.064119	-73.369837
567	0.122662	75000	-0.064059	-73.433896
568	0.121953	75000	-0.063597	-73.497493
569	0.121247	75000	-0.063702	-73.561195
570	0.120543	75000	-0.063479	-73.624674
571	0.119842	75000	-0.063200	-73.687874
572	0.119143	75000	-0.063041	-73.750914
573	0.118447	75000	-0.062728	-73.813643
574	0.117753	75000	-0.062639	-73.876282
575	0.117062	75000	-0.062400	-73.938682
576	0.116373	75000	-0.062393	-74.001074
577	0.115686	75000	-0.062227	-74.063301
578	0.115002	75000	-0.061748	-74.125049
579	0.114320	75000	-0.061866	-74.186915
580	0.113641	75000	-0.061499	-74.248414
581	0.112964	75000	-0.061351	-74.309765
582	0.112290	75000	-0.061199	-74.370963
583	0.111618	75000	-0.060896	-74.431860
584	0.110948	75000	-0.060910	-74.492770
585	0.110281	75000	-0.060735	-74.553504
586	0.109616	75000	-0.060520	-74.614024
587	0.108954	75000	-0.060269	-74.674293
588	0.108294	75000	-0.060091	-74.734384
589	0.107637	75000	-0.059922	-74.794306
590	0.106981	75000	-0.059707	-74.854012
591	0.106329	75000	-0.059812	-74.913824
592	0.105678	75000	-0.059288	-74.973112
593	0.105030	75000	-0.059531	-75.032643
594	0.104385	75000	-0.059140	-75.091783
595	0.103742	75000	-0.058867	-75.150650
596	0.103101	75000	-0.058682	-75.209332
597	0.102463	75000	-0.058648	-75.267980
598	0.101827	75000	-0.058204	-75.326184
599	0.101193	75000	-0.058242	-75.384426
600	0.100562	75000	-0.057971	-75.442397
601	0.099933	75000	-0.057928	-75.500324
602	0.099306	75000	-0.057678	-75.558003
603	0.098682	75000	-0.057617	-75.615620
604	0.098060	75000	-0.057207	-75.672827
605	0.097441	75000	-0.057422	-75.730249
606	0.096824	75000	-0.057160	-75.787409
607	0.096209	75000	-0.056931	-75.844340
608	0.095596	75000	-0.056858	-75.901198
609	0.094986	75000	-0.056655	-75.957853
610	0.094379	75000	-0.056169	-76.014022
611	0.093773	75000	-0.056283	-76.070304
612	0.093170	75000	-0.056164	-76.126469
613	0.092570	75000	-0.055781	-76.182250
614	0.091971	75000	-0.055856	-76.238106
615	0.091375	75000	-0.055616	-76.293722
616	0.090781	75000	-0.055433	-76.349155
617	0.090190	75000	-0.055262	-76.404416
618	0.089601	75000	-0.055005	-76.459422
619	0.089014	75000	-0.054829	-76.514250
620	0.088430	75000	-0.054569	-76.568819
621	0.087848	75000	-0.054492	-76.623311
622	0.087268	75000	-0.054299	-76.677611
623	0.086690	75000	-0.054165	-76.731776
624	0.086115	75000	-0.054088	-76.785864
625	0.085542	75000	-0.053969	-76.839833
626	0.084971	75000	-0.053784	-76.893617
627	0.084403	75000	-0.053733	-76.947350
628	0.083837	75000	-0.053388	-77.000737
629	0.083273	75000	-0.053400	-77.054137
630	0.082712	75000	-0.053238	-77.107375
631	0.082152	75000	-0.053112	-77.160488
632	0.081595	75000	-0.052632	-77.213119
633	0.081041	75000	-0.052522	-77.265641
634	0.080488	75000	-0.052448	-77.318089
635	0.079938	75000	-0.052449	-77.370539
636	0.079390	75000	-0.052071	-77.422609
637	0.078845	75000	-0.052136	-77.474745
638	0.078301	75000	-0.051872	-77.526617
639	0.077760	75000	-0.051575	-77.578192
640	0.077221	75000	-0.051289	-77.629481
641	0.076684	75000	-0.051339	-77.680820
642	0.076150	75000	-0.051202	-77.732021
643	0.075618	75000	-0.051115	-77.783137
644	0.075088	75000	-0.050945	-77.834082
645	0.074560	75000	-0.050905	-77.884986
646	0.074035	75000	-0.050627	-77.935614
647	0.073512	75000	-0.050547	-77.986161
648	0.072991	75000	-0.050247	-78.036407
649	0.072472	75000	-0.050046	-78.086453
650	0.071955	75000	-0.050168	-78.136621
651	0.071441	75000	-0.049805	-78.186425
652	0.070929	75000	-0.049778	-78.236203
653	0.070419	75000	-0.049817	-78.286021
654	0.069911	75000	-0.049433	-78.335453
655	0.069406	75000	-0.049456	-78.384910
656	0.068903	75000	-0.048835	-78.433744
657	0.068401	75000	-0.049026	-78.482771
658	0.067903	75000	-0.048689	-78.531460
659	0.067406	75000	-0.048736	-78.580196
660	0.066911	75000	-0.048532	-78.628728
661	0.066419	75000	-0.048599	-78.677326
662	0.065929	75000	-0.048135	-78.725461
663	0.065441	75000	-0.048123	-78.773584
664	0.064955	75000	-0.048058	-78.821642
665	0.064471	75000	-0.047830	-78.869472
666	0.063990	75000	-0.047701	-78.917173
667	0.063510	75000	-0.047475	-78.964648
668	0.063033	75000	-0.047485	-79.012133
669	0.062558	75000	-0.047544	-79.059677
670	0.062085	75000	-0.047255	-79.106932
671	0.061615	75000	-0.047124	-79.154056
672	0.061146	75000	-0.046923	-79.200979
673	0.060680	75000	-0.046779	-79.247758
674	0.060216	75000	-0.046830	-79.294587
675	0.059753	75000	-0.046474	-79.341061
676	0.059293	75000	-0.046339	-79.387400
677	0.058836	75000	-0.046157	-79.433557
678	0.058380	75000	-0.045953	-79.479509
679	0.057926	75000	-0.045925	-79.525434
680	0.057475	75000	-0.045769	-79.571203
681	0.057025	75000	-0.045935	-79.617138
682	0.056578	75000	-0.045470	-79.662608
683	0.056133	75000	-0.045347	-79.707955
684	0.055690	75000	-0.045531	-79.753486
685	0.055249	75000	-0.045246	-79.798732
686	0.054810	75000	-0.045117	-79.843849
687	0.054373	75000	-0.044905	-79.888754
688	0.053939	75000	-0.044785	-79.933539
689	0.053506	75000	-0.044793	-79.978332
690	0.053076	75000	-0.044374	-80.022706
691	0.052647	75000	-0.044267	-80.066973
692	0.052221	75000	-0.044191	-80.111164
693	0.051797	75000	-0.044217	-80.155381
694	0.051375	75000	-0.044057	-80.199438
695	0.050955	75000	-0.043977	-80.243415
696	0.050537	75000	-0.043754	-80.287169
697	0.050121	75000	-0.043639	-80.330808
698	0.049707	75000	-0.043425	-80.374233
699	0.049295	75000	-0.043360	-80.417594
700	0.048885	75000	-0.043372	-80.460965
701	0.048478	75000	-0.043231	-80.504197
702	0.048072	75000	-0.043138	-80.547335
703	0.047668	75000	-0.042887	-80.590222
704	0.047267	75000	-0.043065	-80.633287
705	0.046867	75000	-0.042594	-80.675881
706	0.046470	75000	-0.042370	-80.718251
707	0.046074	75000	-0.042629	-80.760880
708	0.045681	75000	-0.042201	-80.803081
709	0.045289	75000	-0.042322	-80.845402
710	0.044900	75000	-0.042150	-80.887552
711	0.044512	75000	-0.041899	-80.929451
712	0.044127	75000	-0.041704	-80.971154
713	0.043744	75000	-0.041709	-81.012863
714	0.043362	75000	-0.041827	-81.054691
715	0.042983	75000	-0.041797	-81.096488
716	0.042606	75000	-0.041119	-81.137607
717	0.042230	75000	-0.041520	-81.179127
718	0.041857	75000	-0.041219	-81.220346
719	0.041485	75000	-0.041324	-81.261670
720	0.041116	75000	-0.041017	-81.302687
721	0.040749	75000	-0.041002	-81.343688
722	0.040383	75000	-0.040960	-81.384648
723	0.040020	75000	-0.040919	-81.425567
724	0.039658	75000	-0.040997	-81.466564
725	0.039299	75000	-0.040946	-81.507511
726	0.038941	75000	-0.040692	-81.548203
727	0.038585	75000	-0.040982	-81.589185
728	0.038232	75000	-0.040400	-81.629584
729	0.037880	75000	-0.040416	-81.670000
730	0.037530	75000	-0.040346	-81.710347
731	0.037182	75000	-0.040271	-81.750618
732	0.036836	75000	-0.040004	-81.790621
733	0.036493	75000	-0.039947	-81.830569
734	0.036151	75000	-0.040110	-81.870678
735	0.035810	75000	-0.039413	-81.910091
736	0.035472	75000	-0.039746	-81.949837
737	0.035136	75000	-0.039813	-81.989649
738	0.034802	75000	-0.039747	-82.029396
739	0.034469	75000	-0.039855	-82.069251
740	0.034139	75000	-0.039058	-82.108309
741	0.033810	75000	-0.039521	-82.147830
742	0.033484	75000	-0.039173	-82.187003
743	0.033159	75000	-0.039205	-82.226208
744	0.032836	75000	-0.039197	-82.265406
745	0.032515	75000	-0.039032	-82.304437
746	0.032196	75000	-0.038894	-82.343331
747	0.031879	75000	-0.039275	-82.382606
748	0.031563	75000	-0.039154	-82.421759
749	0.031250	75000	-0.038995	-82.460754
750	0.030938	75000	-0.038812	-82.499566
751	0.030629	75000	-0.038653	-82.538220
752	0.030321	75000	-0.038892	-82.577112
753	0.030015	75000	-0.038503	-82.615615
754	0.029711	75000	-0.038548	-82.654163
755	0.029409	75000	-0.038976	-82.693139
756	0.029108	75000	-0.038622	-82.731761
757	0.028810	75000	-0.038846	-82.770607
758	0.028513	75000	-0.038621	-82.809228
759	0.028218	75000	-0.038673	-82.847901
760	0.027925	75000	-0.038506	-82.886407
761	0.027634	75000	-0.038177	-82.924584
762	0.027345	75000	-0.038604	-82.963188
763	0.027057	75000	-0.038814	-83.002003
764	0.026771	75000	-0.038381	-83.040384
765	0.026487	75000	-0.038325	-83.078709
766	0.026205	75000	-0.038543	-83.117252
767	0.025925	75000	-0.038645	-83.155897
768	0.025647	75000	-0.038432	-83.194329
769	0.025370	75000	-0.039052	-83.233381
770	0.025095	75000	-0.038696	-83.272077
771	0.024822	75000	-0.038390	-83.310467
772	0.024551	75000	-0.039064	-83.349530
773	0.024281	75000	-0.038378	-83.387909
774	0.024014	75000	-0.037715	-83.425623
775	0.023748	75000	-0.038403	-83.464026
776	0.023483	75000	-0.038279	-83.502305
777	0.023221	75000	-0.038684	-83.540989
778	0.022960	75000	-0.038551	-83.579540
779	0.022702	75000	-0.038796	-83.618336
780	0.022445	75000	-0.038712	-83.657049
781	0.022189	75000	-0.038870	-83.695919
782	0.021936	75000	-0.038779	-83.734698
783	0.021684	75000	-0.039080	-83.773778
784	0.021434	75000	-0.039267	-83.813044
785	0.021185	75000	-0.039088	-83.852133
786	0.020939	75000	-0.039897	-83.892029
787	0.020694	75000	-0.039509	-83.931539
788	0.020451	75000	-0.039318	-83.970857
789	0.020209	75000	-0.039536	-84.010393
790	0.019969	75000	-0.039380	-84.049774
791	0.019731	75000	-0.039738	-84.089512
792	0.019495	75000	-0.039698	-84.129210
793	0.019261	75000	-0.040381	-84.169591
794	0.019028	75000	-0.040391	-84.209982
795	0.018796	75000	-0.040801	-84.250783
796	0.018567	75000	-0.039958	-84.290741
797	0.018339	75000	-0.040929	-84.331670
798	0.018113	75000	-0.040017	-84.371687
799	0.017889	75000	-0.041197	-84.412884
800	0.017666	75000	-0.042900	-84.455784
801	0.017445	75000	-0.040960	-84.496744
802	0.017225	75000	-0.040717	-84.537461
803	0.017007	75000	-0.042938	-84.580399
804	0.016791	75000	-0.041925	-84.622323
805	0.016577	75000	-0.042597	-84.664920
806	0.016364	75000	-0.043658	-84.708578
807	0.016153	75000	-0.042418	-84.750996
808	0.015943	75000	-0.043750	-84.794746
809	0.015736	75000	-0.046034	-84.840780
810	0.015529	75000	-0.044108	-84.884888
811	0.015325	75000	-0.044490	-84.929378
812	0.015122	75000	-0.045049	-84.974427
813	0.014920	75000	-0.046443	-85.020870
814	0.014721	75000	-0.046058	-85.066928
815	0.014523	75000	-0.046456	-85.113384
816	0.014326	75000	-0.046802	-85.160186
817	0.014131	75000	-0.047774	-85.207960
818	0.013938	75000	-0.048481	-85.256441
819	0.013746	75000	-0.051896	-85.308337
820	0.013556	75000	-0.050875	-85.359212
821	0.013367	75000	-0.049195	-85.408407
822	0.013181	75000	-0.049987	-85.458394
823	0.012995	75000	-0.051465	-85.509860
824	0.012811	75000	-0.052902	-85.562762
825	0.012629	75000	-0.055656	-85.618417
826	0.012448	75000	-0.053290	-85.671708
827	0.012269	75000	-0.056810	-85.728518
828	0.012092	75000	-0.058733	-85.787251
829	0.011916	75000	-0.057023	-85.844274
830	0.011741	75000	-0.060728	-85.905002
831	0.011568	75000	-0.060597	-85.965599
832	0.011397	75000	-0.063549	-86.029148
833	0.011227	75000	-0.064162	-86.093310
834	0.011059	75000	-0.061514	-86.154824
835	0.010892	75000	-0.062720	-86.217544
836	0.010727	75000	-0.066190	-86.283734
837	0.010563	75000	-0.066789	-86.350523
838	0.010401	75000	-0.070738	-86.421261
839	0.010240	75000	-0.072438	-86.493699
840	0.010081	75000	-0.070842	-86.564542
841	0.009923	75000	-0.074312	-86.638854
842	0.009767	75000	-0.076028	-86.714882
843	0.009612	75000	-0.077160	-86.792041
844	0.009459	75000	-0.076709	-86.868750
845	0.009307	75000	-0.078600	-86.947349
846	0.009156	75000	-0.080695	-87.028045
847	0.009008	75000	-0.079881	-87.107926
848	0.008860	75000	-0.083660	-87.191586
849	0.008714	75000	-0.082929	-87.274515
850	0.008570	75000	-0.085963	-87.360478
851	0.008427	75000	-0.088755	-87.449233
852	0.008285	75000	-0.085559	-87.534792
853	0.008145	75000	-0.088303	-87.623095
854	0.008006	75000	-0.088443	-87.711539
855	0.007869	75000	-0.092983	-87.804521
856	0.007733	75000	-0.090100	-87.894622
857	0.007598	75000	-0.097960	-87.992582
858	0.007465	75000	-0.093357	-88.085939
859	0.007334	75000	-0.097291	-88.183230
860	0.007203	75000	-0.096183	-88.279413
861	0.007075	75000	-0.096774	-88.376187
862	0.006947	75000	-0.097608	-88.473795
863	0.006821	75000	-0.097275	-88.571069
864	0.006696	75000	-0.096488	-88.667558
865	0.006573	75000	-0.100286	-88.767844
866	0.006451	75000	-0.099599	-88.867442
867	0.006330	75000	-0.099526	-88.966968
868	0.006211	75000	-0.101125	-89.068093
869	0.006093	75000	-0.099212	-89.167306
870	0.005977	75000	-0.101779	-89.269085
871	0.005862	75000	-0.101588	-89.370674
872	0.005748	75000	-0.099915	-89.470589
873	0.005635	75000	-0.100966	-89.571555
874	0.005524	75000	-0.100054	-89.671609
875	0.005414	75000	-0.100475	-89.772083
876	0.005306	75000	-0.098464	-89.870547
877	0.005199	75000	-0.098297	-89.968844
878	0.005093	75000	-0.097528	-90.066372
879	0.004988	75000	-0.098036	-90.164408
880	0.004885	75000	-0.098071	-90.262479
881	0.004783	75000	-0.097960	-90.360438
882	0.004682	75000	-0.095749	-90.456187
883	0.004583	75000	-0.094219	-90.550406
884	0.004485	75000	-0.094112	-90.644518
885	0.004388	75000	-0.093659	-90.738177
886	0.004292	75000	-0.092783	-90.830961
887	0.004198	75000	-0.091937	-90.922898
888	0.004105	75000	-0.090991	-91.013889
889	0.004013	75000	-0.090223	-91.104112
890	0.003923	75000	-0.089460	-91.193572
891	0.003833	75000	-0.088941	-91.282513
892	0.003745	75000	-0.087732	-91.370245
893	0.003658	75000	-0.087371	-91.457616
894	0.003573	75000	-0.086672	-91.544288
895	0.003488	75000	-0.084757	-91.629045
896	0.003405	75000	-0.084117	-91.713163
897	0.003323	75000	-0.082924	-91.796087
898	0.003242	75000	-0.082277	-91.878363
899	0.003162	75000	-0.081540	-91.959903
900	0.003084	75000	-0.079929	-92.039832
901	0.003007	75000	-0.079393	-92.119225
902	0.002930	75000	-0.078057	-92.197282
903	0.002855	75000	-0.077196	-92.274478
904	0.002782	75000	-0.076176	-92.350654
905	0.002709	75000	-0.075133	-92.425787
906	0.002638	75000	-0.074170	-92.499958
907	0.002567	75000	-0.072959	-92.572916
908	0.002498	75000	-0.072305	-92.645222
909	0.002430	75000	-0.071052	-92.716274
910	0.002363	75000	-0.070303	-92.786577
911	0.002297	75000	-0.069504	-92.856080
912	0.002233	75000	-0.068057	-92.924137
913	0.002169	75000	-0.066976	-92.991113
914	0.002106	75000	-0.065959	-93.057072
915	0.002045	75000	-0.064745	-93.121817
916	0.001985	75000	-0.063983	-93.185801
917	0.001925	75000	-0.063071	-93.248872
918	0.001867	75000	-0.062002	-93.310874
919	0.001810	75000	-0.060681	-93.371554
920	0.001754	75000	-0.059810	-93.431364
921	0.001699	75000	-0.058620	-93.489985
922	0.001645	75000	-0.057702	-93.547686
923	0.001592	75000	-0.056488	-93.604174
924	0.001540	75000	-0.055532	-93.659706
925	0.001490	75000	-0.054411	-93.714117
926	0.001440	75000	-0.053334	-93.767451
927	0.001391	75000	-0.052703	-93.820154
928	0.001343	75000	-0.051524	-93.871678
929	0.001296	75000	-0.050370	-93.922048
930	0.001251	75000	-0.049297	-93.971345
931	0.001206	75000	-0.048291	-94.019636
932	0.001162	75000	-0.047335	-94.066971
933	0.001119	75000	-0.046227	-94.113198
934	0.001077	75000	-0.045363	-94.158561
935	0.001036	75000	-0.044251	-94.202811
936	0.000996	75000	-0.043353	-94.246165
937	0.000957	75000	-0.042244	-94.288409
938	0.000919	75000	-0.041375	-94.329785
939	0.000882	75000	-0.040369	-94.370154
940	0.000846	75000	-0.039391	-94.409544
941	0.000810	75000	-0.038419	-94.447963
942	0.000776	75000	-0.037441	-94.485404
943	0.000742	75000	-0.036516	-94.521921
944	0.000709	75000	-0.035674	-94.557594
945	0.000678	75000	-0.034652	-94.592246
946	0.000647	75000	-0.033801	-94.626047
947	0.000617	75000	-0.032822	-94.658869
948	0.000587	75000	-0.032002	-94.690871
949	0.000559	75000	-0.031054	-94.721926
950	0.000531	75000	-0.030139	-94.752064
951	0.000505	75000	-0.029208	-94.781272
952	0.000479	75000	-0.028301	-94.809574
953	0.000454	75000	-0.027439	-94.837013
954	0.000430	75000	-0.026645	-94.863658
955	0.000406	75000	-0.025675	-94.889333
956	0.000383	75000	-0.024840	-94.914172
957	0.000362	75000	-0.024053	-94.938226
958	0.000340	75000	-0.023133	-94.961359
959	0.000320	75000	-0.022346	-94.983706
960	0.000300	75000	-0.021577	-95.005282
961	0.000281	75000	-0.020738	-95.026020
962	0.000263	75000	-0.019992	-95.046012
963	0.000246	75000	-0.019150	-95.065161
964	0.000229	75000	-0.018393	-95.083555
965	0.000213	75000	-0.017567	-95.101122
966	0.000198	75000	-0.016840	-95.117962
967	0.000183	75000	-0.016097	-95.134059
968	0.000169	75000	-0.015347	-95.149406
969	0.000156	75000	-0.014625	-95.164031
970	0.000143	75000	-0.013922	-95.177953
971	0.000131	75000	-0.013243	-95.191197
972	0.000120	75000	-0.012535	-95.203731
973	0.000109	75000	-0.011902	-95.215633
974	0.000099	75000	-0.011223	-95.226856
975	0.000089	75000	-0.010541	-95.237397
976	0.000080	75000	-0.009907	-95.247304
977	0.000072	75000	-0.009289	-95.256593
978	0.000064	75000	-0.008661	-95.265253
979	0.000057	75000	-0.008068	-95.273321
980	0.000050	75000	-0.007511	-95.280832
981	0.000043	75000	-0.006923	-95.287755
982	0.000038	75000	-0.006379	-95.294133
983	0.000032	75000	-0.005847	-95.299980
984	0.000028	75000	-0.005308	-95.305288
985	0.000023	75000	-0.004825	-95.310113
986	0.000019	75000	-0.004307	-95.314420
987	0.000016	75000	-0.003858	-95.318278
988	0.000013	75000	-0.003401	-95.321679
989	0.000010	75000	-0.002973	-95.324652
990	0.000008	75000	-0.002555	-95.327207
991	0.000006	75000	-0.002163	-95.329370
992	0.000004	75000	-0.001791	-95.331161
993	0.000003	75000	-0.001446	-95.332607
994	0.000002	75000	-0.001125	-95.333732
995	0.000001	75000	-0.000834	-95.334566
996	0.000000	75000	-0.000573	-95.335139
997	0.000000	75000	-0.000346	-95.335484
998	0.000000	75000	-0.000162	-95.335646
999	0.000000	75000	-0.000035	-95.335681
Log marginal likelihood:	-95.335681
