Steppingstone sampler:
        No Stones:                  1000
        Start It:                   10000001
        It Per Stone:               100000
        Sample Freq:                1
        Dist:                       Beta(0.400000,1.000000)
Stone No	Power	N	Stone MLh	Running MLh
0	0.997502	75000	0.263576	0.263576
1	0.995007	75000	0.263117	0.526694
2	0.992517	75000	0.262734	0.789428
3	0.990030	75000	0.262371	1.051799
4	0.987547	75000	0.261959	1.313758
5	0.985067	75000	0.261599	1.575357
6	0.982592	75000	0.261135	1.836492
7	0.980120	75000	0.260765	2.097257
8	0.977652	75000	0.260355	2.357612
9	0.975187	75000	0.259935	2.617547
10	0.972726	75000	0.259550	2.877098
11	0.970269	75000	0.259110	3.136208
12	0.967816	75000	0.258733	3.394941
13	0.965367	75000	0.258376	3.653317
14	0.962921	75000	0.257922	3.911240
15	0.960479	75000	0.257558	4.168798
16	0.958040	75000	0.257160	4.425957
17	0.955606	75000	0.256770	4.682728
18	0.953175	75000	0.256340	4.939068
19	0.950747	75000	0.255907	5.194975
20	0.948324	75000	0.255562	5.450537
21	0.945904	75000	0.255143	5.705680
22	0.943488	75000	0.254789	5.960469
23	0.941076	75000	0.254373	6.214842
24	0.938667	75000	0.253990	6.468832
25	0.936262	75000	0.253616	6.722448
26	0.933861	75000	0.253144	6.975592
27	0.931463	75000	0.252709	7.228301
28	0.929069	75000	0.252392	7.480693
29	0.926679	75000	0.252012	7.732706
30	0.924293	75000	0.251618	7.984324
31	0.921910	75000	0.251248	8.235572
32	0.919531	75000	0.250817	8.486389
33	0.917155	75000	0.250387	8.736776
34	0.914783	75000	0.250018	8.986795
35	0.912415	75000	0.249562	9.236356
36	0.910051	75000	0.249213	9.485570
37	0.907690	75000	0.248834	9.734404
38	0.905333	75000	0.248471	9.982875
39	0.902980	75000	0.247987	10.230862
40	0.900630	75000	0.247637	10.478499
41	0.898284	75000	0.247264	10.725764
42	0.895942	75000	0.246807	10.972571
43	0.893603	75000	0.246459	11.219030
44	0.891268	75000	0.246063	11.465093
45	0.888937	75000	0.245643	11.710737
46	0.886609	75000	0.245281	11.956018
47	0.884285	75000	0.244848	12.200866
48	0.881965	75000	0.244502	12.445369
49	0.879648	75000	0.244109	12.689478
50	0.877335	75000	0.243671	12.933148
51	0.875026	75000	0.243275	13.176423
52	0.872720	75000	0.242845	13.419268
53	0.870418	75000	0.242514	13.661783
54	0.868120	75000	0.242155	13.903937
55	0.865825	75000	0.241733	14.145670
56	0.863534	75000	0.241425	14.387095
57	0.861246	75000	0.240921	14.628016
58	0.858962	75000	0.240600	14.868616
59	0.856682	75000	0.240158	15.108774
60	0.854405	75000	0.239739	15.348514
61	0.852132	75000	0.239412	15.587926
62	0.849863	75000	0.239004	15.826929
63	0.847597	75000	0.238704	16.065634
64	0.845335	75000	0.238192	16.303826
65	0.843077	75000	0.237878	16.541704
66	0.840822	75000	0.237446	16.779150
67	0.838571	75000	0.237025	17.016176
68	0.836323	75000	0.236705	17.252880
69	0.834079	75000	0.236230	17.489111
70	0.831839	75000	0.235842	17.724953
71	0.829602	75000	0.235497	17.960449
72	0.827369	75000	0.235122	18.195572
73	0.825140	75000	0.234696	18.430268
74	0.822914	75000	0.234381	18.664649
75	0.820691	75000	0.234018	18.898667
76	0.818473	75000	0.233638	19.132306
77	0.816258	75000	0.233215	19.365521
78	0.814046	75000	0.232788	19.598308
79	0.811838	75000	0.232396	19.830705
80	0.809634	75000	0.231998	20.062702
81	0.807433	75000	0.231653	20.294355
82	0.805236	75000	0.231306	20.525661
83	0.803043	75000	0.230883	20.756544
84	0.800853	75000	0.230467	20.987011
85	0.798667	75000	0.230147	21.217158
86	0.796484	75000	0.229704	21.446862
87	0.794305	75000	0.229335	21.676196
88	0.792129	75000	0.228947	21.905144
89	0.789957	75000	0.228574	22.133717
90	0.787789	75000	0.228170	22.361887
91	0.785624	75000	0.227808	22.589695
92	0.783463	75000	0.227392	22.817088
93	0.781305	75000	0.227049	23.044136
94	0.779151	75000	0.226603	23.270740
95	0.777000	75000	0.226276	23.497015
96	0.774853	75000	0.225864	23.722879
97	0.772710	75000	0.225505	23.948384
98	0.770570	75000	0.225137	24.173522
99	0.768433	75000	0.224778	24.398300
100	0.766301	75000	0.224347	24.622647
101	0.764172	75000	0.223960	24.846607
102	0.762046	75000	0.223586	25.070193
103	0.759924	75000	0.223196	25.293389
104	0.757805	75000	0.222883	25.516272
105	0.755690	75000	0.222500	25.738772
106	0.753579	75000	0.222089	25.960861
107	0.751471	75000	0.221688	26.182548
108	0.749366	75000	0.221341	26.403889
109	0.747266	75000	0.220956	26.624845
110	0.745168	75000	0.220557	26.845403
111	0.743075	75000	0.220148	27.065551
112	0.740984	75000	0.219836	27.285387
113	0.738898	75000	0.219449	27.504835
114	0.736815	75000	0.219005	27.723841
115	0.734735	75000	0.218626	27.942467
116	0.732659	75000	0.218285	28.160752
117	0.730586	75000	0.217925	28.378676
118	0.728517	75000	0.217527	28.596203
119	0.726452	75000	0.217160	28.813364
120	0.724390	75000	0.216750	29.030114
121	0.722331	75000	0.216383	29.246497
122	0.720276	75000	0.215988	29.462484
123	0.718225	75000	0.215625	29.678109
124	0.716177	75000	0.215318	29.893427
125	0.714132	75000	0.214917	30.108344
126	0.712091	75000	0.214460	30.322804
127	0.710054	75000	0.214067	30.536870
128	0.708020	75000	0.213797	30.750668
129	0.705989	75000	0.213338	30.964005
130	0.703962	75000	0.213069	31.177074
131	0.701939	75000	0.212598	31.389672
132	0.699919	75000	0.212157	31.601829
133	0.697902	75000	0.211809	31.813638
134	0.695889	75000	0.211542	32.025180
135	0.693880	75000	0.211079	32.236259
136	0.691874	75000	0.210772	32.447031
137	0.689871	75000	0.210392	32.657423
138	0.687872	75000	0.209944	32.867367
139	0.685877	75000	0.209640	33.077007
140	0.683885	75000	0.209282	33.286290
141	0.681896	75000	0.208878	33.495167
142	0.679911	75000	0.208524	33.703692
143	0.677929	75000	0.208086	33.911777
144	0.675951	75000	0.207757	34.119534
145	0.673976	75000	0.207363	34.326898
146	0.672005	75000	0.206998	34.533895
147	0.670037	75000	0.206637	34.740533
148	0.668073	75000	0.206290	34.946822
149	0.666112	75000	0.205904	35.152727
150	0.664155	75000	0.205485	35.358212
151	0.662201	75000	0.205026	35.563238
152	0.660250	75000	0.204683	35.767921
153	0.658303	75000	0.204393	35.972314
154	0.656359	75000	0.204022	36.176336
155	0.654419	75000	0.203681	36.380018
156	0.652483	75000	0.203279	36.583297
157	0.650549	75000	0.202898	36.786195
158	0.648619	75000	0.202558	36.988753
159	0.646693	75000	0.202214	37.190967
160	0.644770	75000	0.201780	37.392746
161	0.642851	75000	0.201431	37.594178
162	0.640934	75000	0.201067	37.795245
163	0.639022	75000	0.200631	37.995875
164	0.637113	75000	0.200297	38.196172
165	0.635207	75000	0.199988	38.396161
166	0.633304	75000	0.199567	38.595728
167	0.631405	75000	0.199239	38.794967
168	0.629510	75000	0.198849	38.993815
169	0.627618	75000	0.198442	39.192257
170	0.625729	75000	0.198158	39.390415
171	0.623844	75000	0.197742	39.588157
172	0.621962	75000	0.197396	39.785553
173	0.620083	75000	0.196987	39.982540
174	0.618208	75000	0.196676	40.179217
175	0.616337	75000	0.196237	40.375453
176	0.614468	75000	0.195881	40.571334
177	0.612604	75000	0.195556	40.766890
178	0.610742	75000	0.195157	40.962046
179	0.608884	75000	0.194806	41.156852
180	0.607029	75000	0.194494	41.351346
181	0.605178	75000	0.194144	41.545490
182	0.603330	75000	0.193687	41.739176
183	0.601486	75000	0.193359	41.932535
184	0.599645	75000	0.193011	42.125547
185	0.597807	75000	0.192646	42.318193
186	0.595973	75000	0.192239	42.510432
187	0.594142	75000	0.191893	42.702326
188	0.592314	75000	0.191640	42.893966
189	0.590490	75000	0.191202	43.085167
190	0.588669	75000	0.190831	43.275998
191	0.586852	75000	0.190418	43.466416
192	0.585038	75000	0.190107	43.656523
193	0.583227	75000	0.189701	43.846224
194	0.581420	75000	0.189367	44.035591
195	0.579616	75000	0.188996	44.224588
196	0.577815	75000	0.188626	44.413213
197	0.576018	75000	0.188248	44.601461
198	0.574224	75000	0.187925	44.789386
199	0.572433	75000	0.187570	44.976956
200	0.570646	75000	0.187162	45.164117
201	0.568862	75000	0.186820	45.350937
202	0.567082	75000	0.186472	45.537409
203	0.565305	75000	0.186107	45.723516
204	0.563531	75000	0.185746	45.909262
205	0.561761	75000	0.185389	46.094651
206	0.559993	75000	0.185029	46.279679
207	0.558230	75000	0.184607	46.464286
208	0.556469	75000	0.184280	46.648566
209	0.554712	75000	0.183882	46.832448
210	0.552958	75000	0.183619	47.016067
211	0.551208	75000	0.183252	47.199319
212	0.549461	75000	0.182875	47.382194
213	0.547717	75000	0.182485	47.564679
214	0.545977	75000	0.182113	47.746793
215	0.544240	75000	0.181755	47.928548
216	0.542506	75000	0.181418	48.109966
217	0.540775	75000	0.181097	48.291063
218	0.539048	75000	0.180711	48.471773
219	0.537324	75000	0.180285	48.652058
220	0.535604	75000	0.180048	48.832106
221	0.533887	75000	0.179644	49.011750
222	0.532173	75000	0.179360	49.191110
223	0.530462	75000	0.178850	49.369960
224	0.528755	75000	0.178558	49.548518
225	0.527051	75000	0.178224	49.726742
226	0.525350	75000	0.177891	49.904632
227	0.523653	75000	0.177534	50.082167
228	0.521958	75000	0.177173	50.259339
229	0.520268	75000	0.176801	50.436140
230	0.518580	75000	0.176461	50.612601
231	0.516896	75000	0.176154	50.788755
232	0.515215	75000	0.175744	50.964500
233	0.513537	75000	0.175334	51.139833
234	0.511863	75000	0.175050	51.314883
235	0.510192	75000	0.174646	51.489529
236	0.508524	75000	0.174363	51.663892
237	0.506859	75000	0.173975	51.837867
238	0.505198	75000	0.173601	52.011468
239	0.503540	75000	0.173364	52.184833
240	0.501885	75000	0.172843	52.357675
241	0.500234	75000	0.172588	52.530263
242	0.498586	75000	0.172216	52.702479
243	0.496941	75000	0.171918	52.874397
244	0.495299	75000	0.171520	53.045918
245	0.493660	75000	0.171060	53.216978
246	0.492025	75000	0.170852	53.387830
247	0.490393	75000	0.170406	53.558236
248	0.488765	75000	0.170192	53.728428
249	0.487139	75000	0.169780	53.898207
250	0.485517	75000	0.169387	54.067594
251	0.483898	75000	0.168990	54.236584
252	0.482283	75000	0.168679	54.405263
253	0.480670	75000	0.168360	54.573623
254	0.479061	75000	0.167980	54.741603
255	0.477455	75000	0.167686	54.909289
256	0.475852	75000	0.167319	55.076608
257	0.474253	75000	0.166933	55.243542
258	0.472656	75000	0.166590	55.410132
259	0.471063	75000	0.166291	55.576422
260	0.469474	75000	0.165977	55.742399
261	0.467887	75000	0.165582	55.907981
262	0.466304	75000	0.165216	56.073197
263	0.464723	75000	0.164823	56.238021
264	0.463146	75000	0.164436	56.402457
265	0.461573	75000	0.164157	56.566614
266	0.460002	75000	0.163754	56.730368
267	0.458435	75000	0.163465	56.893833
268	0.456871	75000	0.163119	57.056952
269	0.455310	75000	0.162838	57.219791
270	0.453752	75000	0.162422	57.382213
271	0.452198	75000	0.161998	57.544211
272	0.450647	75000	0.161629	57.705840
273	0.449098	75000	0.161370	57.867210
274	0.447554	75000	0.160945	58.028155
275	0.446012	75000	0.160706	58.188860
276	0.444473	75000	0.160370	58.349231
277	0.442938	75000	0.160050	58.509280
278	0.441406	75000	0.159679	58.668960
279	0.439877	75000	0.159326	58.828286
280	0.438351	75000	0.158838	58.987124
281	0.436829	75000	0.158684	59.145808
282	0.435309	75000	0.158339	59.304147
283	0.433793	75000	0.157989	59.462136
284	0.432280	75000	0.157632	59.619768
285	0.430770	75000	0.157322	59.777090
286	0.429263	75000	0.156927	59.934017
287	0.427760	75000	0.156551	60.090568
288	0.426259	75000	0.156201	60.246769
289	0.424762	75000	0.155908	60.402678
290	0.423268	75000	0.155595	60.558273
291	0.421777	75000	0.155239	60.713512
292	0.420289	75000	0.154856	60.868368
293	0.418805	75000	0.154497	61.022864
294	0.417323	75000	0.154215	61.177079
295	0.415845	75000	0.153868	61.330947
296	0.414370	75000	0.153456	61.484403
297	0.412898	75000	0.153219	61.637621
298	0.411429	75000	0.152813	61.790435
299	0.409963	75000	0.152523	61.942957
300	0.408501	75000	0.152197	62.095154
301	0.407041	75000	0.151851	62.247005
302	0.405585	75000	0.151414	62.398419
303	0.404132	75000	0.151145	62.549564
304	0.402682	75000	0.150787	62.700351
305	0.401235	75000	0.150435	62.850786
306	0.399791	75000	0.150107	63.000893
307	0.398350	75000	0.149740	63.150633
308	0.396913	75000	0.149483	63.300116
309	0.395478	75000	0.149065	63.449181
310	0.394047	75000	0.148786	63.597967
311	0.392619	75000	0.148426	63.746393
312	0.391194	75000	0.148107	63.894500
313	0.389772	75000	0.147724	64.042225
314	0.388353	75000	0.147372	64.189597
315	0.386937	75000	0.147043	64.336641
316	0.385524	75000	0.146800	64.483441
317	0.384115	75000	0.146432	64.629873
318	0.382708	75000	0.146077	64.775950
319	0.381305	75000	0.145815	64.921765
320	0.379904	75000	0.145486	65.067251
321	0.378507	75000	0.145078	65.212329
322	0.377113	75000	0.144765	65.357094
323	0.375722	75000	0.144422	65.501516
324	0.374334	75000	0.143994	65.645510
325	0.372949	75000	0.143737	65.789247
326	0.371567	75000	0.143459	65.932706
327	0.370189	75000	0.142988	66.075694
328	0.368813	75000	0.142711	66.218404
329	0.367440	75000	0.142446	66.360850
330	0.366071	75000	0.142079	66.502929
331	0.364705	75000	0.141757	66.644686
332	0.363341	75000	0.141388	66.786074
333	0.361981	75000	0.141022	66.927096
334	0.360624	75000	0.140769	67.067865
335	0.359269	75000	0.140454	67.208320
336	0.357918	75000	0.140064	67.348383
337	0.356570	75000	0.139785	67.488168
338	0.355225	75000	0.139443	67.627611
339	0.353883	75000	0.139077	67.766688
340	0.352544	75000	0.138737	67.905425
341	0.351208	75000	0.138460	68.043885
342	0.349875	75000	0.138186	68.182072
343	0.348546	75000	0.137795	68.319867
344	0.347219	75000	0.137447	68.457314
345	0.345895	75000	0.137115	68.594430
346	0.344574	75000	0.136741	68.731170
347	0.343257	75000	0.136337	68.867507
348	0.341942	75000	0.136050	69.003557
349	0.340630	75000	0.135815	69.139372
350	0.339322	75000	0.135484	69.274856
351	0.338016	75000	0.135105	69.409961
352	0.336714	75000	0.134838	69.544799
353	0.335414	75000	0.134485	69.679283
354	0.334118	75000	0.134037	69.813320
355	0.332824	75000	0.133811	69.947131
356	0.331534	75000	0.133448	70.080579
357	0.330246	75000	0.133186	70.213765
358	0.328962	75000	0.132903	70.346668
359	0.327680	75000	0.132599	70.479268
360	0.326401	75000	0.132297	70.611564
361	0.325126	75000	0.131736	70.743300
362	0.323853	75000	0.131497	70.874798
363	0.322584	75000	0.131165	71.005962
364	0.321317	75000	0.130900	71.136862
365	0.320054	75000	0.130533	71.267396
366	0.318793	75000	0.130248	71.397644
367	0.317536	75000	0.129997	71.527640
368	0.316281	75000	0.129539	71.657179
369	0.315030	75000	0.129336	71.786515
370	0.313781	75000	0.128912	71.915427
371	0.312535	75000	0.128620	72.044047
372	0.311293	75000	0.128292	72.172340
373	0.310053	75000	0.128035	72.300374
374	0.308816	75000	0.127632	72.428007
375	0.307582	75000	0.127374	72.555381
376	0.306352	75000	0.127033	72.682414
377	0.305124	75000	0.126669	72.809083
378	0.303899	75000	0.126353	72.935435
379	0.302677	75000	0.126067	73.061502
380	0.301458	75000	0.125676	73.187179
381	0.300242	75000	0.125439	73.312617
382	0.299029	75000	0.125077	73.437694
383	0.297819	75000	0.124787	73.562481
384	0.296611	75000	0.124400	73.686881
385	0.295407	75000	0.124102	73.810983
386	0.294206	75000	0.123777	73.934759
387	0.293007	75000	0.123504	74.058263
388	0.291812	75000	0.123051	74.181314
389	0.290619	75000	0.122900	74.304214
390	0.289430	75000	0.122476	74.426690
391	0.288243	75000	0.122230	74.548920
392	0.287059	75000	0.121865	74.670785
393	0.285879	75000	0.121570	74.792354
394	0.284701	75000	0.121166	74.913520
395	0.283526	75000	0.120930	75.034450
396	0.282354	75000	0.120568	75.155018
397	0.281184	75000	0.120313	75.275331
398	0.280018	75000	0.120024	75.395356
399	0.278855	75000	0.119607	75.514963
400	0.277694	75000	0.119311	75.634274
401	0.276537	75000	0.119013	75.753287
402	0.275382	75000	0.118711	75.871998
403	0.274230	75000	0.118373	75.990372
404	0.273082	75000	0.118071	76.108443
405	0.271936	75000	0.117793	76.226236
406	0.270793	75000	0.117565	76.343801
407	0.269652	75000	0.117051	76.460852
408	0.268515	75000	0.116840	76.577692
409	0.267381	75000	0.116539	76.694231
410	0.266249	75000	0.116202	76.810433
411	0.265121	75000	0.115906	76.926339
412	0.263995	75000	0.115518	77.041857
413	0.262872	75000	0.115225	77.157082
414	0.261752	75000	0.114946	77.272028
415	0.260635	75000	0.114629	77.386657
416	0.259520	75000	0.114270	77.500926
417	0.258409	75000	0.114019	77.614945
418	0.257300	75000	0.113667	77.728611
419	0.256195	75000	0.113343	77.841954
420	0.255092	75000	0.113115	77.955069
421	0.253992	75000	0.112717	78.067786
422	0.252895	75000	0.112439	78.180225
423	0.251800	75000	0.112169	78.292394
424	0.250709	75000	0.111767	78.404160
425	0.249620	75000	0.111444	78.515604
426	0.248534	75000	0.111263	78.626868
427	0.247451	75000	0.110893	78.737761
428	0.246371	75000	0.110558	78.848319
429	0.245294	75000	0.110209	78.958528
430	0.244220	75000	0.109896	79.068423
431	0.243148	75000	0.109687	79.178111
432	0.242079	75000	0.109218	79.287329
433	0.241013	75000	0.108989	79.396318
434	0.239950	75000	0.108651	79.504969
435	0.238890	75000	0.108375	79.613344
436	0.237832	75000	0.108123	79.721467
437	0.236778	75000	0.107821	79.829288
438	0.235726	75000	0.107485	79.936773
439	0.234677	75000	0.107138	80.043911
440	0.233630	75000	0.106819	80.150730
441	0.232587	75000	0.106560	80.257290
442	0.231546	75000	0.106195	80.363485
443	0.230509	75000	0.105996	80.469481
444	0.229473	75000	0.105625	80.575105
445	0.228441	75000	0.105269	80.680374
446	0.227412	75000	0.105026	80.785401
447	0.226385	75000	0.104669	80.890069
448	0.225361	75000	0.104345	80.994414
449	0.224340	75000	0.104088	81.098502
450	0.223322	75000	0.103819	81.202321
451	0.222306	75000	0.103531	81.305852
452	0.221293	75000	0.103162	81.409014
453	0.220283	75000	0.102843	81.511856
454	0.219276	75000	0.102539	81.614395
455	0.218272	75000	0.102312	81.716707
456	0.217270	75000	0.101993	81.818700
457	0.216271	75000	0.101544	81.920243
458	0.215275	75000	0.101240	82.021483
459	0.214281	75000	0.101031	82.122514
460	0.213291	75000	0.100740	82.223254
461	0.212303	75000	0.100379	82.323632
462	0.211318	75000	0.100126	82.423758
463	0.210335	75000	0.099955	82.523713
464	0.209356	75000	0.099450	82.623163
465	0.208379	75000	0.099263	82.722426
466	0.207404	75000	0.098939	82.821365
467	0.206433	75000	0.098646	82.920011
468	0.205464	75000	0.098346	83.018357
469	0.204498	75000	0.097983	83.116340
470	0.203535	75000	0.097745	83.214085
471	0.202575	75000	0.097356	83.311441
472	0.201617	75000	0.097074	83.408515
473	0.200662	75000	0.096916	83.505431
474	0.199709	75000	0.096540	83.601971
475	0.198760	75000	0.096429	83.698400
476	0.197813	75000	0.095994	83.794394
477	0.196869	75000	0.095634	83.890029
478	0.195927	75000	0.095372	83.985400
479	0.194988	75000	0.095037	84.080437
480	0.194052	75000	0.094727	84.175164
481	0.193119	75000	0.094455	84.269618
482	0.192188	75000	0.094094	84.363712
483	0.191260	75000	0.093748	84.457460
484	0.190335	75000	0.093600	84.551060
485	0.189412	75000	0.093215	84.644275
486	0.188492	75000	0.092997	84.737272
487	0.187575	75000	0.092640	84.829912
488	0.186660	75000	0.092279	84.922192
489	0.185749	75000	0.091988	85.014179
490	0.184839	75000	0.091864	85.106043
491	0.183933	75000	0.091405	85.197448
492	0.183029	75000	0.091172	85.288620
493	0.182128	75000	0.090787	85.379407
494	0.181229	75000	0.090475	85.469882
495	0.180333	75000	0.090209	85.560091
496	0.179440	75000	0.089972	85.650063
497	0.178550	75000	0.089678	85.739741
498	0.177662	75000	0.089488	85.829229
499	0.176777	75000	0.089135	85.918365
500	0.175894	75000	0.088862	86.007227
501	0.175014	75000	0.088579	86.095805
502	0.174137	75000	0.088311	86.184116
503	0.173262	75000	0.087869	86.271986
504	0.172390	75000	0.087725	86.359711
505	0.171521	75000	0.087242	86.446953
506	0.170654	75000	0.086998	86.533951
507	0.169790	75000	0.086655	86.620606
508	0.168929	75000	0.086498	86.707104
509	0.168070	75000	0.086192	86.793296
510	0.167214	75000	0.085803	86.879099
511	0.166360	75000	0.085570	86.964668
512	0.165509	75000	0.085248	87.049916
513	0.164661	75000	0.085020	87.134936
514	0.163815	75000	0.084730	87.219666
515	0.162972	75000	0.084430	87.304096
516	0.162132	75000	0.084009	87.388105
517	0.161294	75000	0.083859	87.471964
518	0.160458	75000	0.083492	87.555457
519	0.159626	75000	0.083219	87.638675
520	0.158796	75000	0.082946	87.721621
521	0.157968	75000	0.082778	87.804399
522	0.157143	75000	0.082470	87.886870
523	0.156321	75000	0.082143	87.969012
524	0.155501	75000	0.081730	88.050742
525	0.154684	75000	0.081700	88.132442
526	0.153870	75000	0.081307	88.213749
527	0.153058	75000	0.081003	88.294752
528	0.152248	75000	0.080722	88.375474
529	0.151441	75000	0.080346	88.455820
530	0.150637	75000	0.080174	88.535994
531	0.149835	75000	0.079834	88.615829
532	0.149036	75000	0.079401	88.695230
533	0.148240	75000	0.079334	88.774564
534	0.147446	75000	0.078929	88.853493
535	0.146654	75000	0.078736	88.932228
536	0.145865	75000	0.078421	89.010649
537	0.145079	75000	0.078086	89.088735
538	0.144295	75000	0.077973	89.166708
539	0.143514	75000	0.077547	89.244255
540	0.142735	75000	0.077209	89.321464
541	0.141959	75000	0.076938	89.398402
542	0.141186	75000	0.076594	89.474996
543	0.140415	75000	0.076427	89.551423
544	0.139646	75000	0.076191	89.627614
545	0.138880	75000	0.075832	89.703446
546	0.138116	75000	0.075427	89.778873
547	0.137356	75000	0.075407	89.854280
548	0.136597	75000	0.075001	89.929281
549	0.135841	75000	0.074763	90.004045
550	0.135088	75000	0.074428	90.078473
551	0.134337	75000	0.074171	90.152644
552	0.133588	75000	0.073814	90.226458
553	0.132843	75000	0.073618	90.300075
554	0.132099	75000	0.073229	90.373304
555	0.131358	75000	0.072904	90.446208
556	0.130620	75000	0.072790	90.518998
557	0.129884	75000	0.072447	90.591445
558	0.129151	75000	0.072131	90.663576
559	0.128420	75000	0.071823	90.735399
560	0.127691	75000	0.071606	90.807005
561	0.126965	75000	0.071386	90.878392
562	0.126242	75000	0.071131	90.949523
563	0.125521	75000	0.070807	91.020330
564	0.124802	75000	0.070420	91.090750
565	0.124086	75000	0.070268	91.161018
566	0.123373	75000	0.069916	91.230934
567	0.122662	75000	0.069680	91.300614
568	0.121953	75000	0.069303	91.369917
569	0.121247	75000	0.069092	91.439008
570	0.120543	75000	0.068926	91.507934
571	0.119842	75000	0.068474	91.576408
572	0.119143	75000	0.068203	91.644611
573	0.118447	75000	0.067997	91.712608
574	0.117753	75000	0.067756	91.780364
575	0.117062	75000	0.067338	91.847702
576	0.116373	75000	0.067186	91.914888
577	0.115686	75000	0.066825	91.981712
578	0.115002	75000	0.066821	92.048534
579	0.114320	75000	0.066507	92.115041
580	0.113641	75000	0.065930	92.180971
581	0.112964	75000	0.065853	92.246824
582	0.112290	75000	0.065406	92.312230
583	0.111618	75000	0.065047	92.377277
584	0.110948	75000	0.065055	92.442332
585	0.110281	75000	0.064629	92.506960
586	0.109616	75000	0.064322	92.571282
587	0.108954	75000	0.064282	92.635564
588	0.108294	75000	0.063739	92.699303
589	0.107637	75000	0.063545	92.762848
590	0.106981	75000	0.063342	92.826190
591	0.106329	75000	0.062927	92.889117
592	0.105678	75000	0.062702	92.951819
593	0.105030	75000	0.062386	93.014206
594	0.104385	75000	0.062296	93.076502
595	0.103742	75000	0.061879	93.138381
596	0.103101	75000	0.061715	93.200096
597	0.102463	75000	0.061355	93.261451
598	0.101827	75000	0.061093	93.322544
599	0.101193	75000	0.060843	93.383388
600	0.100562	75000	0.060589	93.443977
601	0.099933	75000	0.060397	93.504373
602	0.099306	75000	0.060061	93.564434
603	0.098682	75000	0.059656	93.624090
604	0.098060	75000	0.059370	93.683459
605	0.097441	75000	0.059223	93.742682
606	0.096824	75000	0.058957	93.801639
607	0.096209	75000	0.058596	93.860235
608	0.095596	75000	0.058228	93.918463
609	0.094986	75000	0.058138	93.976600
610	0.094379	75000	0.057807	94.034408
611	0.093773	75000	0.057648	94.092055
612	0.093170	75000	0.057188	94.149243
613	0.092570	75000	0.056884	94.206127
614	0.091971	75000	0.056727	94.262854
615	0.091375	75000	0.056629	94.319483
616	0.090781	75000	0.056243	94.375726
617	0.090190	75000	0.056071	94.431797
618	0.089601	75000	0.055629	94.487425
619	0.089014	75000	0.055387	94.542812
620	0.088430	75000	0.055165	94.597977
621	0.087848	75000	0.054936	94.652913
622	0.087268	75000	0.054650	94.707563
623	0.086690	75000	0.054339	94.761902
624	0.086115	75000	0.054147	94.816049
625	0.085542	75000	0.053799	94.869849
626	0.084971	75000	0.053497	94.923346
627	0.084403	75000	0.053368	94.976714
628	0.083837	75000	0.053115	95.029829
629	0.083273	75000	0.052899	95.082728
630	0.082712	75000	0.052630	95.135358
631	0.082152	75000	0.052078	95.187436
632	0.081595	75000	0.051933	95.239369
633	0.081041	75000	0.051693	95.291062
634	0.080488	75000	0.051312	95.342375
635	0.079938	75000	0.051233	95.393608
636	0.079390	75000	0.051144	95.444752
637	0.078845	75000	0.050527	95.495279
638	0.078301	75000	0.050283	95.545562
639	0.077760	75000	0.050327	95.595889
640	0.077221	75000	0.049805	95.645694
641	0.076684	75000	0.049600	95.695294
642	0.076150	75000	0.049204	95.744498
643	0.075618	75000	0.049130	95.793628
644	0.075088	75000	0.048821	95.842449
645	0.074560	75000	0.048506	95.890955
646	0.074035	75000	0.048326	95.939281
647	0.073512	75000	0.047836	95.987117
648	0.072991	75000	0.047796	96.034913
649	0.072472	75000	0.047353	96.082266
650	0.071955	75000	0.047349	96.129615
651	0.071441	75000	0.046872	96.176487
652	0.070929	75000	0.046606	96.223094
653	0.070419	75000	0.046487	96.269581
654	0.069911	75000	0.046123	96.315704
655	0.069406	75000	0.045765	96.361468
656	0.068903	75000	0.045645	96.407114
657	0.068401	75000	0.045550	96.452663
658	0.067903	75000	0.045255	96.497918
659	0.067406	75000	0.044912	96.542830
660	0.066911	75000	0.044397	96.587228
661	0.066419	75000	0.044185	96.631413
662	0.065929	75000	0.044005	96.675418
663	0.065441	75000	0.043800	96.719218
664	0.064955	75000	0.043390	96.762608
665	0.064471	75000	0.043293	96.805900
666	0.063990	75000	0.042986	96.848887
667	0.063510	75000	0.042739	96.891626
668	0.063033	75000	0.042224	96.933849
669	0.062558	75000	0.042257	96.976107
670	0.062085	75000	0.041870	97.017977
671	0.061615	75000	0.041792	97.059768
672	0.061146	75000	0.041298	97.101066
673	0.060680	75000	0.041146	97.142212
674	0.060216	75000	0.040918	97.183130
675	0.059753	75000	0.040433	97.223563
676	0.059293	75000	0.040367	97.263930
677	0.058836	75000	0.040064	97.303994
678	0.058380	75000	0.039684	97.343678
679	0.057926	75000	0.039669	97.383347
680	0.057475	75000	0.039190	97.422537
681	0.057025	75000	0.039244	97.461782
682	0.056578	75000	0.038684	97.500466
683	0.056133	75000	0.038392	97.538858
684	0.055690	75000	0.038232	97.577089
685	0.055249	75000	0.037954	97.615043
686	0.054810	75000	0.037980	97.653024
687	0.054373	75000	0.037590	97.690613
688	0.053939	75000	0.037322	97.727935
689	0.053506	75000	0.037026	97.764961
690	0.053076	75000	0.036718	97.801679
691	0.052647	75000	0.036341	97.838020
692	0.052221	75000	0.036167	97.874187
693	0.051797	75000	0.036248	97.910435
694	0.051375	75000	0.035781	97.946216
695	0.050955	75000	0.035491	97.981707
696	0.050537	75000	0.035116	98.016822
697	0.050121	75000	0.035023	98.051845
698	0.049707	75000	0.034632	98.086477
699	0.049295	75000	0.034417	98.120894
700	0.048885	75000	0.034202	98.155096
701	0.048478	75000	0.033759	98.188856
702	0.048072	75000	0.033760	98.222616
703	0.047668	75000	0.033245	98.255861
704	0.047267	75000	0.032854	98.288714
705	0.046867	75000	0.032862	98.321577
706	0.046470	75000	0.032527	98.354104
707	0.046074	75000	0.032291	98.386395
708	0.045681	75000	0.032016	98.418411
709	0.045289	75000	0.031795	98.450205
710	0.044900	75000	0.031333	98.481539
711	0.044512	75000	0.031214	98.512753
712	0.044127	75000	0.030840	98.543593
713	0.043744	75000	0.030863	98.574456
714	0.043362	75000	0.030306	98.604762
715	0.042983	75000	0.030003	98.634765
716	0.042606	75000	0.030033	98.664798
717	0.042230	75000	0.029347	98.694144
718	0.041857	75000	0.029616	98.723761
719	0.041485	75000	0.029119	98.752879
720	0.041116	75000	0.028931	98.781810
721	0.040749	75000	0.028660	98.810470
722	0.040383	75000	0.028363	98.838834
723	0.040020	75000	0.028010	98.866843
724	0.039658	75000	0.027823	98.894666
725	0.039299	75000	0.027375	98.922041
726	0.038941	75000	0.027123	98.949164
727	0.038585	75000	0.026920	98.976084
728	0.038232	75000	0.026687	99.002772
729	0.037880	75000	0.026266	99.029038
730	0.037530	75000	0.026192	99.055230
731	0.037182	75000	0.025865	99.081095
732	0.036836	75000	0.025840	99.106935
733	0.036493	75000	0.024976	99.131911
734	0.036151	75000	0.025039	99.156950
735	0.035810	75000	0.024834	99.181783
736	0.035472	75000	0.024621	99.206404
737	0.035136	75000	0.024092	99.230496
738	0.034802	75000	0.024014	99.254510
739	0.034469	75000	0.023834	99.278344
740	0.034139	75000	0.023143	99.301487
741	0.033810	75000	0.023412	99.324899
742	0.033484	75000	0.022873	99.347773
743	0.033159	75000	0.022738	99.370511
744	0.032836	75000	0.022478	99.392989
745	0.032515	75000	0.022129	99.415118
746	0.032196	75000	0.022103	99.437220
747	0.031879	75000	0.021609	99.458830
748	0.031563	75000	0.021451	99.480280
749	0.031250	75000	0.020882	99.501162
750	0.030938	75000	0.020661	99.521823
751	0.030629	75000	0.020357	99.542180
752	0.030321	75000	0.020474	99.562654
753	0.030015	75000	0.019924	99.582578
754	0.029711	75000	0.019409	99.601987
755	0.029409	75000	0.019531	99.621518
756	0.029108	75000	0.019040	99.640558
757	0.028810	75000	0.018666	99.659224
758	0.028513	75000	0.018225	99.677449
759	0.028218	75000	0.018151	99.695601
760	0.027925	75000	0.018115	99.713716
761	0.027634	75000	0.017595	99.731311
762	0.027345	75000	0.017603	99.748914
763	0.027057	75000	0.017016	99.765930
764	0.026771	75000	0.016565	99.782494
765	0.026487	75000	0.016652	99.799146
766	0.026205	75000	0.015943	99.815090
767	0.025925	75000	0.015991	99.831080
768	0.025647	75000	0.015425	99.846505
769	0.025370	75000	0.015053	99.861559
770	0.025095	75000	0.014835	99.876394
771	0.024822	75000	0.014755	99.891149
772	0.024551	75000	0.014427	99.905576
773	0.024281	75000	0.014318	99.919895
774	0.024014	75000	0.014202	99.934096
775	0.023748	75000	0.013345	99.947442
776	0.023483	75000	0.013632	99.961074
777	0.023221	75000	0.013174	99.974248
778	0.022960	75000	0.012185	99.986432
779	0.022702	75000	0.012037	99.998469
780	0.022445	75000	0.012033	100.010502
781	0.022189	75000	0.011961	100.022463
782	0.021936	75000	0.011093	100.033556
783	0.021684	75000	0.011146	100.044702
784	0.021434	75000	0.010995	100.055697
785	0.021185	75000	0.010149	100.065846
786	0.020939	75000	0.009828	100.075673
787	0.020694	75000	0.009574	100.085247
788	0.020451	75000	0.008962	100.094209
789	0.020209	75000	0.009053	100.103262
790	0.019969	75000	0.008926	100.112188
791	0.019731	75000	0.008276	100.120464
792	0.019495	75000	0.008124	100.128588
793	0.019261	75000	0.007347	100.135936
794	0.019028	75000	0.007747	100.143682
795	0.018796	75000	0.006951	100.150633
796	0.018567	75000	0.006403	100.157036
797	0.018339	75000	0.006088	100.163124
798	0.018113	75000	0.005835	100.168959
799	0.017889	75000	0.005561	100.174520
800	0.017666	75000	0.005068	100.179588
801	0.017445	75000	0.003812	100.183400
802	0.017225	75000	0.004872	100.188271
803	0.017007	75000	0.004044	100.192315
804	0.016791	75000	0.003366	100.195682
805	0.016577	75000	0.003427	100.199108
806	0.016364	75000	0.002931	100.202040
807	0.016153	75000	0.002546	100.204585
808	0.015943	75000	0.001575	100.206161
809	0.015736	75000	0.001403	100.207563
810	0.015529	75000	0.001058	100.208622
811	0.015325	75000	0.001038	100.209659
812	0.015122	75000	0.000258	100.209917
813	0.014920	75000	-0.000392	100.209525
814	0.014721	75000	-0.000468	100.209057
815	0.014523	75000	-0.001254	100.207803
816	0.014326	75000	-0.002079	100.205724
817	0.014131	75000	-0.001362	100.204362
818	0.013938	75000	-0.002623	100.201739
819	0.013746	75000	-0.003201	100.198538
820	0.013556	75000	-0.003782	100.194755
821	0.013367	75000	-0.004099	100.190656
822	0.013181	75000	-0.004556	100.186100
823	0.012995	75000	-0.004665	100.181435
824	0.012811	75000	-0.005201	100.176234
825	0.012629	75000	-0.007268	100.168966
826	0.012448	75000	-0.006325	100.162641
827	0.012269	75000	-0.007912	100.154730
828	0.012092	75000	-0.008042	100.146688
829	0.011916	75000	-0.009221	100.137466
830	0.011741	75000	-0.010785	100.126682
831	0.011568	75000	-0.009856	100.116826
832	0.011397	75000	-0.009914	100.106911
833	0.011227	75000	-0.010729	100.096182
834	0.011059	75000	-0.011600	100.084582
835	0.010892	75000	-0.011582	100.073000
836	0.010727	75000	-0.013480	100.059520
837	0.010563	75000	-0.014302	100.045218
838	0.010401	75000	-0.015021	100.030197
839	0.010240	75000	-0.015519	100.014678
840	0.010081	75000	-0.016853	99.997825
841	0.009923	75000	-0.019061	99.978764
842	0.009767	75000	-0.018372	99.960392
843	0.009612	75000	-0.020218	99.940173
844	0.009459	75000	-0.019682	99.920491
845	0.009307	75000	-0.020395	99.900096
846	0.009156	75000	-0.021450	99.878646
847	0.009008	75000	-0.023933	99.854713
848	0.008860	75000	-0.026334	99.828380
849	0.008714	75000	-0.025150	99.803230
850	0.008570	75000	-0.028272	99.774957
851	0.008427	75000	-0.026693	99.748265
852	0.008285	75000	-0.030494	99.717771
853	0.008145	75000	-0.030966	99.686805
854	0.008006	75000	-0.030568	99.656237
855	0.007869	75000	-0.033322	99.622915
856	0.007733	75000	-0.034280	99.588635
857	0.007598	75000	-0.035250	99.553385
858	0.007465	75000	-0.040322	99.513063
859	0.007334	75000	-0.040162	99.472901
860	0.007203	75000	-0.043684	99.429217
861	0.007075	75000	-0.042120	99.387097
862	0.006947	75000	-0.042404	99.344693
863	0.006821	75000	-0.044866	99.299827
864	0.006696	75000	-0.046520	99.253306
865	0.006573	75000	-0.049256	99.204050
866	0.006451	75000	-0.051570	99.152481
867	0.006330	75000	-0.052051	99.100430
868	0.006211	75000	-0.056425	99.044005
869	0.006093	75000	-0.057579	98.986426
870	0.005977	75000	-0.056268	98.930158
871	0.005862	75000	-0.058844	98.871314
872	0.005748	75000	-0.063057	98.808257
873	0.005635	75000	-0.065173	98.743084
874	0.005524	75000	-0.064113	98.678970
875	0.005414	75000	-0.067986	98.610984
876	0.005306	75000	-0.066426	98.544558
877	0.005199	75000	-0.068234	98.476324
878	0.005093	75000	-0.071300	98.405025
879	0.004988	75000	-0.075054	98.329971
880	0.004885	75000	-0.076875	98.253095
881	0.004783	75000	-0.079159	98.173937
882	0.004682	75000	-0.079148	98.094788
883	0.004583	75000	-0.081817	98.012972
884	0.004485	75000	-0.080988	97.931984
885	0.004388	75000	-0.084952	97.847032
886	0.004292	75000	-0.084763	97.762268
887	0.004198	75000	-0.086963	97.675305
888	0.004105	75000	-0.086662	97.588643
889	0.004013	75000	-0.091266	97.497377
890	0.003923	75000	-0.091772	97.405605
891	0.003833	75000	-0.090862	97.314744
892	0.003745	75000	-0.093049	97.221695
893	0.003658	75000	-0.094978	97.126716
894	0.003573	75000	-0.093773	97.032943
895	0.003488	75000	-0.095978	96.936965
896	0.003405	75000	-0.096949	96.840016
897	0.003323	75000	-0.095470	96.744547
898	0.003242	75000	-0.096867	96.647679
899	0.003162	75000	-0.096797	96.550883
900	0.003084	75000	-0.096897	96.453986
901	0.003007	75000	-0.097053	96.356933
902	0.002930	75000	-0.096298	96.260636
903	0.002855	75000	-0.097407	96.163229
904	0.002782	75000	-0.094849	96.068380
905	0.002709	75000	-0.095664	95.972716
906	0.002638	75000	-0.095854	95.876862
907	0.002567	75000	-0.094644	95.782217
908	0.002498	75000	-0.094648	95.687570
909	0.002430	75000	-0.093941	95.593629
910	0.002363	75000	-0.092731	95.500898
911	0.002297	75000	-0.093285	95.407613
912	0.002233	75000	-0.093180	95.314433
913	0.002169	75000	-0.092864	95.221569
914	0.002106	75000	-0.091489	95.130081
915	0.002045	75000	-0.091896	95.038185
916	0.001985	75000	-0.090080	94.948105
917	0.001925	75000	-0.089396	94.858709
918	0.001867	75000	-0.087541	94.771168
919	0.001810	75000	-0.087706	94.683462
920	0.001754	75000	-0.086461	94.597001
921	0.001699	75000	-0.085807	94.511194
922	0.001645	75000	-0.084427	94.426767
923	0.001592	75000	-0.082657	94.344110
924	0.001540	75000	-0.081986	94.262125
925	0.001490	75000	-0.081415	94.180710
926	0.001440	75000	-0.079887	94.100823
927	0.001391	75000	-0.078809	94.022014
928	0.001343	75000	-0.077219	93.944795
929	0.001296	75000	-0.076160	93.868635
930	0.001251	75000	-0.074650	93.793985
931	0.001206	75000	-0.073892	93.720093
932	0.001162	75000	-0.072038	93.648055
933	0.001119	75000	-0.070960	93.577095
934	0.001077	75000	-0.070243	93.506852
935	0.001036	75000	-0.068674	93.438178
936	0.000996	75000	-0.067584	93.370594
937	0.000957	75000	-0.066048	93.304546
938	0.000919	75000	-0.063943	93.240603
939	0.000882	75000	-0.062833	93.177770
940	0.000846	75000	-0.061397	93.116374
941	0.000810	75000	-0.059916	93.056458
942	0.000776	75000	-0.059032	92.997426
943	0.000742	75000	-0.057488	92.939938
944	0.000709	75000	-0.056091	92.883848
945	0.000678	75000	-0.054858	92.828990
946	0.000647	75000	-0.053929	92.775061
947	0.000617	75000	-0.052109	92.722952
948	0.000587	75000	-0.050674	92.672278
949	0.000559	75000	-0.049317	92.622961
950	0.000531	75000	-0.047971	92.574991
951	0.000505	75000	-0.046783	92.528208
952	0.000479	75000	-0.045338	92.482870
953	0.000454	75000	-0.044008	92.438862
954	0.000430	75000	-0.042642	92.396220
955	0.000406	75000	-0.041400	92.354820
956	0.000383	75000	-0.040263	92.314558
957	0.000362	75000	-0.038772	92.275785
958	0.000340	75000	-0.037484	92.238301
959	0.000320	75000	-0.036034	92.202267
960	0.000300	75000	-0.034910	92.167357
961	0.000281	75000	-0.033697	92.133659
962	0.000263	75000	-0.032379	92.101280
963	0.000246	75000	-0.031031	92.070249
964	0.000229	75000	-0.029978	92.040271
965	0.000213	75000	-0.028595	92.011677
966	0.000198	75000	-0.027444	91.984232
967	0.000183	75000	-0.026253	91.957980
968	0.000169	75000	-0.025019	91.932960
969	0.000156	75000	-0.023853	91.909107
970	0.000143	75000	-0.022670	91.886437
971	0.000131	75000	-0.021598	91.864839
972	0.000120	75000	-0.020523	91.844315
973	0.000109	75000	-0.019392	91.824923
974	0.000099	75000	-0.018235	91.806688
975	0.000089	75000	-0.017221	91.789467
976	0.000080	75000	-0.016136	91.773331
977	0.000072	75000	-0.015212	91.758118
978	0.000064	75000	-0.014144	91.743975
979	0.000057	75000	-0.013216	91.730759
980	0.000050	75000	-0.012335	91.718424
981	0.000043	75000	-0.011371	91.707053
982	0.000038	75000	-0.010416	91.696637
983	0.000032	75000	-0.009555	91.687082
984	0.000028	75000	-0.008732	91.678350
985	0.000023	75000	-0.007949	91.670401
986	0.000019	75000	-0.007094	91.663307
987	0.000016	75000	-0.006320	91.656986
988	0.000013	75000	-0.005568	91.651419
989	0.000010	75000	-0.004851	91.646568
990	0.000008	75000	-0.004205	91.642363
991	0.000006	75000	-0.003527	91.638836
992	0.000004	75000	-0.002938	91.635897
993	0.000003	75000	-0.002373	91.633524
994	0.000002	75000	-0.001849	91.631675
995	0.000001	75000	-0.001367	91.630308
996	0.000000	75000	-0.000942	91.629366
997	0.000000	75000	-0.000567	91.628799
998	0.000000	75000	-0.000266	91.628533
999	0.000000	75000	-0.000057	91.628476
Log marginal likelihood:	91.628476
