Steppingstone sampler:
        No Stones:                  1000
        Start It:                   10000001
        It Per Stone:               100000
        Sample Freq:                1
        Dist:                       Beta(0.400000,1.000000)
Stone No	Power	N	Stone MLh	Running MLh
0	0.997502	75000	0.049398	0.049398
1	0.995007	75000	0.049377	0.098775
2	0.992517	75000	0.049230	0.148005
3	0.990030	75000	0.049207	0.197212
4	0.987547	75000	0.049117	0.246329
5	0.985067	75000	0.049027	0.295357
6	0.982592	75000	0.048969	0.344326
7	0.980120	75000	0.048921	0.393247
8	0.977652	75000	0.048843	0.442090
9	0.975187	75000	0.048747	0.490837
10	0.972726	75000	0.048638	0.539475
11	0.970269	75000	0.048592	0.588067
12	0.967816	75000	0.048525	0.636592
13	0.965367	75000	0.048347	0.684939
14	0.962921	75000	0.048345	0.733283
15	0.960479	75000	0.048218	0.781502
16	0.958040	75000	0.048150	0.829652
17	0.955606	75000	0.048041	0.877693
18	0.953175	75000	0.048008	0.925701
19	0.950747	75000	0.047969	0.973670
20	0.948324	75000	0.047833	1.021502
21	0.945904	75000	0.047806	1.069308
22	0.943488	75000	0.047665	1.116973
23	0.941076	75000	0.047590	1.164563
24	0.938667	75000	0.047534	1.212097
25	0.936262	75000	0.047456	1.259553
26	0.933861	75000	0.047351	1.306904
27	0.931463	75000	0.047276	1.354180
28	0.929069	75000	0.047223	1.401404
29	0.926679	75000	0.047127	1.448531
30	0.924293	75000	0.047018	1.495549
31	0.921910	75000	0.046982	1.542531
32	0.919531	75000	0.046841	1.589372
33	0.917155	75000	0.046754	1.636126
34	0.914783	75000	0.046743	1.682869
35	0.912415	75000	0.046620	1.729489
36	0.910051	75000	0.046553	1.776042
37	0.907690	75000	0.046448	1.822490
38	0.905333	75000	0.046436	1.868926
39	0.902980	75000	0.046256	1.915182
40	0.900630	75000	0.046258	1.961440
41	0.898284	75000	0.046127	2.007567
42	0.895942	75000	0.046054	2.053620
43	0.893603	75000	0.045991	2.099612
44	0.891268	75000	0.045958	2.145569
45	0.888937	75000	0.045764	2.191333
46	0.886609	75000	0.045737	2.237070
47	0.884285	75000	0.045744	2.282815
48	0.881965	75000	0.045646	2.328461
49	0.879648	75000	0.045498	2.373959
50	0.877335	75000	0.045480	2.419439
51	0.875026	75000	0.045296	2.464735
52	0.872720	75000	0.045281	2.510016
53	0.870418	75000	0.045191	2.555207
54	0.868120	75000	0.045120	2.600327
55	0.865825	75000	0.045096	2.645423
56	0.863534	75000	0.044973	2.690395
57	0.861246	75000	0.044906	2.735301
58	0.858962	75000	0.044867	2.780168
59	0.856682	75000	0.044692	2.824860
60	0.854405	75000	0.044592	2.869452
61	0.852132	75000	0.044602	2.914054
62	0.849863	75000	0.044539	2.958592
63	0.847597	75000	0.044453	3.003046
64	0.845335	75000	0.044335	3.047381
65	0.843077	75000	0.044276	3.091657
66	0.840822	75000	0.044204	3.135861
67	0.838571	75000	0.044154	3.180015
68	0.836323	75000	0.044050	3.224065
69	0.834079	75000	0.043937	3.268002
70	0.831839	75000	0.043882	3.311884
71	0.829602	75000	0.043760	3.355644
72	0.827369	75000	0.043697	3.399341
73	0.825140	75000	0.043624	3.442966
74	0.822914	75000	0.043544	3.486510
75	0.820691	75000	0.043509	3.530018
76	0.818473	75000	0.043412	3.573431
77	0.816258	75000	0.043332	3.616762
78	0.814046	75000	0.043287	3.660049
79	0.811838	75000	0.043227	3.703276
80	0.809634	75000	0.043141	3.746417
81	0.807433	75000	0.043066	3.789483
82	0.805236	75000	0.042961	3.832444
83	0.803043	75000	0.042914	3.875358
84	0.800853	75000	0.042821	3.918178
85	0.798667	75000	0.042697	3.960875
86	0.796484	75000	0.042604	4.003479
87	0.794305	75000	0.042536	4.046016
88	0.792129	75000	0.042454	4.088470
89	0.789957	75000	0.042383	4.130853
90	0.787789	75000	0.042318	4.173170
91	0.785624	75000	0.042270	4.215440
92	0.783463	75000	0.042224	4.257664
93	0.781305	75000	0.042038	4.299702
94	0.779151	75000	0.042010	4.341712
95	0.777000	75000	0.041881	4.383593
96	0.774853	75000	0.041917	4.425510
97	0.772710	75000	0.041714	4.467223
98	0.770570	75000	0.041669	4.508893
99	0.768433	75000	0.041622	4.550515
100	0.766301	75000	0.041536	4.592051
101	0.764172	75000	0.041456	4.633507
102	0.762046	75000	0.041411	4.674918
103	0.759924	75000	0.041297	4.716215
104	0.757805	75000	0.041226	4.757441
105	0.755690	75000	0.041148	4.798589
106	0.753579	75000	0.041060	4.839649
107	0.751471	75000	0.041000	4.880649
108	0.749366	75000	0.040956	4.921604
109	0.747266	75000	0.040889	4.962493
110	0.745168	75000	0.040734	5.003228
111	0.743075	75000	0.040665	5.043892
112	0.740984	75000	0.040628	5.084520
113	0.738898	75000	0.040585	5.125105
114	0.736815	75000	0.040469	5.165574
115	0.734735	75000	0.040383	5.205957
116	0.732659	75000	0.040392	5.246349
117	0.730586	75000	0.040184	5.286532
118	0.728517	75000	0.040198	5.326730
119	0.726452	75000	0.040077	5.366807
120	0.724390	75000	0.039973	5.406780
121	0.722331	75000	0.039965	5.446745
122	0.720276	75000	0.039848	5.486593
123	0.718225	75000	0.039776	5.526370
124	0.716177	75000	0.039672	5.566041
125	0.714132	75000	0.039617	5.605659
126	0.712091	75000	0.039563	5.645221
127	0.710054	75000	0.039510	5.684731
128	0.708020	75000	0.039342	5.724074
129	0.705989	75000	0.039308	5.763381
130	0.703962	75000	0.039237	5.802619
131	0.701939	75000	0.039234	5.841852
132	0.699919	75000	0.039076	5.880928
133	0.697902	75000	0.039028	5.919956
134	0.695889	75000	0.038908	5.958865
135	0.693880	75000	0.038867	5.997732
136	0.691874	75000	0.038755	6.036486
137	0.689871	75000	0.038807	6.075293
138	0.687872	75000	0.038613	6.113906
139	0.685877	75000	0.038596	6.152502
140	0.683885	75000	0.038480	6.190982
141	0.681896	75000	0.038371	6.229353
142	0.679911	75000	0.038269	6.267622
143	0.677929	75000	0.038260	6.305882
144	0.675951	75000	0.038244	6.344126
145	0.673976	75000	0.038120	6.382246
146	0.672005	75000	0.038051	6.420297
147	0.670037	75000	0.037997	6.458293
148	0.668073	75000	0.037859	6.496153
149	0.666112	75000	0.037773	6.533926
150	0.664155	75000	0.037735	6.571661
151	0.662201	75000	0.037718	6.609379
152	0.660250	75000	0.037538	6.646917
153	0.658303	75000	0.037527	6.684444
154	0.656359	75000	0.037413	6.721858
155	0.654419	75000	0.037384	6.759242
156	0.652483	75000	0.037220	6.796462
157	0.650549	75000	0.037196	6.833658
158	0.648619	75000	0.037134	6.870792
159	0.646693	75000	0.037011	6.907803
160	0.644770	75000	0.036975	6.944778
161	0.642851	75000	0.036901	6.981679
162	0.640934	75000	0.036858	7.018537
163	0.639022	75000	0.036699	7.055236
164	0.637113	75000	0.036662	7.091898
165	0.635207	75000	0.036613	7.128511
166	0.633304	75000	0.036533	7.165044
167	0.631405	75000	0.036394	7.201437
168	0.629510	75000	0.036382	7.237819
169	0.627618	75000	0.036254	7.274073
170	0.625729	75000	0.036202	7.310275
171	0.623844	75000	0.036166	7.346441
172	0.621962	75000	0.036107	7.382548
173	0.620083	75000	0.035961	7.418509
174	0.618208	75000	0.035934	7.454443
175	0.616337	75000	0.035908	7.490350
176	0.614468	75000	0.035722	7.526072
177	0.612604	75000	0.035739	7.561812
178	0.610742	75000	0.035576	7.597388
179	0.608884	75000	0.035587	7.632974
180	0.607029	75000	0.035479	7.668453
181	0.605178	75000	0.035412	7.703865
182	0.603330	75000	0.035472	7.739337
183	0.601486	75000	0.035221	7.774557
184	0.599645	75000	0.035200	7.809757
185	0.597807	75000	0.035009	7.844766
186	0.595973	75000	0.035067	7.879834
187	0.594142	75000	0.034949	7.914782
188	0.592314	75000	0.034963	7.949745
189	0.590490	75000	0.034795	7.984540
190	0.588669	75000	0.034735	8.019275
191	0.586852	75000	0.034657	8.053933
192	0.585038	75000	0.034590	8.088522
193	0.583227	75000	0.034498	8.123020
194	0.581420	75000	0.034457	8.157477
195	0.579616	75000	0.034332	8.191809
196	0.577815	75000	0.034332	8.226141
197	0.576018	75000	0.034120	8.260261
198	0.574224	75000	0.034177	8.294438
199	0.572433	75000	0.034045	8.328483
200	0.570646	75000	0.034047	8.362530
201	0.568862	75000	0.033904	8.396434
202	0.567082	75000	0.033865	8.430300
203	0.565305	75000	0.033794	8.464093
204	0.563531	75000	0.033727	8.497820
205	0.561761	75000	0.033640	8.531460
206	0.559993	75000	0.033585	8.565045
207	0.558230	75000	0.033499	8.598544
208	0.556469	75000	0.033473	8.632017
209	0.554712	75000	0.033318	8.665335
210	0.552958	75000	0.033213	8.698548
211	0.551208	75000	0.033181	8.731728
212	0.549461	75000	0.033111	8.764839
213	0.547717	75000	0.033108	8.797947
214	0.545977	75000	0.032997	8.830945
215	0.544240	75000	0.032837	8.863781
216	0.542506	75000	0.032776	8.896558
217	0.540775	75000	0.032691	8.929249
218	0.539048	75000	0.032741	8.961990
219	0.537324	75000	0.032654	8.994645
220	0.535604	75000	0.032582	9.027226
221	0.533887	75000	0.032469	9.059695
222	0.532173	75000	0.032366	9.092061
223	0.530462	75000	0.032370	9.124431
224	0.528755	75000	0.032248	9.156679
225	0.527051	75000	0.032150	9.188829
226	0.525350	75000	0.032060	9.220889
227	0.523653	75000	0.032052	9.252941
228	0.521958	75000	0.031947	9.284888
229	0.520268	75000	0.031963	9.316852
230	0.518580	75000	0.031759	9.348611
231	0.516896	75000	0.031695	9.380306
232	0.515215	75000	0.031679	9.411986
233	0.513537	75000	0.031519	9.443504
234	0.511863	75000	0.031415	9.474920
235	0.510192	75000	0.031376	9.506296
236	0.508524	75000	0.031374	9.537670
237	0.506859	75000	0.031329	9.568999
238	0.505198	75000	0.031234	9.600233
239	0.503540	75000	0.031162	9.631395
240	0.501885	75000	0.031128	9.662523
241	0.500234	75000	0.030950	9.693473
242	0.498586	75000	0.030941	9.724414
243	0.496941	75000	0.030835	9.755249
244	0.495299	75000	0.030771	9.786020
245	0.493660	75000	0.030754	9.816774
246	0.492025	75000	0.030599	9.847373
247	0.490393	75000	0.030548	9.877921
248	0.488765	75000	0.030615	9.908536
249	0.487139	75000	0.030442	9.938978
250	0.485517	75000	0.030369	9.969347
251	0.483898	75000	0.030217	9.999564
252	0.482283	75000	0.030229	10.029793
253	0.480670	75000	0.030132	10.059925
254	0.479061	75000	0.030069	10.089994
255	0.477455	75000	0.030003	10.119997
256	0.475852	75000	0.029982	10.149979
257	0.474253	75000	0.029892	10.179871
258	0.472656	75000	0.029807	10.209678
259	0.471063	75000	0.029693	10.239371
260	0.469474	75000	0.029535	10.268906
261	0.467887	75000	0.029553	10.298460
262	0.466304	75000	0.029513	10.327973
263	0.464723	75000	0.029425	10.357398
264	0.463146	75000	0.029397	10.386795
265	0.461573	75000	0.029298	10.416093
266	0.460002	75000	0.029182	10.445275
267	0.458435	75000	0.029158	10.474433
268	0.456871	75000	0.029018	10.503451
269	0.455310	75000	0.029023	10.532474
270	0.453752	75000	0.028896	10.561370
271	0.452198	75000	0.028866	10.590236
272	0.450647	75000	0.028705	10.618941
273	0.449098	75000	0.028774	10.647714
274	0.447554	75000	0.028634	10.676349
275	0.446012	75000	0.028494	10.704842
276	0.444473	75000	0.028460	10.733302
277	0.442938	75000	0.028411	10.761713
278	0.441406	75000	0.028421	10.790134
279	0.439877	75000	0.028250	10.818383
280	0.438351	75000	0.028163	10.846547
281	0.436829	75000	0.028139	10.874686
282	0.435309	75000	0.028012	10.902698
283	0.433793	75000	0.027993	10.930690
284	0.432280	75000	0.027939	10.958629
285	0.430770	75000	0.027877	10.986507
286	0.429263	75000	0.027902	11.014409
287	0.427760	75000	0.027743	11.042151
288	0.426259	75000	0.027627	11.069779
289	0.424762	75000	0.027576	11.097354
290	0.423268	75000	0.027507	11.124862
291	0.421777	75000	0.027424	11.152286
292	0.420289	75000	0.027375	11.179661
293	0.418805	75000	0.027262	11.206923
294	0.417323	75000	0.027161	11.234084
295	0.415845	75000	0.027133	11.261217
296	0.414370	75000	0.027067	11.288284
297	0.412898	75000	0.026924	11.315208
298	0.411429	75000	0.026969	11.342176
299	0.409963	75000	0.026899	11.369075
300	0.408501	75000	0.026816	11.395891
301	0.407041	75000	0.026614	11.422505
302	0.405585	75000	0.026650	11.449155
303	0.404132	75000	0.026604	11.475759
304	0.402682	75000	0.026522	11.502282
305	0.401235	75000	0.026436	11.528717
306	0.399791	75000	0.026335	11.555052
307	0.398350	75000	0.026223	11.581275
308	0.396913	75000	0.026343	11.607618
309	0.395478	75000	0.026176	11.633794
310	0.394047	75000	0.026091	11.659886
311	0.392619	75000	0.025953	11.685839
312	0.391194	75000	0.025959	11.711797
313	0.389772	75000	0.025871	11.737668
314	0.388353	75000	0.025794	11.763462
315	0.386937	75000	0.025749	11.789211
316	0.385524	75000	0.025690	11.814900
317	0.384115	75000	0.025566	11.840467
318	0.382708	75000	0.025566	11.866033
319	0.381305	75000	0.025419	11.891452
320	0.379904	75000	0.025366	11.916818
321	0.378507	75000	0.025396	11.942214
322	0.377113	75000	0.025353	11.967567
323	0.375722	75000	0.025130	11.992696
324	0.374334	75000	0.025123	12.017820
325	0.372949	75000	0.025056	12.042875
326	0.371567	75000	0.024999	12.067875
327	0.370189	75000	0.024819	12.092694
328	0.368813	75000	0.024860	12.117554
329	0.367440	75000	0.024709	12.142263
330	0.366071	75000	0.024721	12.166983
331	0.364705	75000	0.024640	12.191623
332	0.363341	75000	0.024580	12.216203
333	0.361981	75000	0.024437	12.240639
334	0.360624	75000	0.024403	12.265042
335	0.359269	75000	0.024334	12.289376
336	0.357918	75000	0.024351	12.313727
337	0.356570	75000	0.024251	12.337978
338	0.355225	75000	0.024095	12.362073
339	0.353883	75000	0.024017	12.386089
340	0.352544	75000	0.023966	12.410055
341	0.351208	75000	0.023879	12.433935
342	0.349875	75000	0.023839	12.457773
343	0.348546	75000	0.023749	12.481522
344	0.347219	75000	0.023724	12.505246
345	0.345895	75000	0.023643	12.528889
346	0.344574	75000	0.023606	12.552495
347	0.343257	75000	0.023421	12.575916
348	0.341942	75000	0.023421	12.599337
349	0.340630	75000	0.023357	12.622694
350	0.339322	75000	0.023208	12.645902
351	0.338016	75000	0.023283	12.669185
352	0.336714	75000	0.023108	12.692293
353	0.335414	75000	0.023051	12.715344
354	0.334118	75000	0.023088	12.738432
355	0.332824	75000	0.022971	12.761402
356	0.331534	75000	0.022827	12.784230
357	0.330246	75000	0.022822	12.807051
358	0.328962	75000	0.022753	12.829805
359	0.327680	75000	0.022706	12.852511
360	0.326401	75000	0.022608	12.875119
361	0.325126	75000	0.022602	12.897720
362	0.323853	75000	0.022493	12.920214
363	0.322584	75000	0.022418	12.942631
364	0.321317	75000	0.022256	12.964887
365	0.320054	75000	0.022348	12.987235
366	0.318793	75000	0.022208	13.009443
367	0.317536	75000	0.022104	13.031547
368	0.316281	75000	0.022058	13.053605
369	0.315030	75000	0.022025	13.075630
370	0.313781	75000	0.021947	13.097577
371	0.312535	75000	0.021829	13.119406
372	0.311293	75000	0.021709	13.141115
373	0.310053	75000	0.021741	13.162857
374	0.308816	75000	0.021632	13.184489
375	0.307582	75000	0.021561	13.206049
376	0.306352	75000	0.021578	13.227628
377	0.305124	75000	0.021428	13.249055
378	0.303899	75000	0.021296	13.270351
379	0.302677	75000	0.021235	13.291586
380	0.301458	75000	0.021221	13.312807
381	0.300242	75000	0.021103	13.333909
382	0.299029	75000	0.021091	13.355000
383	0.297819	75000	0.020946	13.375946
384	0.296611	75000	0.020858	13.396804
385	0.295407	75000	0.020914	13.417718
386	0.294206	75000	0.020883	13.438601
387	0.293007	75000	0.020686	13.459287
388	0.291812	75000	0.020735	13.480022
389	0.290619	75000	0.020550	13.500573
390	0.289430	75000	0.020496	13.521069
391	0.288243	75000	0.020440	13.541508
392	0.287059	75000	0.020370	13.561878
393	0.285879	75000	0.020332	13.582211
394	0.284701	75000	0.020298	13.602508
395	0.283526	75000	0.020202	13.622711
396	0.282354	75000	0.020214	13.642925
397	0.281184	75000	0.020132	13.663057
398	0.280018	75000	0.019816	13.682872
399	0.278855	75000	0.019950	13.702823
400	0.277694	75000	0.019978	13.722801
401	0.276537	75000	0.019849	13.742651
402	0.275382	75000	0.019690	13.762340
403	0.274230	75000	0.019601	13.781941
404	0.273082	75000	0.019586	13.801527
405	0.271936	75000	0.019474	13.821001
406	0.270793	75000	0.019504	13.840505
407	0.269652	75000	0.019416	13.859922
408	0.268515	75000	0.019296	13.879217
409	0.267381	75000	0.019165	13.898382
410	0.266249	75000	0.019137	13.917519
411	0.265121	75000	0.019144	13.936663
412	0.263995	75000	0.019035	13.955699
413	0.262872	75000	0.019046	13.974745
414	0.261752	75000	0.018969	13.993714
415	0.260635	75000	0.018750	14.012463
416	0.259520	75000	0.018808	14.031271
417	0.258409	75000	0.018715	14.049986
418	0.257300	75000	0.018614	14.068600
419	0.256195	75000	0.018588	14.087187
420	0.255092	75000	0.018535	14.105723
421	0.253992	75000	0.018420	14.124142
422	0.252895	75000	0.018409	14.142551
423	0.251800	75000	0.018362	14.160913
424	0.250709	75000	0.018242	14.179155
425	0.249620	75000	0.018166	14.197321
426	0.248534	75000	0.018101	14.215421
427	0.247451	75000	0.017980	14.233401
428	0.246371	75000	0.018062	14.251463
429	0.245294	75000	0.017931	14.269394
430	0.244220	75000	0.017799	14.287193
431	0.243148	75000	0.017773	14.304966
432	0.242079	75000	0.017702	14.322668
433	0.241013	75000	0.017682	14.340350
434	0.239950	75000	0.017609	14.357959
435	0.238890	75000	0.017582	14.375540
436	0.237832	75000	0.017397	14.392937
437	0.236778	75000	0.017464	14.410401
438	0.235726	75000	0.017322	14.427724
439	0.234677	75000	0.017243	14.444967
440	0.233630	75000	0.017240	14.462207
441	0.232587	75000	0.017115	14.479321
442	0.231546	75000	0.017059	14.496380
443	0.230509	75000	0.016901	14.513281
444	0.229473	75000	0.016802	14.530083
445	0.228441	75000	0.016874	14.546957
446	0.227412	75000	0.016779	14.563735
447	0.226385	75000	0.016639	14.580374
448	0.225361	75000	0.016541	14.596916
449	0.224340	75000	0.016738	14.613653
450	0.223322	75000	0.016475	14.630128
451	0.222306	75000	0.016502	14.646630
452	0.221293	75000	0.016416	14.663046
453	0.220283	75000	0.016315	14.679361
454	0.219276	75000	0.016152	14.695513
455	0.218272	75000	0.016102	14.711615
456	0.217270	75000	0.016050	14.727665
457	0.216271	75000	0.016061	14.743726
458	0.215275	75000	0.015980	14.759706
459	0.214281	75000	0.015792	14.775498
460	0.213291	75000	0.015906	14.791405
461	0.212303	75000	0.015789	14.807194
462	0.211318	75000	0.015730	14.822923
463	0.210335	75000	0.015565	14.838489
464	0.209356	75000	0.015626	14.854115
465	0.208379	75000	0.015534	14.869649
466	0.207404	75000	0.015290	14.884938
467	0.206433	75000	0.015381	14.900319
468	0.205464	75000	0.015309	14.915628
469	0.204498	75000	0.015245	14.930872
470	0.203535	75000	0.015320	14.946193
471	0.202575	75000	0.015034	14.961227
472	0.201617	75000	0.014969	14.976196
473	0.200662	75000	0.015074	14.991270
474	0.199709	75000	0.014942	15.006212
475	0.198760	75000	0.014905	15.021117
476	0.197813	75000	0.014762	15.035879
477	0.196869	75000	0.014748	15.050627
478	0.195927	75000	0.014610	15.065237
479	0.194988	75000	0.014575	15.079812
480	0.194052	75000	0.014499	15.094311
481	0.193119	75000	0.014386	15.108697
482	0.192188	75000	0.014223	15.122920
483	0.191260	75000	0.014302	15.137222
484	0.190335	75000	0.014301	15.151523
485	0.189412	75000	0.014080	15.165603
486	0.188492	75000	0.014038	15.179641
487	0.187575	75000	0.014120	15.193760
488	0.186660	75000	0.014096	15.207856
489	0.185749	75000	0.013900	15.221756
490	0.184839	75000	0.013944	15.235700
491	0.183933	75000	0.013695	15.249395
492	0.183029	75000	0.013800	15.263195
493	0.182128	75000	0.013679	15.276875
494	0.181229	75000	0.013589	15.290463
495	0.180333	75000	0.013440	15.303903
496	0.179440	75000	0.013386	15.317290
497	0.178550	75000	0.013382	15.330672
498	0.177662	75000	0.013189	15.343861
499	0.176777	75000	0.013175	15.357036
500	0.175894	75000	0.013082	15.370117
501	0.175014	75000	0.013070	15.383188
502	0.174137	75000	0.013067	15.396254
503	0.173262	75000	0.013092	15.409347
504	0.172390	75000	0.012860	15.422207
505	0.171521	75000	0.012803	15.435010
506	0.170654	75000	0.012765	15.447774
507	0.169790	75000	0.012697	15.460471
508	0.168929	75000	0.012548	15.473020
509	0.168070	75000	0.012570	15.485590
510	0.167214	75000	0.012544	15.498134
511	0.166360	75000	0.012399	15.510533
512	0.165509	75000	0.012499	15.523032
513	0.164661	75000	0.012246	15.535278
514	0.163815	75000	0.012157	15.547435
515	0.162972	75000	0.012017	15.559451
516	0.162132	75000	0.012179	15.571630
517	0.161294	75000	0.011993	15.583624
518	0.160458	75000	0.011847	15.595470
519	0.159626	75000	0.011857	15.607327
520	0.158796	75000	0.011836	15.619163
521	0.157968	75000	0.011803	15.630966
522	0.157143	75000	0.011778	15.642744
523	0.156321	75000	0.011751	15.654495
524	0.155501	75000	0.011708	15.666203
525	0.154684	75000	0.011397	15.677601
526	0.153870	75000	0.011371	15.688972
527	0.153058	75000	0.011397	15.700369
528	0.152248	75000	0.011364	15.711734
529	0.151441	75000	0.011386	15.723119
530	0.150637	75000	0.011256	15.734375
531	0.149835	75000	0.011088	15.745463
532	0.149036	75000	0.011085	15.756547
533	0.148240	75000	0.010869	15.767416
534	0.147446	75000	0.010935	15.778351
535	0.146654	75000	0.010809	15.789160
536	0.145865	75000	0.010796	15.799956
537	0.145079	75000	0.010687	15.810643
538	0.144295	75000	0.010581	15.821224
539	0.143514	75000	0.010615	15.831840
540	0.142735	75000	0.010631	15.842471
541	0.141959	75000	0.010551	15.853022
542	0.141186	75000	0.010269	15.863291
543	0.140415	75000	0.010230	15.873521
544	0.139646	75000	0.010159	15.883680
545	0.138880	75000	0.010173	15.893853
546	0.138116	75000	0.010111	15.903964
547	0.137356	75000	0.009986	15.913950
548	0.136597	75000	0.010006	15.923957
549	0.135841	75000	0.009962	15.933918
550	0.135088	75000	0.009969	15.943887
551	0.134337	75000	0.009767	15.953654
552	0.133588	75000	0.009819	15.963473
553	0.132843	75000	0.009811	15.973284
554	0.132099	75000	0.009527	15.982812
555	0.131358	75000	0.009482	15.992294
556	0.130620	75000	0.009452	16.001746
557	0.129884	75000	0.009409	16.011155
558	0.129151	75000	0.009237	16.020392
559	0.128420	75000	0.009148	16.029540
560	0.127691	75000	0.009111	16.038651
561	0.126965	75000	0.009062	16.047713
562	0.126242	75000	0.008989	16.056702
563	0.125521	75000	0.009045	16.065747
564	0.124802	75000	0.009029	16.074776
565	0.124086	75000	0.008936	16.083712
566	0.123373	75000	0.008788	16.092500
567	0.122662	75000	0.008827	16.101327
568	0.121953	75000	0.008673	16.110000
569	0.121247	75000	0.008515	16.118515
570	0.120543	75000	0.008517	16.127032
571	0.119842	75000	0.008448	16.135480
572	0.119143	75000	0.008332	16.143812
573	0.118447	75000	0.008235	16.152047
574	0.117753	75000	0.008287	16.160333
575	0.117062	75000	0.008230	16.168563
576	0.116373	75000	0.008173	16.176736
577	0.115686	75000	0.008177	16.184913
578	0.115002	75000	0.007884	16.192797
579	0.114320	75000	0.007934	16.200731
580	0.113641	75000	0.007674	16.208405
581	0.112964	75000	0.007891	16.216296
582	0.112290	75000	0.007711	16.224007
583	0.111618	75000	0.007693	16.231700
584	0.110948	75000	0.007534	16.239234
585	0.110281	75000	0.007458	16.246692
586	0.109616	75000	0.007439	16.254131
587	0.108954	75000	0.007380	16.261511
588	0.108294	75000	0.007157	16.268667
589	0.107637	75000	0.007243	16.275911
590	0.106981	75000	0.007164	16.283075
591	0.106329	75000	0.007171	16.290246
592	0.105678	75000	0.006849	16.297096
593	0.105030	75000	0.006877	16.303972
594	0.104385	75000	0.006921	16.310894
595	0.103742	75000	0.006772	16.317666
596	0.103101	75000	0.006814	16.324480
597	0.102463	75000	0.006700	16.331180
598	0.101827	75000	0.006694	16.337873
599	0.101193	75000	0.006629	16.344502
600	0.100562	75000	0.006366	16.350868
601	0.099933	75000	0.006514	16.357382
602	0.099306	75000	0.006278	16.363661
603	0.098682	75000	0.006417	16.370077
604	0.098060	75000	0.006239	16.376316
605	0.097441	75000	0.006247	16.382563
606	0.096824	75000	0.005932	16.388495
607	0.096209	75000	0.005914	16.394409
608	0.095596	75000	0.005895	16.400304
609	0.094986	75000	0.005849	16.406153
610	0.094379	75000	0.005672	16.411825
611	0.093773	75000	0.005533	16.417358
612	0.093170	75000	0.005672	16.423030
613	0.092570	75000	0.005509	16.428539
614	0.091971	75000	0.005593	16.434132
615	0.091375	75000	0.005560	16.439692
616	0.090781	75000	0.005624	16.445316
617	0.090190	75000	0.005235	16.450552
618	0.089601	75000	0.005260	16.455812
619	0.089014	75000	0.005078	16.460889
620	0.088430	75000	0.005007	16.465897
621	0.087848	75000	0.005013	16.470910
622	0.087268	75000	0.004953	16.475863
623	0.086690	75000	0.004811	16.480674
624	0.086115	75000	0.004723	16.485397
625	0.085542	75000	0.004761	16.490158
626	0.084971	75000	0.004646	16.494804
627	0.084403	75000	0.004602	16.499406
628	0.083837	75000	0.004685	16.504091
629	0.083273	75000	0.004483	16.508574
630	0.082712	75000	0.004283	16.512856
631	0.082152	75000	0.004117	16.516973
632	0.081595	75000	0.004080	16.521053
633	0.081041	75000	0.004138	16.525191
634	0.080488	75000	0.004183	16.529374
635	0.079938	75000	0.003964	16.533338
636	0.079390	75000	0.003976	16.537314
637	0.078845	75000	0.004031	16.541344
638	0.078301	75000	0.003861	16.545205
639	0.077760	75000	0.003855	16.549060
640	0.077221	75000	0.003511	16.552571
641	0.076684	75000	0.003605	16.556176
642	0.076150	75000	0.003462	16.559638
643	0.075618	75000	0.003487	16.563125
644	0.075088	75000	0.003473	16.566598
645	0.074560	75000	0.003276	16.569874
646	0.074035	75000	0.003413	16.573287
647	0.073512	75000	0.003057	16.576344
648	0.072991	75000	0.002936	16.579280
649	0.072472	75000	0.002918	16.582198
650	0.071955	75000	0.002840	16.585038
651	0.071441	75000	0.002877	16.587916
652	0.070929	75000	0.002693	16.590608
653	0.070419	75000	0.002510	16.593118
654	0.069911	75000	0.002672	16.595791
655	0.069406	75000	0.002663	16.598454
656	0.068903	75000	0.002492	16.600946
657	0.068401	75000	0.002542	16.603487
658	0.067903	75000	0.002153	16.605640
659	0.067406	75000	0.002329	16.607969
660	0.066911	75000	0.002173	16.610142
661	0.066419	75000	0.002049	16.612191
662	0.065929	75000	0.001990	16.614181
663	0.065441	75000	0.002006	16.616187
664	0.064955	75000	0.001773	16.617959
665	0.064471	75000	0.001783	16.619742
666	0.063990	75000	0.001844	16.621586
667	0.063510	75000	0.001564	16.623150
668	0.063033	75000	0.001636	16.624786
669	0.062558	75000	0.001564	16.626350
670	0.062085	75000	0.001396	16.627746
671	0.061615	75000	0.001292	16.629037
672	0.061146	75000	0.001495	16.630532
673	0.060680	75000	0.001194	16.631726
674	0.060216	75000	0.001281	16.633007
675	0.059753	75000	0.001095	16.634102
676	0.059293	75000	0.000921	16.635022
677	0.058836	75000	0.000845	16.635867
678	0.058380	75000	0.000835	16.636702
679	0.057926	75000	0.000798	16.637500
680	0.057475	75000	0.000583	16.638082
681	0.057025	75000	0.000623	16.638705
682	0.056578	75000	0.000608	16.639313
683	0.056133	75000	0.000589	16.639902
684	0.055690	75000	0.000499	16.640401
685	0.055249	75000	0.000243	16.640645
686	0.054810	75000	0.000335	16.640979
687	0.054373	75000	-0.000016	16.640963
688	0.053939	75000	-0.000130	16.640834
689	0.053506	75000	-0.000008	16.640825
690	0.053076	75000	-0.000209	16.640616
691	0.052647	75000	-0.000222	16.640394
692	0.052221	75000	-0.000282	16.640112
693	0.051797	75000	-0.000395	16.639717
694	0.051375	75000	-0.000176	16.639541
695	0.050955	75000	-0.000487	16.639054
696	0.050537	75000	-0.000744	16.638310
697	0.050121	75000	-0.000492	16.637818
698	0.049707	75000	-0.000806	16.637012
699	0.049295	75000	-0.000880	16.636131
700	0.048885	75000	-0.001153	16.634978
701	0.048478	75000	-0.000973	16.634006
702	0.048072	75000	-0.001345	16.632660
703	0.047668	75000	-0.001386	16.631275
704	0.047267	75000	-0.001357	16.629917
705	0.046867	75000	-0.001448	16.628469
706	0.046470	75000	-0.001353	16.627116
707	0.046074	75000	-0.001776	16.625340
708	0.045681	75000	-0.001733	16.623607
709	0.045289	75000	-0.002043	16.621565
710	0.044900	75000	-0.002111	16.619454
711	0.044512	75000	-0.001923	16.617530
712	0.044127	75000	-0.002003	16.615528
713	0.043744	75000	-0.002057	16.613470
714	0.043362	75000	-0.002087	16.611383
715	0.042983	75000	-0.002385	16.608999
716	0.042606	75000	-0.002397	16.606601
717	0.042230	75000	-0.002556	16.604046
718	0.041857	75000	-0.002469	16.601577
719	0.041485	75000	-0.002699	16.598877
720	0.041116	75000	-0.002900	16.595977
721	0.040749	75000	-0.002537	16.593440
722	0.040383	75000	-0.003176	16.590264
723	0.040020	75000	-0.003104	16.587160
724	0.039658	75000	-0.003229	16.583930
725	0.039299	75000	-0.003463	16.580468
726	0.038941	75000	-0.003244	16.577223
727	0.038585	75000	-0.003555	16.573668
728	0.038232	75000	-0.003818	16.569850
729	0.037880	75000	-0.003700	16.566150
730	0.037530	75000	-0.003810	16.562340
731	0.037182	75000	-0.003628	16.558712
732	0.036836	75000	-0.003970	16.554743
733	0.036493	75000	-0.004325	16.550418
734	0.036151	75000	-0.004000	16.546418
735	0.035810	75000	-0.004165	16.542253
736	0.035472	75000	-0.004692	16.537561
737	0.035136	75000	-0.004366	16.533196
738	0.034802	75000	-0.004700	16.528496
739	0.034469	75000	-0.004793	16.523703
740	0.034139	75000	-0.004891	16.518812
741	0.033810	75000	-0.004842	16.513970
742	0.033484	75000	-0.005177	16.508792
743	0.033159	75000	-0.005057	16.503735
744	0.032836	75000	-0.005218	16.498517
745	0.032515	75000	-0.005370	16.493146
746	0.032196	75000	-0.005562	16.487584
747	0.031879	75000	-0.005608	16.481976
748	0.031563	75000	-0.005824	16.476152
749	0.031250	75000	-0.005864	16.470287
750	0.030938	75000	-0.006103	16.464184
751	0.030629	75000	-0.006196	16.457987
752	0.030321	75000	-0.006048	16.451939
753	0.030015	75000	-0.006668	16.445272
754	0.029711	75000	-0.006437	16.438835
755	0.029409	75000	-0.006490	16.432344
756	0.029108	75000	-0.006426	16.425918
757	0.028810	75000	-0.006636	16.419283
758	0.028513	75000	-0.006982	16.412300
759	0.028218	75000	-0.007165	16.405136
760	0.027925	75000	-0.007231	16.397905
761	0.027634	75000	-0.007270	16.390635
762	0.027345	75000	-0.007524	16.383110
763	0.027057	75000	-0.007896	16.375214
764	0.026771	75000	-0.007518	16.367696
765	0.026487	75000	-0.008076	16.359620
766	0.026205	75000	-0.007729	16.351891
767	0.025925	75000	-0.008023	16.343868
768	0.025647	75000	-0.008485	16.335383
769	0.025370	75000	-0.008318	16.327065
770	0.025095	75000	-0.008466	16.318599
771	0.024822	75000	-0.008446	16.310153
772	0.024551	75000	-0.009060	16.301093
773	0.024281	75000	-0.009178	16.291915
774	0.024014	75000	-0.009000	16.282915
775	0.023748	75000	-0.009275	16.273640
776	0.023483	75000	-0.009438	16.264203
777	0.023221	75000	-0.009435	16.254768
778	0.022960	75000	-0.009687	16.245082
779	0.022702	75000	-0.009700	16.235382
780	0.022445	75000	-0.010232	16.225149
781	0.022189	75000	-0.010187	16.214962
782	0.021936	75000	-0.010319	16.204643
783	0.021684	75000	-0.010699	16.193944
784	0.021434	75000	-0.010783	16.183161
785	0.021185	75000	-0.010939	16.172222
786	0.020939	75000	-0.011219	16.161003
787	0.020694	75000	-0.010875	16.150128
788	0.020451	75000	-0.011380	16.138748
789	0.020209	75000	-0.011546	16.127202
790	0.019969	75000	-0.011466	16.115736
791	0.019731	75000	-0.012311	16.103425
792	0.019495	75000	-0.012168	16.091257
793	0.019261	75000	-0.012423	16.078834
794	0.019028	75000	-0.012428	16.066406
795	0.018796	75000	-0.012835	16.053571
796	0.018567	75000	-0.012869	16.040702
797	0.018339	75000	-0.013727	16.026976
798	0.018113	75000	-0.013303	16.013672
799	0.017889	75000	-0.014101	15.999572
800	0.017666	75000	-0.014308	15.985264
801	0.017445	75000	-0.014362	15.970901
802	0.017225	75000	-0.014469	15.956433
803	0.017007	75000	-0.014436	15.941997
804	0.016791	75000	-0.014711	15.927287
805	0.016577	75000	-0.015510	15.911777
806	0.016364	75000	-0.015632	15.896145
807	0.016153	75000	-0.015580	15.880564
808	0.015943	75000	-0.015855	15.864709
809	0.015736	75000	-0.016229	15.848481
810	0.015529	75000	-0.016801	15.831679
811	0.015325	75000	-0.016938	15.814741
812	0.015122	75000	-0.017468	15.797273
813	0.014920	75000	-0.017606	15.779667
814	0.014721	75000	-0.018212	15.761455
815	0.014523	75000	-0.017737	15.743718
816	0.014326	75000	-0.018845	15.724873
817	0.014131	75000	-0.018282	15.706591
818	0.013938	75000	-0.018617	15.687973
819	0.013746	75000	-0.019679	15.668295
820	0.013556	75000	-0.019795	15.648499
821	0.013367	75000	-0.020918	15.627581
822	0.013181	75000	-0.020807	15.606774
823	0.012995	75000	-0.021252	15.585522
824	0.012811	75000	-0.021679	15.563843
825	0.012629	75000	-0.022051	15.541792
826	0.012448	75000	-0.023629	15.518162
827	0.012269	75000	-0.023213	15.494949
828	0.012092	75000	-0.023070	15.471879
829	0.011916	75000	-0.025304	15.446576
830	0.011741	75000	-0.023862	15.422714
831	0.011568	75000	-0.023475	15.399239
832	0.011397	75000	-0.025254	15.373984
833	0.011227	75000	-0.025208	15.348776
834	0.011059	75000	-0.026348	15.322428
835	0.010892	75000	-0.027045	15.295383
836	0.010727	75000	-0.027667	15.267716
837	0.010563	75000	-0.028945	15.238771
838	0.010401	75000	-0.030682	15.208090
839	0.010240	75000	-0.030482	15.177608
840	0.010081	75000	-0.029918	15.147690
841	0.009923	75000	-0.030667	15.117023
842	0.009767	75000	-0.031826	15.085197
843	0.009612	75000	-0.032082	15.053115
844	0.009459	75000	-0.033124	15.019991
845	0.009307	75000	-0.032682	14.987309
846	0.009156	75000	-0.033996	14.953313
847	0.009008	75000	-0.035733	14.917581
848	0.008860	75000	-0.036283	14.881298
849	0.008714	75000	-0.038566	14.842732
850	0.008570	75000	-0.039853	14.802879
851	0.008427	75000	-0.040196	14.762682
852	0.008285	75000	-0.040542	14.722141
853	0.008145	75000	-0.040755	14.681386
854	0.008006	75000	-0.044147	14.637239
855	0.007869	75000	-0.046189	14.591050
856	0.007733	75000	-0.043870	14.547179
857	0.007598	75000	-0.048624	14.498555
858	0.007465	75000	-0.047209	14.451346
859	0.007334	75000	-0.049781	14.401566
860	0.007203	75000	-0.052337	14.349228
861	0.007075	75000	-0.053494	14.295734
862	0.006947	75000	-0.055243	14.240491
863	0.006821	75000	-0.055652	14.184839
864	0.006696	75000	-0.055652	14.129187
865	0.006573	75000	-0.059075	14.070113
866	0.006451	75000	-0.058949	14.011164
867	0.006330	75000	-0.064567	13.946597
868	0.006211	75000	-0.062906	13.883691
869	0.006093	75000	-0.067165	13.816526
870	0.005977	75000	-0.067765	13.748761
871	0.005862	75000	-0.067978	13.680783
872	0.005748	75000	-0.070599	13.610184
873	0.005635	75000	-0.069420	13.540765
874	0.005524	75000	-0.069964	13.470800
875	0.005414	75000	-0.074672	13.396128
876	0.005306	75000	-0.074637	13.321491
877	0.005199	75000	-0.080040	13.241452
878	0.005093	75000	-0.081873	13.159578
879	0.004988	75000	-0.082748	13.076830
880	0.004885	75000	-0.082055	12.994775
881	0.004783	75000	-0.084778	12.909997
882	0.004682	75000	-0.086745	12.823252
883	0.004583	75000	-0.085096	12.738156
884	0.004485	75000	-0.087386	12.650770
885	0.004388	75000	-0.089149	12.561621
886	0.004292	75000	-0.088182	12.473439
887	0.004198	75000	-0.090073	12.383366
888	0.004105	75000	-0.093632	12.289735
889	0.004013	75000	-0.092200	12.197534
890	0.003923	75000	-0.093796	12.103739
891	0.003833	75000	-0.095526	12.008213
892	0.003745	75000	-0.094523	11.913690
893	0.003658	75000	-0.094881	11.818809
894	0.003573	75000	-0.097007	11.721801
895	0.003488	75000	-0.097232	11.624570
896	0.003405	75000	-0.096268	11.528302
897	0.003323	75000	-0.098592	11.429709
898	0.003242	75000	-0.097195	11.332514
899	0.003162	75000	-0.098454	11.234060
900	0.003084	75000	-0.097827	11.136234
901	0.003007	75000	-0.097799	11.038435
902	0.002930	75000	-0.098190	10.940245
903	0.002855	75000	-0.097779	10.842466
904	0.002782	75000	-0.097531	10.744935
905	0.002709	75000	-0.096450	10.648485
906	0.002638	75000	-0.096148	10.552337
907	0.002567	75000	-0.097001	10.455336
908	0.002498	75000	-0.096167	10.359169
909	0.002430	75000	-0.096273	10.262896
910	0.002363	75000	-0.094909	10.167987
911	0.002297	75000	-0.094466	10.073521
912	0.002233	75000	-0.092563	9.980958
913	0.002169	75000	-0.092994	9.887964
914	0.002106	75000	-0.093757	9.794206
915	0.002045	75000	-0.091054	9.703152
916	0.001985	75000	-0.091820	9.611332
917	0.001925	75000	-0.090021	9.521311
918	0.001867	75000	-0.089133	9.432179
919	0.001810	75000	-0.087457	9.344721
920	0.001754	75000	-0.087626	9.257095
921	0.001699	75000	-0.086013	9.171082
922	0.001645	75000	-0.084606	9.086476
923	0.001592	75000	-0.083892	9.002583
924	0.001540	75000	-0.082860	8.919723
925	0.001490	75000	-0.081412	8.838311
926	0.001440	75000	-0.079405	8.758905
927	0.001391	75000	-0.078306	8.680599
928	0.001343	75000	-0.078135	8.602465
929	0.001296	75000	-0.076465	8.525999
930	0.001251	75000	-0.075597	8.450402
931	0.001206	75000	-0.074176	8.376226
932	0.001162	75000	-0.072794	8.303432
933	0.001119	75000	-0.071429	8.232003
934	0.001077	75000	-0.069682	8.162322
935	0.001036	75000	-0.068583	8.093739
936	0.000996	75000	-0.066962	8.026776
937	0.000957	75000	-0.065984	7.960792
938	0.000919	75000	-0.064369	7.896423
939	0.000882	75000	-0.062619	7.833804
940	0.000846	75000	-0.061453	7.772351
941	0.000810	75000	-0.060214	7.712137
942	0.000776	75000	-0.059134	7.653003
943	0.000742	75000	-0.057986	7.595017
944	0.000709	75000	-0.056456	7.538561
945	0.000678	75000	-0.055146	7.483414
946	0.000647	75000	-0.053500	7.429914
947	0.000617	75000	-0.052261	7.377653
948	0.000587	75000	-0.050812	7.326841
949	0.000559	75000	-0.049452	7.277389
950	0.000531	75000	-0.048049	7.229340
951	0.000505	75000	-0.046844	7.182496
952	0.000479	75000	-0.045533	7.136963
953	0.000454	75000	-0.044190	7.092773
954	0.000430	75000	-0.042748	7.050025
955	0.000406	75000	-0.041211	7.008814
956	0.000383	75000	-0.039966	6.968848
957	0.000362	75000	-0.038659	6.930189
958	0.000340	75000	-0.037538	6.892651
959	0.000320	75000	-0.036192	6.856459
960	0.000300	75000	-0.034945	6.821513
961	0.000281	75000	-0.033507	6.788006
962	0.000263	75000	-0.032310	6.755696
963	0.000246	75000	-0.031035	6.724661
964	0.000229	75000	-0.029821	6.694840
965	0.000213	75000	-0.028671	6.666169
966	0.000198	75000	-0.027339	6.638831
967	0.000183	75000	-0.026161	6.612669
968	0.000169	75000	-0.024885	6.587784
969	0.000156	75000	-0.023866	6.563918
970	0.000143	75000	-0.022709	6.541209
971	0.000131	75000	-0.021596	6.519613
972	0.000120	75000	-0.020436	6.499177
973	0.000109	75000	-0.019374	6.479803
974	0.000099	75000	-0.018317	6.461486
975	0.000089	75000	-0.017272	6.444215
976	0.000080	75000	-0.016236	6.427979
977	0.000072	75000	-0.015177	6.412802
978	0.000064	75000	-0.014237	6.398565
979	0.000057	75000	-0.013235	6.385329
980	0.000050	75000	-0.012285	6.373045
981	0.000043	75000	-0.011370	6.361674
982	0.000038	75000	-0.010462	6.351212
983	0.000032	75000	-0.009519	6.341693
984	0.000028	75000	-0.008738	6.332955
985	0.000023	75000	-0.007907	6.325049
986	0.000019	75000	-0.007133	6.317916
987	0.000016	75000	-0.006322	6.311593
988	0.000013	75000	-0.005599	6.305995
989	0.000010	75000	-0.004880	6.301115
990	0.000008	75000	-0.004185	6.296929
991	0.000006	75000	-0.003545	6.293384
992	0.000004	75000	-0.002938	6.290446
993	0.000003	75000	-0.002374	6.288072
994	0.000002	75000	-0.001853	6.286219
995	0.000001	75000	-0.001367	6.284852
996	0.000000	75000	-0.000941	6.283911
997	0.000000	75000	-0.000569	6.283342
998	0.000000	75000	-0.000267	6.283074
999	0.000000	75000	-0.000057	6.283017
Log marginal likelihood:	6.283017
