Steppingstone sampler:
        No Stones:                  1000
        Start It:                   10000001
        It Per Stone:               100000
        Sample Freq:                1
        Dist:                       Beta(0.400000,1.000000)
Stone No	Power	N	Stone MLh	Running MLh
0	0.997502	75000	-0.210884	-0.210884
1	0.995007	75000	-0.210628	-0.421511
2	0.992517	75000	-0.210316	-0.631827
3	0.990030	75000	-0.209979	-0.841807
4	0.987547	75000	-0.209613	-1.051419
5	0.985067	75000	-0.209374	-1.260793
6	0.982592	75000	-0.209034	-1.469827
7	0.980120	75000	-0.208740	-1.678567
8	0.977652	75000	-0.208394	-1.886961
9	0.975187	75000	-0.208179	-2.095140
10	0.972726	75000	-0.207818	-2.302958
11	0.970269	75000	-0.207477	-2.510435
12	0.967816	75000	-0.207220	-2.717654
13	0.965367	75000	-0.206964	-2.924618
14	0.962921	75000	-0.206565	-3.131183
15	0.960479	75000	-0.206320	-3.337504
16	0.958040	75000	-0.206036	-3.543539
17	0.955606	75000	-0.205640	-3.749179
18	0.953175	75000	-0.205300	-3.954480
19	0.950747	75000	-0.205074	-4.159554
20	0.948324	75000	-0.204775	-4.364328
21	0.945904	75000	-0.204435	-4.568764
22	0.943488	75000	-0.204123	-4.772886
23	0.941076	75000	-0.203760	-4.976646
24	0.938667	75000	-0.203525	-5.180171
25	0.936262	75000	-0.203241	-5.383412
26	0.933861	75000	-0.202893	-5.586305
27	0.931463	75000	-0.202585	-5.788890
28	0.929069	75000	-0.202344	-5.991234
29	0.926679	75000	-0.201994	-6.193227
30	0.924293	75000	-0.201714	-6.394941
31	0.921910	75000	-0.201432	-6.596374
32	0.919531	75000	-0.201047	-6.797421
33	0.917155	75000	-0.200762	-6.998182
34	0.914783	75000	-0.200467	-7.198649
35	0.912415	75000	-0.200173	-7.398822
36	0.910051	75000	-0.199874	-7.598696
37	0.907690	75000	-0.199520	-7.798216
38	0.905333	75000	-0.199260	-7.997475
39	0.902980	75000	-0.198895	-8.196370
40	0.900630	75000	-0.198626	-8.394997
41	0.898284	75000	-0.198323	-8.593320
42	0.895942	75000	-0.198090	-8.791409
43	0.893603	75000	-0.197683	-8.989093
44	0.891268	75000	-0.197456	-9.186548
45	0.888937	75000	-0.197160	-9.383708
46	0.886609	75000	-0.196761	-9.580470
47	0.884285	75000	-0.196487	-9.776957
48	0.881965	75000	-0.196229	-9.973186
49	0.879648	75000	-0.195887	-10.169073
50	0.877335	75000	-0.195593	-10.364667
51	0.875026	75000	-0.195339	-10.560005
52	0.872720	75000	-0.195028	-10.755033
53	0.870418	75000	-0.194759	-10.949792
54	0.868120	75000	-0.194415	-11.144207
55	0.865825	75000	-0.194072	-11.338279
56	0.863534	75000	-0.193812	-11.532092
57	0.861246	75000	-0.193514	-11.725606
58	0.858962	75000	-0.193217	-11.918823
59	0.856682	75000	-0.192980	-12.111803
60	0.854405	75000	-0.192554	-12.304357
61	0.852132	75000	-0.192284	-12.496641
62	0.849863	75000	-0.191958	-12.688598
63	0.847597	75000	-0.191645	-12.880243
64	0.845335	75000	-0.191335	-13.071578
65	0.843077	75000	-0.191126	-13.262704
66	0.840822	75000	-0.190793	-13.453496
67	0.838571	75000	-0.190557	-13.644053
68	0.836323	75000	-0.190163	-13.834216
69	0.834079	75000	-0.189846	-14.024062
70	0.831839	75000	-0.189578	-14.213639
71	0.829602	75000	-0.189356	-14.402996
72	0.827369	75000	-0.189002	-14.591997
73	0.825140	75000	-0.188729	-14.780726
74	0.822914	75000	-0.188358	-14.969084
75	0.820691	75000	-0.188131	-15.157215
76	0.818473	75000	-0.187734	-15.344949
77	0.816258	75000	-0.187514	-15.532463
78	0.814046	75000	-0.187236	-15.719699
79	0.811838	75000	-0.186925	-15.906624
80	0.809634	75000	-0.186570	-16.093194
81	0.807433	75000	-0.186307	-16.279501
82	0.805236	75000	-0.186086	-16.465587
83	0.803043	75000	-0.185699	-16.651287
84	0.800853	75000	-0.185431	-16.836717
85	0.798667	75000	-0.185095	-17.021812
86	0.796484	75000	-0.184875	-17.206687
87	0.794305	75000	-0.184490	-17.391177
88	0.792129	75000	-0.184256	-17.575432
89	0.789957	75000	-0.183951	-17.759384
90	0.787789	75000	-0.183662	-17.943046
91	0.785624	75000	-0.183404	-18.126450
92	0.783463	75000	-0.183086	-18.309536
93	0.781305	75000	-0.182803	-18.492338
94	0.779151	75000	-0.182483	-18.674822
95	0.777000	75000	-0.182184	-18.857006
96	0.774853	75000	-0.181904	-19.038910
97	0.772710	75000	-0.181656	-19.220566
98	0.770570	75000	-0.181285	-19.401851
99	0.768433	75000	-0.180970	-19.582821
100	0.766301	75000	-0.180704	-19.763525
101	0.764172	75000	-0.180369	-19.943894
102	0.762046	75000	-0.180162	-20.124055
103	0.759924	75000	-0.179823	-20.303878
104	0.757805	75000	-0.179620	-20.483499
105	0.755690	75000	-0.179241	-20.662740
106	0.753579	75000	-0.178949	-20.841689
107	0.751471	75000	-0.178689	-21.020378
108	0.749366	75000	-0.178415	-21.198792
109	0.747266	75000	-0.178100	-21.376892
110	0.745168	75000	-0.177796	-21.554688
111	0.743075	75000	-0.177546	-21.732233
112	0.740984	75000	-0.177168	-21.909402
113	0.738898	75000	-0.176934	-22.086336
114	0.736815	75000	-0.176635	-22.262970
115	0.734735	75000	-0.176344	-22.439314
116	0.732659	75000	-0.176067	-22.615381
117	0.730586	75000	-0.175744	-22.791124
118	0.728517	75000	-0.175470	-22.966594
119	0.726452	75000	-0.175144	-23.141738
120	0.724390	75000	-0.174906	-23.316644
121	0.722331	75000	-0.174625	-23.491270
122	0.720276	75000	-0.174339	-23.665609
123	0.718225	75000	-0.174056	-23.839665
124	0.716177	75000	-0.173700	-24.013365
125	0.714132	75000	-0.173426	-24.186791
126	0.712091	75000	-0.173112	-24.359903
127	0.710054	75000	-0.172870	-24.532773
128	0.708020	75000	-0.172543	-24.705316
129	0.705989	75000	-0.172272	-24.877588
130	0.703962	75000	-0.172071	-25.049659
131	0.701939	75000	-0.171685	-25.221344
132	0.699919	75000	-0.171396	-25.392740
133	0.697902	75000	-0.171085	-25.563825
134	0.695889	75000	-0.170772	-25.734598
135	0.693880	75000	-0.170545	-25.905142
136	0.691874	75000	-0.170236	-26.075378
137	0.689871	75000	-0.170004	-26.245382
138	0.687872	75000	-0.169626	-26.415008
139	0.685877	75000	-0.169389	-26.584397
140	0.683885	75000	-0.169093	-26.753491
141	0.681896	75000	-0.168873	-26.922364
142	0.679911	75000	-0.168598	-27.090962
143	0.677929	75000	-0.168249	-27.259211
144	0.675951	75000	-0.167919	-27.427130
145	0.673976	75000	-0.167706	-27.594836
146	0.672005	75000	-0.167355	-27.762191
147	0.670037	75000	-0.167071	-27.929263
148	0.668073	75000	-0.166777	-28.096039
149	0.666112	75000	-0.166535	-28.262574
150	0.664155	75000	-0.166258	-28.428832
151	0.662201	75000	-0.165923	-28.594755
152	0.660250	75000	-0.165743	-28.760498
153	0.658303	75000	-0.165414	-28.925913
154	0.656359	75000	-0.165092	-29.091005
155	0.654419	75000	-0.164826	-29.255831
156	0.652483	75000	-0.164561	-29.420392
157	0.650549	75000	-0.164284	-29.584676
158	0.648619	75000	-0.164005	-29.748681
159	0.646693	75000	-0.163737	-29.912418
160	0.644770	75000	-0.163442	-30.075860
161	0.642851	75000	-0.163128	-30.238988
162	0.640934	75000	-0.162865	-30.401853
163	0.639022	75000	-0.162587	-30.564440
164	0.637113	75000	-0.162281	-30.726721
165	0.635207	75000	-0.162063	-30.888783
166	0.633304	75000	-0.161671	-31.050455
167	0.631405	75000	-0.161418	-31.211873
168	0.629510	75000	-0.161199	-31.373071
169	0.627618	75000	-0.160814	-31.533885
170	0.625729	75000	-0.160607	-31.694492
171	0.623844	75000	-0.160311	-31.854803
172	0.621962	75000	-0.159994	-32.014797
173	0.620083	75000	-0.159696	-32.174493
174	0.618208	75000	-0.159482	-32.333975
175	0.616337	75000	-0.159185	-32.493160
176	0.614468	75000	-0.158962	-32.652121
177	0.612604	75000	-0.158598	-32.810719
178	0.610742	75000	-0.158342	-32.969062
179	0.608884	75000	-0.158071	-33.127133
180	0.607029	75000	-0.157823	-33.284955
181	0.605178	75000	-0.157514	-33.442469
182	0.603330	75000	-0.157215	-33.599685
183	0.601486	75000	-0.156951	-33.756636
184	0.599645	75000	-0.156607	-33.913242
185	0.597807	75000	-0.156478	-34.069721
186	0.595973	75000	-0.156139	-34.225860
187	0.594142	75000	-0.155850	-34.381711
188	0.592314	75000	-0.155572	-34.537282
189	0.590490	75000	-0.155397	-34.692679
190	0.588669	75000	-0.155005	-34.847684
191	0.586852	75000	-0.154759	-35.002443
192	0.585038	75000	-0.154493	-35.156937
193	0.583227	75000	-0.154150	-35.311087
194	0.581420	75000	-0.153916	-35.465003
195	0.579616	75000	-0.153591	-35.618594
196	0.577815	75000	-0.153375	-35.771969
197	0.576018	75000	-0.153133	-35.925102
198	0.574224	75000	-0.152759	-36.077862
199	0.572433	75000	-0.152478	-36.230340
200	0.570646	75000	-0.152170	-36.382510
201	0.568862	75000	-0.151976	-36.534486
202	0.567082	75000	-0.151614	-36.686100
203	0.565305	75000	-0.151384	-36.837484
204	0.563531	75000	-0.151176	-36.988660
205	0.561761	75000	-0.150788	-37.139447
206	0.559993	75000	-0.150608	-37.290055
207	0.558230	75000	-0.150303	-37.440359
208	0.556469	75000	-0.150061	-37.590419
209	0.554712	75000	-0.149704	-37.740123
210	0.552958	75000	-0.149525	-37.889648
211	0.551208	75000	-0.149220	-38.038868
212	0.549461	75000	-0.148957	-38.187826
213	0.547717	75000	-0.148664	-38.336490
214	0.545977	75000	-0.148433	-38.484923
215	0.544240	75000	-0.148169	-38.633092
216	0.542506	75000	-0.147880	-38.780972
217	0.540775	75000	-0.147523	-38.928495
218	0.539048	75000	-0.147320	-39.075814
219	0.537324	75000	-0.147126	-39.222940
220	0.535604	75000	-0.146736	-39.369676
221	0.533887	75000	-0.146511	-39.516187
222	0.532173	75000	-0.146221	-39.662407
223	0.530462	75000	-0.145970	-39.808377
224	0.528755	75000	-0.145612	-39.953989
225	0.527051	75000	-0.145416	-40.099405
226	0.525350	75000	-0.145149	-40.244554
227	0.523653	75000	-0.144860	-40.389415
228	0.521958	75000	-0.144586	-40.534000
229	0.520268	75000	-0.144344	-40.678345
230	0.518580	75000	-0.144144	-40.822489
231	0.516896	75000	-0.143879	-40.966368
232	0.515215	75000	-0.143448	-41.109816
233	0.513537	75000	-0.143242	-41.253057
234	0.511863	75000	-0.143005	-41.396062
235	0.510192	75000	-0.142705	-41.538767
236	0.508524	75000	-0.142393	-41.681160
237	0.506859	75000	-0.142172	-41.823332
238	0.505198	75000	-0.141904	-41.965236
239	0.503540	75000	-0.141659	-42.106894
240	0.501885	75000	-0.141354	-42.248249
241	0.500234	75000	-0.141173	-42.389422
242	0.498586	75000	-0.140859	-42.530281
243	0.496941	75000	-0.140561	-42.670842
244	0.495299	75000	-0.140275	-42.811116
245	0.493660	75000	-0.139984	-42.951101
246	0.492025	75000	-0.139832	-43.090933
247	0.490393	75000	-0.139581	-43.230514
248	0.488765	75000	-0.139224	-43.369739
249	0.487139	75000	-0.138987	-43.508725
250	0.485517	75000	-0.138615	-43.647340
251	0.483898	75000	-0.138461	-43.785800
252	0.482283	75000	-0.138214	-43.924014
253	0.480670	75000	-0.137890	-44.061904
254	0.479061	75000	-0.137618	-44.199522
255	0.477455	75000	-0.137373	-44.336895
256	0.475852	75000	-0.137090	-44.473985
257	0.474253	75000	-0.136885	-44.610870
258	0.472656	75000	-0.136639	-44.747509
259	0.471063	75000	-0.136366	-44.883875
260	0.469474	75000	-0.136012	-45.019887
261	0.467887	75000	-0.135876	-45.155763
262	0.466304	75000	-0.135587	-45.291351
263	0.464723	75000	-0.135303	-45.426654
264	0.463146	75000	-0.134945	-45.561599
265	0.461573	75000	-0.134710	-45.696309
266	0.460002	75000	-0.134456	-45.830765
267	0.458435	75000	-0.134325	-45.965090
268	0.456871	75000	-0.133973	-46.099063
269	0.455310	75000	-0.133681	-46.232744
270	0.453752	75000	-0.133412	-46.366156
271	0.452198	75000	-0.133153	-46.499310
272	0.450647	75000	-0.132930	-46.632240
273	0.449098	75000	-0.132527	-46.764767
274	0.447554	75000	-0.132391	-46.897158
275	0.446012	75000	-0.132097	-47.029255
276	0.444473	75000	-0.131835	-47.161090
277	0.442938	75000	-0.131593	-47.292683
278	0.441406	75000	-0.131234	-47.423917
279	0.439877	75000	-0.131185	-47.555102
280	0.438351	75000	-0.130801	-47.685902
281	0.436829	75000	-0.130625	-47.816527
282	0.435309	75000	-0.130293	-47.946820
283	0.433793	75000	-0.130037	-48.076856
284	0.432280	75000	-0.129704	-48.206561
285	0.430770	75000	-0.129536	-48.336097
286	0.429263	75000	-0.129227	-48.465324
287	0.427760	75000	-0.128959	-48.594283
288	0.426259	75000	-0.128801	-48.723085
289	0.424762	75000	-0.128417	-48.851502
290	0.423268	75000	-0.128224	-48.979725
291	0.421777	75000	-0.127926	-49.107651
292	0.420289	75000	-0.127673	-49.235323
293	0.418805	75000	-0.127497	-49.362820
294	0.417323	75000	-0.127202	-49.490022
295	0.415845	75000	-0.126960	-49.616982
296	0.414370	75000	-0.126621	-49.743604
297	0.412898	75000	-0.126409	-49.870012
298	0.411429	75000	-0.126064	-49.996077
299	0.409963	75000	-0.125908	-50.121984
300	0.408501	75000	-0.125682	-50.247667
301	0.407041	75000	-0.125362	-50.373029
302	0.405585	75000	-0.125131	-50.498160
303	0.404132	75000	-0.124885	-50.623045
304	0.402682	75000	-0.124648	-50.747693
305	0.401235	75000	-0.124375	-50.872068
306	0.399791	75000	-0.124144	-50.996212
307	0.398350	75000	-0.123790	-51.120002
308	0.396913	75000	-0.123584	-51.243586
309	0.395478	75000	-0.123266	-51.366852
310	0.394047	75000	-0.123098	-51.489950
311	0.392619	75000	-0.122853	-51.612803
312	0.391194	75000	-0.122590	-51.735393
313	0.389772	75000	-0.122347	-51.857739
314	0.388353	75000	-0.122047	-51.979786
315	0.386937	75000	-0.121755	-52.101541
316	0.385524	75000	-0.121575	-52.223116
317	0.384115	75000	-0.121431	-52.344547
318	0.382708	75000	-0.120978	-52.465525
319	0.381305	75000	-0.120829	-52.586354
320	0.379904	75000	-0.120599	-52.706953
321	0.378507	75000	-0.120324	-52.827277
322	0.377113	75000	-0.120017	-52.947294
323	0.375722	75000	-0.119756	-53.067050
324	0.374334	75000	-0.119575	-53.186625
325	0.372949	75000	-0.119204	-53.305829
326	0.371567	75000	-0.119093	-53.424922
327	0.370189	75000	-0.118794	-53.543716
328	0.368813	75000	-0.118530	-53.662246
329	0.367440	75000	-0.118218	-53.780464
330	0.366071	75000	-0.118068	-53.898532
331	0.364705	75000	-0.117714	-54.016247
332	0.363341	75000	-0.117567	-54.133813
333	0.361981	75000	-0.117292	-54.251106
334	0.360624	75000	-0.117060	-54.368166
335	0.359269	75000	-0.116811	-54.484977
336	0.357918	75000	-0.116544	-54.601521
337	0.356570	75000	-0.116263	-54.717784
338	0.355225	75000	-0.115995	-54.833779
339	0.353883	75000	-0.115783	-54.949562
340	0.352544	75000	-0.115605	-55.065167
341	0.351208	75000	-0.115312	-55.180479
342	0.349875	75000	-0.115042	-55.295521
343	0.348546	75000	-0.114760	-55.410281
344	0.347219	75000	-0.114670	-55.524950
345	0.345895	75000	-0.114330	-55.639280
346	0.344574	75000	-0.114074	-55.753354
347	0.343257	75000	-0.113934	-55.867288
348	0.341942	75000	-0.113517	-55.980805
349	0.340630	75000	-0.113294	-56.094099
350	0.339322	75000	-0.113145	-56.207244
351	0.338016	75000	-0.112881	-56.320126
352	0.336714	75000	-0.112606	-56.432732
353	0.335414	75000	-0.112441	-56.545173
354	0.334118	75000	-0.111949	-56.657121
355	0.332824	75000	-0.111883	-56.769004
356	0.331534	75000	-0.111606	-56.880610
357	0.330246	75000	-0.111260	-56.991870
358	0.328962	75000	-0.111163	-57.103034
359	0.327680	75000	-0.110880	-57.213914
360	0.326401	75000	-0.110680	-57.324594
361	0.325126	75000	-0.110364	-57.434958
362	0.323853	75000	-0.110198	-57.545156
363	0.322584	75000	-0.109844	-57.655000
364	0.321317	75000	-0.109634	-57.764634
365	0.320054	75000	-0.109403	-57.874038
366	0.318793	75000	-0.109174	-57.983211
367	0.317536	75000	-0.108949	-58.092160
368	0.316281	75000	-0.108724	-58.200884
369	0.315030	75000	-0.108442	-58.309326
370	0.313781	75000	-0.108198	-58.417523
371	0.312535	75000	-0.107896	-58.525420
372	0.311293	75000	-0.107755	-58.633175
373	0.310053	75000	-0.107474	-58.740649
374	0.308816	75000	-0.107176	-58.847826
375	0.307582	75000	-0.106948	-58.954773
376	0.306352	75000	-0.106806	-59.061579
377	0.305124	75000	-0.106581	-59.168160
378	0.303899	75000	-0.106293	-59.274453
379	0.302677	75000	-0.106015	-59.380469
380	0.301458	75000	-0.105775	-59.486244
381	0.300242	75000	-0.105601	-59.591845
382	0.299029	75000	-0.105293	-59.697138
383	0.297819	75000	-0.105108	-59.802246
384	0.296611	75000	-0.104869	-59.907115
385	0.295407	75000	-0.104674	-60.011789
386	0.294206	75000	-0.104355	-60.116145
387	0.293007	75000	-0.104151	-60.220295
388	0.291812	75000	-0.103902	-60.324197
389	0.290619	75000	-0.103600	-60.427798
390	0.289430	75000	-0.103465	-60.531263
391	0.288243	75000	-0.103092	-60.634355
392	0.287059	75000	-0.102933	-60.737288
393	0.285879	75000	-0.102794	-60.840082
394	0.284701	75000	-0.102569	-60.942651
395	0.283526	75000	-0.102306	-61.044958
396	0.282354	75000	-0.101992	-61.146950
397	0.281184	75000	-0.101770	-61.248720
398	0.280018	75000	-0.101519	-61.350238
399	0.278855	75000	-0.101264	-61.451502
400	0.277694	75000	-0.101062	-61.552564
401	0.276537	75000	-0.100836	-61.653400
402	0.275382	75000	-0.100559	-61.753959
403	0.274230	75000	-0.100488	-61.854447
404	0.273082	75000	-0.100140	-61.954587
405	0.271936	75000	-0.099869	-62.054456
406	0.270793	75000	-0.099730	-62.154186
407	0.269652	75000	-0.099490	-62.253676
408	0.268515	75000	-0.099304	-62.352980
409	0.267381	75000	-0.099032	-62.452012
410	0.266249	75000	-0.098794	-62.550806
411	0.265121	75000	-0.098513	-62.649319
412	0.263995	75000	-0.098238	-62.747556
413	0.262872	75000	-0.098049	-62.845605
414	0.261752	75000	-0.097797	-62.943402
415	0.260635	75000	-0.097600	-63.041002
416	0.259520	75000	-0.097304	-63.138307
417	0.258409	75000	-0.097093	-63.235400
418	0.257300	75000	-0.096836	-63.332236
419	0.256195	75000	-0.096601	-63.428837
420	0.255092	75000	-0.096576	-63.525412
421	0.253992	75000	-0.096297	-63.621710
422	0.252895	75000	-0.096017	-63.717727
423	0.251800	75000	-0.095645	-63.813373
424	0.250709	75000	-0.095457	-63.908829
425	0.249620	75000	-0.095239	-64.004068
426	0.248534	75000	-0.094986	-64.099055
427	0.247451	75000	-0.094744	-64.193799
428	0.246371	75000	-0.094549	-64.288348
429	0.245294	75000	-0.094435	-64.382783
430	0.244220	75000	-0.094137	-64.476920
431	0.243148	75000	-0.094074	-64.570994
432	0.242079	75000	-0.093658	-64.664652
433	0.241013	75000	-0.093481	-64.758133
434	0.239950	75000	-0.093181	-64.851314
435	0.238890	75000	-0.093010	-64.944324
436	0.237832	75000	-0.092748	-65.037071
437	0.236778	75000	-0.092558	-65.129630
438	0.235726	75000	-0.092334	-65.221964
439	0.234677	75000	-0.092115	-65.314079
440	0.233630	75000	-0.091852	-65.405931
441	0.232587	75000	-0.091673	-65.497604
442	0.231546	75000	-0.091407	-65.589011
443	0.230509	75000	-0.091134	-65.680145
444	0.229473	75000	-0.091048	-65.771193
445	0.228441	75000	-0.090721	-65.861914
446	0.227412	75000	-0.090567	-65.952481
447	0.226385	75000	-0.090359	-66.042840
448	0.225361	75000	-0.090152	-66.132991
449	0.224340	75000	-0.089782	-66.222773
450	0.223322	75000	-0.089595	-66.312369
451	0.222306	75000	-0.089321	-66.401689
452	0.221293	75000	-0.089262	-66.490951
453	0.220283	75000	-0.088918	-66.579869
454	0.219276	75000	-0.088733	-66.668602
455	0.218272	75000	-0.088345	-66.756947
456	0.217270	75000	-0.088330	-66.845277
457	0.216271	75000	-0.088113	-66.933391
458	0.215275	75000	-0.087829	-67.021220
459	0.214281	75000	-0.087726	-67.108946
460	0.213291	75000	-0.087323	-67.196269
461	0.212303	75000	-0.087156	-67.283425
462	0.211318	75000	-0.086955	-67.370380
463	0.210335	75000	-0.086756	-67.457135
464	0.209356	75000	-0.086535	-67.543671
465	0.208379	75000	-0.086292	-67.629963
466	0.207404	75000	-0.086085	-67.716048
467	0.206433	75000	-0.085866	-67.801915
468	0.205464	75000	-0.085684	-67.887598
469	0.204498	75000	-0.085565	-67.973164
470	0.203535	75000	-0.085209	-68.058373
471	0.202575	75000	-0.084973	-68.143345
472	0.201617	75000	-0.084857	-68.228202
473	0.200662	75000	-0.084600	-68.312803
474	0.199709	75000	-0.084340	-68.397143
475	0.198760	75000	-0.084009	-68.481152
476	0.197813	75000	-0.083924	-68.565076
477	0.196869	75000	-0.083670	-68.648746
478	0.195927	75000	-0.083541	-68.732287
479	0.194988	75000	-0.083159	-68.815445
480	0.194052	75000	-0.083017	-68.898463
481	0.193119	75000	-0.082798	-68.981261
482	0.192188	75000	-0.082599	-69.063860
483	0.191260	75000	-0.082430	-69.146290
484	0.190335	75000	-0.082271	-69.228561
485	0.189412	75000	-0.081980	-69.310541
486	0.188492	75000	-0.081749	-69.392289
487	0.187575	75000	-0.081611	-69.473901
488	0.186660	75000	-0.081344	-69.555245
489	0.185749	75000	-0.081229	-69.636474
490	0.184839	75000	-0.080918	-69.717392
491	0.183933	75000	-0.080674	-69.798066
492	0.183029	75000	-0.080604	-69.878669
493	0.182128	75000	-0.080286	-69.958956
494	0.181229	75000	-0.080187	-70.039143
495	0.180333	75000	-0.079801	-70.118944
496	0.179440	75000	-0.079652	-70.198596
497	0.178550	75000	-0.079378	-70.277973
498	0.177662	75000	-0.079238	-70.357211
499	0.176777	75000	-0.078970	-70.436181
500	0.175894	75000	-0.078767	-70.514948
501	0.175014	75000	-0.078604	-70.593553
502	0.174137	75000	-0.078354	-70.671906
503	0.173262	75000	-0.078337	-70.750244
504	0.172390	75000	-0.077922	-70.828165
505	0.171521	75000	-0.077866	-70.906031
506	0.170654	75000	-0.077586	-70.983618
507	0.169790	75000	-0.077256	-71.060874
508	0.168929	75000	-0.077276	-71.138150
509	0.168070	75000	-0.076983	-71.215133
510	0.167214	75000	-0.076768	-71.291901
511	0.166360	75000	-0.076537	-71.368438
512	0.165509	75000	-0.076278	-71.444717
513	0.164661	75000	-0.076158	-71.520875
514	0.163815	75000	-0.075849	-71.596724
515	0.162972	75000	-0.075605	-71.672329
516	0.162132	75000	-0.075584	-71.747913
517	0.161294	75000	-0.075272	-71.823185
518	0.160458	75000	-0.075249	-71.898434
519	0.159626	75000	-0.074901	-71.973335
520	0.158796	75000	-0.074564	-72.047900
521	0.157968	75000	-0.074526	-72.122425
522	0.157143	75000	-0.074267	-72.196692
523	0.156321	75000	-0.074064	-72.270757
524	0.155501	75000	-0.073873	-72.344630
525	0.154684	75000	-0.073677	-72.418307
526	0.153870	75000	-0.073481	-72.491788
527	0.153058	75000	-0.073275	-72.565063
528	0.152248	75000	-0.073062	-72.638125
529	0.151441	75000	-0.072784	-72.710909
530	0.150637	75000	-0.072602	-72.783510
531	0.149835	75000	-0.072378	-72.855889
532	0.149036	75000	-0.072182	-72.928071
533	0.148240	75000	-0.072127	-73.000198
534	0.147446	75000	-0.071938	-73.072137
535	0.146654	75000	-0.071664	-73.143800
536	0.145865	75000	-0.071223	-73.215024
537	0.145079	75000	-0.071230	-73.286254
538	0.144295	75000	-0.071141	-73.357394
539	0.143514	75000	-0.070927	-73.428322
540	0.142735	75000	-0.070623	-73.498944
541	0.141959	75000	-0.070473	-73.569417
542	0.141186	75000	-0.070233	-73.639650
543	0.140415	75000	-0.070026	-73.709676
544	0.139646	75000	-0.069888	-73.779565
545	0.138880	75000	-0.069639	-73.849203
546	0.138116	75000	-0.069437	-73.918640
547	0.137356	75000	-0.069228	-73.987867
548	0.136597	75000	-0.069111	-74.056978
549	0.135841	75000	-0.068857	-74.125835
550	0.135088	75000	-0.068695	-74.194530
551	0.134337	75000	-0.068544	-74.263074
552	0.133588	75000	-0.068287	-74.331361
553	0.132843	75000	-0.068135	-74.399496
554	0.132099	75000	-0.067872	-74.467368
555	0.131358	75000	-0.067795	-74.535164
556	0.130620	75000	-0.067538	-74.602702
557	0.129884	75000	-0.067350	-74.670052
558	0.129151	75000	-0.067274	-74.737326
559	0.128420	75000	-0.066963	-74.804289
560	0.127691	75000	-0.066659	-74.870948
561	0.126965	75000	-0.066462	-74.937410
562	0.126242	75000	-0.066493	-75.003903
563	0.125521	75000	-0.066174	-75.070076
564	0.124802	75000	-0.066013	-75.136090
565	0.124086	75000	-0.065719	-75.201809
566	0.123373	75000	-0.065662	-75.267471
567	0.122662	75000	-0.065558	-75.333029
568	0.121953	75000	-0.064972	-75.398001
569	0.121247	75000	-0.065058	-75.463059
570	0.120543	75000	-0.064807	-75.527867
571	0.119842	75000	-0.064612	-75.592479
572	0.119143	75000	-0.064431	-75.656910
573	0.118447	75000	-0.064046	-75.720956
574	0.117753	75000	-0.064145	-75.785101
575	0.117062	75000	-0.063824	-75.848925
576	0.116373	75000	-0.063699	-75.912624
577	0.115686	75000	-0.063540	-75.976164
578	0.115002	75000	-0.063390	-76.039554
579	0.114320	75000	-0.063218	-76.102772
580	0.113641	75000	-0.062926	-76.165698
581	0.112964	75000	-0.062674	-76.228372
582	0.112290	75000	-0.062696	-76.291067
583	0.111618	75000	-0.062398	-76.353465
584	0.110948	75000	-0.062176	-76.415641
585	0.110281	75000	-0.062028	-76.477669
586	0.109616	75000	-0.061864	-76.539533
587	0.108954	75000	-0.061736	-76.601269
588	0.108294	75000	-0.061430	-76.662699
589	0.107637	75000	-0.061339	-76.724039
590	0.106981	75000	-0.061228	-76.785267
591	0.106329	75000	-0.060784	-76.846050
592	0.105678	75000	-0.060633	-76.906683
593	0.105030	75000	-0.060643	-76.967326
594	0.104385	75000	-0.060352	-77.027678
595	0.103742	75000	-0.060210	-77.087887
596	0.103101	75000	-0.060026	-77.147913
597	0.102463	75000	-0.059797	-77.207711
598	0.101827	75000	-0.059564	-77.267275
599	0.101193	75000	-0.059460	-77.326735
600	0.100562	75000	-0.059242	-77.385977
601	0.099933	75000	-0.059187	-77.445164
602	0.099306	75000	-0.058884	-77.504048
603	0.098682	75000	-0.058656	-77.562704
604	0.098060	75000	-0.058653	-77.621357
605	0.097441	75000	-0.058413	-77.679770
606	0.096824	75000	-0.058170	-77.737940
607	0.096209	75000	-0.058082	-77.796021
608	0.095596	75000	-0.057945	-77.853966
609	0.094986	75000	-0.057820	-77.911786
610	0.094379	75000	-0.057597	-77.969383
611	0.093773	75000	-0.057426	-78.026809
612	0.093170	75000	-0.057305	-78.084114
613	0.092570	75000	-0.057011	-78.141124
614	0.091971	75000	-0.056966	-78.198090
615	0.091375	75000	-0.056619	-78.254710
616	0.090781	75000	-0.056671	-78.311381
617	0.090190	75000	-0.056473	-78.367854
618	0.089601	75000	-0.056257	-78.424111
619	0.089014	75000	-0.055905	-78.480017
620	0.088430	75000	-0.055787	-78.535803
621	0.087848	75000	-0.055639	-78.591442
622	0.087268	75000	-0.055477	-78.646919
623	0.086690	75000	-0.055413	-78.702331
624	0.086115	75000	-0.055164	-78.757496
625	0.085542	75000	-0.054917	-78.812413
626	0.084971	75000	-0.054744	-78.867158
627	0.084403	75000	-0.054571	-78.921729
628	0.083837	75000	-0.054484	-78.976213
629	0.083273	75000	-0.054209	-79.030422
630	0.082712	75000	-0.054302	-79.084724
631	0.082152	75000	-0.054015	-79.138739
632	0.081595	75000	-0.053830	-79.192569
633	0.081041	75000	-0.053694	-79.246263
634	0.080488	75000	-0.053503	-79.299766
635	0.079938	75000	-0.053422	-79.353188
636	0.079390	75000	-0.053153	-79.406341
637	0.078845	75000	-0.052988	-79.459328
638	0.078301	75000	-0.052775	-79.512103
639	0.077760	75000	-0.052770	-79.564873
640	0.077221	75000	-0.052462	-79.617335
641	0.076684	75000	-0.052288	-79.669623
642	0.076150	75000	-0.052053	-79.721675
643	0.075618	75000	-0.051813	-79.773488
644	0.075088	75000	-0.051816	-79.825304
645	0.074560	75000	-0.051615	-79.876919
646	0.074035	75000	-0.051460	-79.928379
647	0.073512	75000	-0.051488	-79.979867
648	0.072991	75000	-0.051186	-80.031053
649	0.072472	75000	-0.051016	-80.082068
650	0.071955	75000	-0.050826	-80.132895
651	0.071441	75000	-0.050709	-80.183604
652	0.070929	75000	-0.050611	-80.234215
653	0.070419	75000	-0.050486	-80.284701
654	0.069911	75000	-0.050301	-80.335002
655	0.069406	75000	-0.050305	-80.385307
656	0.068903	75000	-0.049965	-80.435272
657	0.068401	75000	-0.049874	-80.485146
658	0.067903	75000	-0.049734	-80.534880
659	0.067406	75000	-0.049478	-80.584358
660	0.066911	75000	-0.049462	-80.633820
661	0.066419	75000	-0.049091	-80.682911
662	0.065929	75000	-0.048942	-80.731853
663	0.065441	75000	-0.048769	-80.780622
664	0.064955	75000	-0.048775	-80.829397
665	0.064471	75000	-0.048598	-80.877996
666	0.063990	75000	-0.048268	-80.926263
667	0.063510	75000	-0.048234	-80.974498
668	0.063033	75000	-0.048145	-81.022642
669	0.062558	75000	-0.048069	-81.070712
670	0.062085	75000	-0.047758	-81.118470
671	0.061615	75000	-0.047805	-81.166275
672	0.061146	75000	-0.047491	-81.213767
673	0.060680	75000	-0.047370	-81.261137
674	0.060216	75000	-0.047168	-81.308305
675	0.059753	75000	-0.047213	-81.355518
676	0.059293	75000	-0.046899	-81.402417
677	0.058836	75000	-0.046714	-81.449131
678	0.058380	75000	-0.046852	-81.495983
679	0.057926	75000	-0.046491	-81.542474
680	0.057475	75000	-0.046471	-81.588945
681	0.057025	75000	-0.046140	-81.635086
682	0.056578	75000	-0.046164	-81.681250
683	0.056133	75000	-0.045758	-81.727007
684	0.055690	75000	-0.046222	-81.773229
685	0.055249	75000	-0.045642	-81.818872
686	0.054810	75000	-0.045692	-81.864563
687	0.054373	75000	-0.045313	-81.909876
688	0.053939	75000	-0.045459	-81.955336
689	0.053506	75000	-0.045130	-82.000466
690	0.053076	75000	-0.044925	-82.045391
691	0.052647	75000	-0.044838	-82.090230
692	0.052221	75000	-0.044778	-82.135007
693	0.051797	75000	-0.044481	-82.179489
694	0.051375	75000	-0.044535	-82.224023
695	0.050955	75000	-0.044473	-82.268496
696	0.050537	75000	-0.044304	-82.312800
697	0.050121	75000	-0.044174	-82.356974
698	0.049707	75000	-0.044043	-82.401017
699	0.049295	75000	-0.043743	-82.444760
700	0.048885	75000	-0.043515	-82.488275
701	0.048478	75000	-0.043568	-82.531843
702	0.048072	75000	-0.043473	-82.575316
703	0.047668	75000	-0.043243	-82.618559
704	0.047267	75000	-0.043170	-82.661728
705	0.046867	75000	-0.043039	-82.704767
706	0.046470	75000	-0.042781	-82.747548
707	0.046074	75000	-0.042851	-82.790399
708	0.045681	75000	-0.042829	-82.833228
709	0.045289	75000	-0.042428	-82.875656
710	0.044900	75000	-0.042427	-82.918083
711	0.044512	75000	-0.042327	-82.960410
712	0.044127	75000	-0.042495	-83.002905
713	0.043744	75000	-0.042195	-83.045100
714	0.043362	75000	-0.041903	-83.087003
715	0.042983	75000	-0.041797	-83.128800
716	0.042606	75000	-0.041691	-83.170491
717	0.042230	75000	-0.041435	-83.211925
718	0.041857	75000	-0.041316	-83.253241
719	0.041485	75000	-0.041331	-83.294572
720	0.041116	75000	-0.041296	-83.335868
721	0.040749	75000	-0.041204	-83.377073
722	0.040383	75000	-0.041009	-83.418081
723	0.040020	75000	-0.041034	-83.459115
724	0.039658	75000	-0.040832	-83.499947
725	0.039299	75000	-0.040888	-83.540835
726	0.038941	75000	-0.040576	-83.581411
727	0.038585	75000	-0.040722	-83.622133
728	0.038232	75000	-0.040416	-83.662549
729	0.037880	75000	-0.040149	-83.702698
730	0.037530	75000	-0.040159	-83.742857
731	0.037182	75000	-0.040192	-83.783048
732	0.036836	75000	-0.039910	-83.822958
733	0.036493	75000	-0.039952	-83.862910
734	0.036151	75000	-0.039651	-83.902561
735	0.035810	75000	-0.039650	-83.942211
736	0.035472	75000	-0.039549	-83.981760
737	0.035136	75000	-0.039549	-84.021308
738	0.034802	75000	-0.039609	-84.060917
739	0.034469	75000	-0.039294	-84.100211
740	0.034139	75000	-0.039481	-84.139692
741	0.033810	75000	-0.039167	-84.178859
742	0.033484	75000	-0.039342	-84.218201
743	0.033159	75000	-0.038839	-84.257040
744	0.032836	75000	-0.038609	-84.295649
745	0.032515	75000	-0.038910	-84.334559
746	0.032196	75000	-0.038871	-84.373430
747	0.031879	75000	-0.038524	-84.411954
748	0.031563	75000	-0.038470	-84.450424
749	0.031250	75000	-0.038499	-84.488923
750	0.030938	75000	-0.038147	-84.527070
751	0.030629	75000	-0.038132	-84.565203
752	0.030321	75000	-0.038277	-84.603480
753	0.030015	75000	-0.038260	-84.641739
754	0.029711	75000	-0.038162	-84.679902
755	0.029409	75000	-0.037936	-84.717837
756	0.029108	75000	-0.038091	-84.755928
757	0.028810	75000	-0.037436	-84.793363
758	0.028513	75000	-0.037942	-84.831306
759	0.028218	75000	-0.038028	-84.869334
760	0.027925	75000	-0.037538	-84.906872
761	0.027634	75000	-0.037724	-84.944595
762	0.027345	75000	-0.037647	-84.982242
763	0.027057	75000	-0.037532	-85.019775
764	0.026771	75000	-0.037483	-85.057258
765	0.026487	75000	-0.037264	-85.094521
766	0.026205	75000	-0.037657	-85.132179
767	0.025925	75000	-0.037072	-85.169251
768	0.025647	75000	-0.037167	-85.206418
769	0.025370	75000	-0.037578	-85.243996
770	0.025095	75000	-0.037148	-85.281144
771	0.024822	75000	-0.037179	-85.318323
772	0.024551	75000	-0.037052	-85.355376
773	0.024281	75000	-0.036868	-85.392244
774	0.024014	75000	-0.037014	-85.429258
775	0.023748	75000	-0.036876	-85.466134
776	0.023483	75000	-0.037074	-85.503208
777	0.023221	75000	-0.036868	-85.540075
778	0.022960	75000	-0.037069	-85.577145
779	0.022702	75000	-0.037239	-85.614384
780	0.022445	75000	-0.036706	-85.651089
781	0.022189	75000	-0.036936	-85.688025
782	0.021936	75000	-0.036878	-85.724903
783	0.021684	75000	-0.036698	-85.761601
784	0.021434	75000	-0.036506	-85.798107
785	0.021185	75000	-0.036845	-85.834952
786	0.020939	75000	-0.036698	-85.871649
787	0.020694	75000	-0.036824	-85.908474
788	0.020451	75000	-0.037136	-85.945610
789	0.020209	75000	-0.036848	-85.982459
790	0.019969	75000	-0.036946	-86.019404
791	0.019731	75000	-0.036849	-86.056253
792	0.019495	75000	-0.037336	-86.093589
793	0.019261	75000	-0.036502	-86.130091
794	0.019028	75000	-0.036890	-86.166981
795	0.018796	75000	-0.036877	-86.203859
796	0.018567	75000	-0.036941	-86.240800
797	0.018339	75000	-0.037139	-86.277939
798	0.018113	75000	-0.037075	-86.315014
799	0.017889	75000	-0.036841	-86.351855
800	0.017666	75000	-0.036970	-86.388825
801	0.017445	75000	-0.037650	-86.426475
802	0.017225	75000	-0.037530	-86.464005
803	0.017007	75000	-0.036916	-86.500921
804	0.016791	75000	-0.037091	-86.538012
805	0.016577	75000	-0.037401	-86.575413
806	0.016364	75000	-0.037341	-86.612754
807	0.016153	75000	-0.037687	-86.650441
808	0.015943	75000	-0.037933	-86.688374
809	0.015736	75000	-0.038205	-86.726579
810	0.015529	75000	-0.038031	-86.764610
811	0.015325	75000	-0.037716	-86.802326
812	0.015122	75000	-0.038395	-86.840721
813	0.014920	75000	-0.038783	-86.879504
814	0.014721	75000	-0.038819	-86.918323
815	0.014523	75000	-0.038716	-86.957039
816	0.014326	75000	-0.039465	-86.996504
817	0.014131	75000	-0.039370	-87.035874
818	0.013938	75000	-0.039555	-87.075430
819	0.013746	75000	-0.039473	-87.114903
820	0.013556	75000	-0.039503	-87.154406
821	0.013367	75000	-0.041537	-87.195943
822	0.013181	75000	-0.040391	-87.236333
823	0.012995	75000	-0.040257	-87.276590
824	0.012811	75000	-0.041003	-87.317593
825	0.012629	75000	-0.041851	-87.359444
826	0.012448	75000	-0.040875	-87.400319
827	0.012269	75000	-0.041476	-87.441794
828	0.012092	75000	-0.041778	-87.483572
829	0.011916	75000	-0.041397	-87.524970
830	0.011741	75000	-0.042172	-87.567142
831	0.011568	75000	-0.043920	-87.611062
832	0.011397	75000	-0.043551	-87.654613
833	0.011227	75000	-0.044259	-87.698872
834	0.011059	75000	-0.044233	-87.743104
835	0.010892	75000	-0.045034	-87.788139
836	0.010727	75000	-0.046295	-87.834433
837	0.010563	75000	-0.044565	-87.878998
838	0.010401	75000	-0.045961	-87.924959
839	0.010240	75000	-0.045386	-87.970346
840	0.010081	75000	-0.047556	-88.017901
841	0.009923	75000	-0.047214	-88.065116
842	0.009767	75000	-0.047627	-88.112743
843	0.009612	75000	-0.047847	-88.160590
844	0.009459	75000	-0.048594	-88.209184
845	0.009307	75000	-0.048689	-88.257872
846	0.009156	75000	-0.051737	-88.309610
847	0.009008	75000	-0.052186	-88.361796
848	0.008860	75000	-0.051205	-88.413001
849	0.008714	75000	-0.054221	-88.467222
850	0.008570	75000	-0.055170	-88.522393
851	0.008427	75000	-0.057688	-88.580080
852	0.008285	75000	-0.055185	-88.635265
853	0.008145	75000	-0.054631	-88.689896
854	0.008006	75000	-0.057386	-88.747282
855	0.007869	75000	-0.056618	-88.803901
856	0.007733	75000	-0.060218	-88.864118
857	0.007598	75000	-0.059544	-88.923662
858	0.007465	75000	-0.061594	-88.985257
859	0.007334	75000	-0.064596	-89.049852
860	0.007203	75000	-0.065032	-89.114884
861	0.007075	75000	-0.064338	-89.179222
862	0.006947	75000	-0.066719	-89.245942
863	0.006821	75000	-0.065535	-89.311476
864	0.006696	75000	-0.070288	-89.381764
865	0.006573	75000	-0.069231	-89.450996
866	0.006451	75000	-0.071026	-89.522021
867	0.006330	75000	-0.074074	-89.596095
868	0.006211	75000	-0.072751	-89.668846
869	0.006093	75000	-0.075196	-89.744042
870	0.005977	75000	-0.076700	-89.820742
871	0.005862	75000	-0.080243	-89.900985
872	0.005748	75000	-0.078682	-89.979667
873	0.005635	75000	-0.080866	-90.060532
874	0.005524	75000	-0.080415	-90.140947
875	0.005414	75000	-0.084621	-90.225568
876	0.005306	75000	-0.084015	-90.309584
877	0.005199	75000	-0.087238	-90.396821
878	0.005093	75000	-0.084971	-90.481792
879	0.004988	75000	-0.090195	-90.571988
880	0.004885	75000	-0.090933	-90.662921
881	0.004783	75000	-0.090112	-90.753033
882	0.004682	75000	-0.091474	-90.844507
883	0.004583	75000	-0.094665	-90.939172
884	0.004485	75000	-0.092324	-91.031496
885	0.004388	75000	-0.096948	-91.128444
886	0.004292	75000	-0.093434	-91.221878
887	0.004198	75000	-0.096827	-91.318705
888	0.004105	75000	-0.096527	-91.415232
889	0.004013	75000	-0.098107	-91.513340
890	0.003923	75000	-0.098183	-91.611523
891	0.003833	75000	-0.099531	-91.711054
892	0.003745	75000	-0.100197	-91.811251
893	0.003658	75000	-0.100198	-91.911449
894	0.003573	75000	-0.102315	-92.013765
895	0.003488	75000	-0.100472	-92.114237
896	0.003405	75000	-0.100665	-92.214902
897	0.003323	75000	-0.100702	-92.315603
898	0.003242	75000	-0.101072	-92.416675
899	0.003162	75000	-0.101053	-92.517728
900	0.003084	75000	-0.100463	-92.618191
901	0.003007	75000	-0.099804	-92.717995
902	0.002930	75000	-0.100775	-92.818770
903	0.002855	75000	-0.099916	-92.918686
904	0.002782	75000	-0.099617	-93.018303
905	0.002709	75000	-0.099603	-93.117906
906	0.002638	75000	-0.099970	-93.217876
907	0.002567	75000	-0.099256	-93.317132
908	0.002498	75000	-0.097343	-93.414475
909	0.002430	75000	-0.097572	-93.512047
910	0.002363	75000	-0.096812	-93.608859
911	0.002297	75000	-0.095299	-93.704158
912	0.002233	75000	-0.095158	-93.799317
913	0.002169	75000	-0.094505	-93.893822
914	0.002106	75000	-0.093170	-93.986992
915	0.002045	75000	-0.092380	-94.079372
916	0.001985	75000	-0.091781	-94.171152
917	0.001925	75000	-0.090256	-94.261408
918	0.001867	75000	-0.089204	-94.350612
919	0.001810	75000	-0.088242	-94.438854
920	0.001754	75000	-0.087038	-94.525891
921	0.001699	75000	-0.086711	-94.612602
922	0.001645	75000	-0.085577	-94.698180
923	0.001592	75000	-0.084600	-94.782780
924	0.001540	75000	-0.083461	-94.866240
925	0.001490	75000	-0.081544	-94.947785
926	0.001440	75000	-0.081145	-95.028930
927	0.001391	75000	-0.079337	-95.108266
928	0.001343	75000	-0.078195	-95.186462
929	0.001296	75000	-0.076943	-95.263405
930	0.001251	75000	-0.075165	-95.338570
931	0.001206	75000	-0.074164	-95.412734
932	0.001162	75000	-0.072864	-95.485598
933	0.001119	75000	-0.071350	-95.556948
934	0.001077	75000	-0.070257	-95.627205
935	0.001036	75000	-0.068491	-95.695696
936	0.000996	75000	-0.067594	-95.763290
937	0.000957	75000	-0.066214	-95.829504
938	0.000919	75000	-0.064744	-95.894248
939	0.000882	75000	-0.063076	-95.957324
940	0.000846	75000	-0.062115	-96.019439
941	0.000810	75000	-0.060690	-96.080129
942	0.000776	75000	-0.058956	-96.139085
943	0.000742	75000	-0.057670	-96.196755
944	0.000709	75000	-0.056266	-96.253022
945	0.000678	75000	-0.055190	-96.308212
946	0.000647	75000	-0.053908	-96.362120
947	0.000617	75000	-0.052465	-96.414586
948	0.000587	75000	-0.050743	-96.465329
949	0.000559	75000	-0.049533	-96.514862
950	0.000531	75000	-0.048298	-96.563160
951	0.000505	75000	-0.046749	-96.609909
952	0.000479	75000	-0.045578	-96.655487
953	0.000454	75000	-0.044292	-96.699779
954	0.000430	75000	-0.042763	-96.742542
955	0.000406	75000	-0.041439	-96.783981
956	0.000383	75000	-0.040293	-96.824274
957	0.000362	75000	-0.038747	-96.863020
958	0.000340	75000	-0.037546	-96.900566
959	0.000320	75000	-0.036081	-96.936647
960	0.000300	75000	-0.034961	-96.971609
961	0.000281	75000	-0.033721	-97.005329
962	0.000263	75000	-0.032294	-97.037623
963	0.000246	75000	-0.031190	-97.068813
964	0.000229	75000	-0.029886	-97.098698
965	0.000213	75000	-0.028652	-97.127350
966	0.000198	75000	-0.027452	-97.154802
967	0.000183	75000	-0.026281	-97.181082
968	0.000169	75000	-0.025079	-97.206161
969	0.000156	75000	-0.023917	-97.230079
970	0.000143	75000	-0.022804	-97.252883
971	0.000131	75000	-0.021517	-97.274400
972	0.000120	75000	-0.020508	-97.294908
973	0.000109	75000	-0.019394	-97.314301
974	0.000099	75000	-0.018291	-97.332592
975	0.000089	75000	-0.017277	-97.349869
976	0.000080	75000	-0.016273	-97.366142
977	0.000072	75000	-0.015191	-97.381333
978	0.000064	75000	-0.014265	-97.395598
979	0.000057	75000	-0.013239	-97.408836
980	0.000050	75000	-0.012327	-97.421164
981	0.000043	75000	-0.011393	-97.432557
982	0.000038	75000	-0.010462	-97.443019
983	0.000032	75000	-0.009596	-97.452615
984	0.000028	75000	-0.008754	-97.461369
985	0.000023	75000	-0.007921	-97.469290
986	0.000019	75000	-0.007117	-97.476407
987	0.000016	75000	-0.006335	-97.482741
988	0.000013	75000	-0.005577	-97.488319
989	0.000010	75000	-0.004874	-97.493193
990	0.000008	75000	-0.004189	-97.497382
991	0.000006	75000	-0.003558	-97.500940
992	0.000004	75000	-0.002939	-97.503879
993	0.000003	75000	-0.002382	-97.506261
994	0.000002	75000	-0.001850	-97.508110
995	0.000001	75000	-0.001372	-97.509482
996	0.000000	75000	-0.000943	-97.510425
997	0.000000	75000	-0.000571	-97.510996
998	0.000000	75000	-0.000267	-97.511263
999	0.000000	75000	-0.000057	-97.511320
Log marginal likelihood:	-97.511320
