Steppingstone sampler:
        No Stones:                  1000
        Start It:                   10000001
        It Per Stone:               100000
        Sample Freq:                1
        Dist:                       Beta(0.400000,1.000000)
Stone No	Power	N	Stone MLh	Running MLh
0	0.997502	75000	-0.125922	-0.125922
1	0.995007	75000	-0.125847	-0.251769
2	0.992517	75000	-0.125598	-0.377367
3	0.990030	75000	-0.125466	-0.502833
4	0.987547	75000	-0.125221	-0.628055
5	0.985067	75000	-0.124995	-0.753050
6	0.982592	75000	-0.124869	-0.877919
7	0.980120	75000	-0.124672	-1.002591
8	0.977652	75000	-0.124523	-1.127114
9	0.975187	75000	-0.124326	-1.251440
10	0.972726	75000	-0.124206	-1.375647
11	0.970269	75000	-0.123992	-1.499639
12	0.967816	75000	-0.123760	-1.623398
13	0.965367	75000	-0.123621	-1.747019
14	0.962921	75000	-0.123388	-1.870408
15	0.960479	75000	-0.123232	-1.993640
16	0.958040	75000	-0.123027	-2.116667
17	0.955606	75000	-0.122873	-2.239540
18	0.953175	75000	-0.122655	-2.362196
19	0.950747	75000	-0.122581	-2.484776
20	0.948324	75000	-0.122320	-2.607097
21	0.945904	75000	-0.122058	-2.729155
22	0.943488	75000	-0.121968	-2.851123
23	0.941076	75000	-0.121780	-2.972903
24	0.938667	75000	-0.121616	-3.094519
25	0.936262	75000	-0.121486	-3.216005
26	0.933861	75000	-0.121226	-3.337231
27	0.931463	75000	-0.120975	-3.458206
28	0.929069	75000	-0.120878	-3.579084
29	0.926679	75000	-0.120782	-3.699866
30	0.924293	75000	-0.120577	-3.820443
31	0.921910	75000	-0.120311	-3.940755
32	0.919531	75000	-0.120199	-4.060953
33	0.917155	75000	-0.119966	-4.180920
34	0.914783	75000	-0.119828	-4.300748
35	0.912415	75000	-0.119608	-4.420356
36	0.910051	75000	-0.119464	-4.539820
37	0.907690	75000	-0.119278	-4.659098
38	0.905333	75000	-0.119124	-4.778222
39	0.902980	75000	-0.118945	-4.897166
40	0.900630	75000	-0.118723	-5.015889
41	0.898284	75000	-0.118555	-5.134444
42	0.895942	75000	-0.118386	-5.252830
43	0.893603	75000	-0.118203	-5.371034
44	0.891268	75000	-0.117973	-5.489007
45	0.888937	75000	-0.117785	-5.606792
46	0.886609	75000	-0.117619	-5.724411
47	0.884285	75000	-0.117528	-5.841939
48	0.881965	75000	-0.117278	-5.959217
49	0.879648	75000	-0.117097	-6.076314
50	0.877335	75000	-0.116918	-6.193232
51	0.875026	75000	-0.116827	-6.310059
52	0.872720	75000	-0.116593	-6.426652
53	0.870418	75000	-0.116431	-6.543083
54	0.868120	75000	-0.116240	-6.659323
55	0.865825	75000	-0.116125	-6.775447
56	0.863534	75000	-0.115929	-6.891376
57	0.861246	75000	-0.115650	-7.007026
58	0.858962	75000	-0.115554	-7.122580
59	0.856682	75000	-0.115344	-7.237924
60	0.854405	75000	-0.115138	-7.353062
61	0.852132	75000	-0.114952	-7.468014
62	0.849863	75000	-0.114835	-7.582850
63	0.847597	75000	-0.114623	-7.697472
64	0.845335	75000	-0.114518	-7.811990
65	0.843077	75000	-0.114309	-7.926299
66	0.840822	75000	-0.114146	-8.040445
67	0.838571	75000	-0.113956	-8.154401
68	0.836323	75000	-0.113772	-8.268173
69	0.834079	75000	-0.113569	-8.381741
70	0.831839	75000	-0.113449	-8.495191
71	0.829602	75000	-0.113220	-8.608411
72	0.827369	75000	-0.113032	-8.721443
73	0.825140	75000	-0.112929	-8.834372
74	0.822914	75000	-0.112722	-8.947094
75	0.820691	75000	-0.112526	-9.059619
76	0.818473	75000	-0.112439	-9.172058
77	0.816258	75000	-0.112161	-9.284219
78	0.814046	75000	-0.112006	-9.396225
79	0.811838	75000	-0.111828	-9.508053
80	0.809634	75000	-0.111694	-9.619747
81	0.807433	75000	-0.111509	-9.731256
82	0.805236	75000	-0.111405	-9.842661
83	0.803043	75000	-0.111142	-9.953803
84	0.800853	75000	-0.110939	-10.064741
85	0.798667	75000	-0.110852	-10.175594
86	0.796484	75000	-0.110635	-10.286228
87	0.794305	75000	-0.110471	-10.396700
88	0.792129	75000	-0.110334	-10.507034
89	0.789957	75000	-0.110113	-10.617147
90	0.787789	75000	-0.109917	-10.727064
91	0.785624	75000	-0.109770	-10.836834
92	0.783463	75000	-0.109502	-10.946336
93	0.781305	75000	-0.109435	-11.055770
94	0.779151	75000	-0.109216	-11.164987
95	0.777000	75000	-0.109043	-11.274030
96	0.774853	75000	-0.108898	-11.382928
97	0.772710	75000	-0.108671	-11.491599
98	0.770570	75000	-0.108492	-11.600091
99	0.768433	75000	-0.108345	-11.708436
100	0.766301	75000	-0.108229	-11.816666
101	0.764172	75000	-0.108022	-11.924688
102	0.762046	75000	-0.107870	-12.032558
103	0.759924	75000	-0.107712	-12.140271
104	0.757805	75000	-0.107501	-12.247771
105	0.755690	75000	-0.107390	-12.355161
106	0.753579	75000	-0.107159	-12.462320
107	0.751471	75000	-0.107045	-12.569365
108	0.749366	75000	-0.106829	-12.676194
109	0.747266	75000	-0.106636	-12.782830
110	0.745168	75000	-0.106471	-12.889302
111	0.743075	75000	-0.106317	-12.995619
112	0.740984	75000	-0.106106	-13.101726
113	0.738898	75000	-0.105955	-13.207681
114	0.736815	75000	-0.105819	-13.313500
115	0.734735	75000	-0.105640	-13.419140
116	0.732659	75000	-0.105456	-13.524595
117	0.730586	75000	-0.105306	-13.629901
118	0.728517	75000	-0.105124	-13.735025
119	0.726452	75000	-0.105001	-13.840026
120	0.724390	75000	-0.104823	-13.944850
121	0.722331	75000	-0.104576	-14.049426
122	0.720276	75000	-0.104418	-14.153844
123	0.718225	75000	-0.104209	-14.258053
124	0.716177	75000	-0.104109	-14.362162
125	0.714132	75000	-0.103877	-14.466039
126	0.712091	75000	-0.103801	-14.569840
127	0.710054	75000	-0.103577	-14.673417
128	0.708020	75000	-0.103336	-14.776753
129	0.705989	75000	-0.103201	-14.879953
130	0.703962	75000	-0.102994	-14.982947
131	0.701939	75000	-0.102862	-15.085809
132	0.699919	75000	-0.102642	-15.188451
133	0.697902	75000	-0.102570	-15.291021
134	0.695889	75000	-0.102396	-15.393417
135	0.693880	75000	-0.102201	-15.495618
136	0.691874	75000	-0.102124	-15.597742
137	0.689871	75000	-0.101840	-15.699582
138	0.687872	75000	-0.101721	-15.801303
139	0.685877	75000	-0.101527	-15.902830
140	0.683885	75000	-0.101395	-16.004225
141	0.681896	75000	-0.101265	-16.105490
142	0.679911	75000	-0.101065	-16.206556
143	0.677929	75000	-0.100892	-16.307447
144	0.675951	75000	-0.100674	-16.408121
145	0.673976	75000	-0.100527	-16.508648
146	0.672005	75000	-0.100404	-16.609052
147	0.670037	75000	-0.100208	-16.709260
148	0.668073	75000	-0.100057	-16.809317
149	0.666112	75000	-0.099886	-16.909203
150	0.664155	75000	-0.099680	-17.008883
151	0.662201	75000	-0.099438	-17.108320
152	0.660250	75000	-0.099359	-17.207679
153	0.658303	75000	-0.099239	-17.306918
154	0.656359	75000	-0.099026	-17.405945
155	0.654419	75000	-0.098878	-17.504822
156	0.652483	75000	-0.098664	-17.603487
157	0.650549	75000	-0.098479	-17.701966
158	0.648619	75000	-0.098395	-17.800361
159	0.646693	75000	-0.098260	-17.898621
160	0.644770	75000	-0.097993	-17.996614
161	0.642851	75000	-0.097902	-18.094516
162	0.640934	75000	-0.097706	-18.192222
163	0.639022	75000	-0.097497	-18.289719
164	0.637113	75000	-0.097447	-18.387165
165	0.635207	75000	-0.097233	-18.484398
166	0.633304	75000	-0.097040	-18.581438
167	0.631405	75000	-0.096915	-18.678353
168	0.629510	75000	-0.096704	-18.775058
169	0.627618	75000	-0.096647	-18.871705
170	0.625729	75000	-0.096462	-18.968167
171	0.623844	75000	-0.096221	-19.064388
172	0.621962	75000	-0.096062	-19.160450
173	0.620083	75000	-0.095943	-19.256393
174	0.618208	75000	-0.095706	-19.352099
175	0.616337	75000	-0.095549	-19.447648
176	0.614468	75000	-0.095395	-19.543043
177	0.612604	75000	-0.095242	-19.638284
178	0.610742	75000	-0.095056	-19.733340
179	0.608884	75000	-0.094904	-19.828244
180	0.607029	75000	-0.094749	-19.922993
181	0.605178	75000	-0.094557	-20.017550
182	0.603330	75000	-0.094414	-20.111964
183	0.601486	75000	-0.094267	-20.206231
184	0.599645	75000	-0.094112	-20.300343
185	0.597807	75000	-0.093943	-20.394286
186	0.595973	75000	-0.093717	-20.488002
187	0.594142	75000	-0.093619	-20.581622
188	0.592314	75000	-0.093414	-20.675035
189	0.590490	75000	-0.093294	-20.768330
190	0.588669	75000	-0.093143	-20.861472
191	0.586852	75000	-0.092937	-20.954409
192	0.585038	75000	-0.092709	-21.047118
193	0.583227	75000	-0.092582	-21.139700
194	0.581420	75000	-0.092417	-21.232117
195	0.579616	75000	-0.092272	-21.324389
196	0.577815	75000	-0.092091	-21.416480
197	0.576018	75000	-0.091981	-21.508461
198	0.574224	75000	-0.091802	-21.600263
199	0.572433	75000	-0.091625	-21.691888
200	0.570646	75000	-0.091418	-21.783306
201	0.568862	75000	-0.091281	-21.874588
202	0.567082	75000	-0.091145	-21.965733
203	0.565305	75000	-0.090945	-22.056678
204	0.563531	75000	-0.090868	-22.147546
205	0.561761	75000	-0.090636	-22.238181
206	0.559993	75000	-0.090550	-22.328731
207	0.558230	75000	-0.090467	-22.419198
208	0.556469	75000	-0.090157	-22.509356
209	0.554712	75000	-0.090046	-22.599402
210	0.552958	75000	-0.089874	-22.689276
211	0.551208	75000	-0.089701	-22.778977
212	0.549461	75000	-0.089479	-22.868456
213	0.547717	75000	-0.089361	-22.957817
214	0.545977	75000	-0.089174	-23.046992
215	0.544240	75000	-0.089093	-23.136085
216	0.542506	75000	-0.088901	-23.224985
217	0.540775	75000	-0.088621	-23.313606
218	0.539048	75000	-0.088598	-23.402205
219	0.537324	75000	-0.088370	-23.490575
220	0.535604	75000	-0.088317	-23.578892
221	0.533887	75000	-0.088063	-23.666954
222	0.532173	75000	-0.088044	-23.754998
223	0.530462	75000	-0.087885	-23.842883
224	0.528755	75000	-0.087672	-23.930555
225	0.527051	75000	-0.087474	-24.018030
226	0.525350	75000	-0.087306	-24.105336
227	0.523653	75000	-0.087141	-24.192477
228	0.521958	75000	-0.087062	-24.279539
229	0.520268	75000	-0.086759	-24.366298
230	0.518580	75000	-0.086735	-24.453033
231	0.516896	75000	-0.086505	-24.539538
232	0.515215	75000	-0.086477	-24.626015
233	0.513537	75000	-0.086240	-24.712255
234	0.511863	75000	-0.086120	-24.798374
235	0.510192	75000	-0.085879	-24.884253
236	0.508524	75000	-0.085709	-24.969962
237	0.506859	75000	-0.085510	-25.055473
238	0.505198	75000	-0.085386	-25.140859
239	0.503540	75000	-0.085253	-25.226112
240	0.501885	75000	-0.085112	-25.311224
241	0.500234	75000	-0.084931	-25.396154
242	0.498586	75000	-0.084838	-25.480992
243	0.496941	75000	-0.084728	-25.565720
244	0.495299	75000	-0.084451	-25.650171
245	0.493660	75000	-0.084313	-25.734484
246	0.492025	75000	-0.084152	-25.818636
247	0.490393	75000	-0.083981	-25.902617
248	0.488765	75000	-0.083881	-25.986499
249	0.487139	75000	-0.083698	-26.070197
250	0.485517	75000	-0.083556	-26.153753
251	0.483898	75000	-0.083325	-26.237079
252	0.482283	75000	-0.083277	-26.320355
253	0.480670	75000	-0.083104	-26.403460
254	0.479061	75000	-0.082951	-26.486411
255	0.477455	75000	-0.082817	-26.569228
256	0.475852	75000	-0.082589	-26.651817
257	0.474253	75000	-0.082473	-26.734291
258	0.472656	75000	-0.082304	-26.816594
259	0.471063	75000	-0.082121	-26.898715
260	0.469474	75000	-0.082015	-26.980730
261	0.467887	75000	-0.081763	-27.062494
262	0.466304	75000	-0.081633	-27.144127
263	0.464723	75000	-0.081499	-27.225626
264	0.463146	75000	-0.081387	-27.307013
265	0.461573	75000	-0.081246	-27.388260
266	0.460002	75000	-0.081064	-27.469324
267	0.458435	75000	-0.080963	-27.550287
268	0.456871	75000	-0.080779	-27.631066
269	0.455310	75000	-0.080629	-27.711695
270	0.453752	75000	-0.080372	-27.792067
271	0.452198	75000	-0.080262	-27.872329
272	0.450647	75000	-0.080076	-27.952405
273	0.449098	75000	-0.080042	-28.032446
274	0.447554	75000	-0.079793	-28.112239
275	0.446012	75000	-0.079658	-28.191897
276	0.444473	75000	-0.079525	-28.271422
277	0.442938	75000	-0.079423	-28.350845
278	0.441406	75000	-0.079201	-28.430046
279	0.439877	75000	-0.079093	-28.509139
280	0.438351	75000	-0.078961	-28.588100
281	0.436829	75000	-0.078708	-28.666808
282	0.435309	75000	-0.078681	-28.745489
283	0.433793	75000	-0.078419	-28.823908
284	0.432280	75000	-0.078302	-28.902209
285	0.430770	75000	-0.078176	-28.980386
286	0.429263	75000	-0.078045	-29.058431
287	0.427760	75000	-0.077926	-29.136357
288	0.426259	75000	-0.077759	-29.214117
289	0.424762	75000	-0.077625	-29.291741
290	0.423268	75000	-0.077402	-29.369144
291	0.421777	75000	-0.077279	-29.446422
292	0.420289	75000	-0.077085	-29.523508
293	0.418805	75000	-0.077048	-29.600556
294	0.417323	75000	-0.076890	-29.677446
295	0.415845	75000	-0.076671	-29.754117
296	0.414370	75000	-0.076435	-29.830552
297	0.412898	75000	-0.076377	-29.906929
298	0.411429	75000	-0.076229	-29.983158
299	0.409963	75000	-0.076090	-30.059248
300	0.408501	75000	-0.075906	-30.135153
301	0.407041	75000	-0.075763	-30.210916
302	0.405585	75000	-0.075644	-30.286560
303	0.404132	75000	-0.075499	-30.362059
304	0.402682	75000	-0.075309	-30.437368
305	0.401235	75000	-0.075167	-30.512535
306	0.399791	75000	-0.074942	-30.587476
307	0.398350	75000	-0.074805	-30.662281
308	0.396913	75000	-0.074659	-30.736940
309	0.395478	75000	-0.074602	-30.811542
310	0.394047	75000	-0.074422	-30.885964
311	0.392619	75000	-0.074287	-30.960251
312	0.391194	75000	-0.074120	-31.034371
313	0.389772	75000	-0.073951	-31.108322
314	0.388353	75000	-0.073794	-31.182116
315	0.386937	75000	-0.073674	-31.255790
316	0.385524	75000	-0.073500	-31.329290
317	0.384115	75000	-0.073339	-31.402629
318	0.382708	75000	-0.073219	-31.475848
319	0.381305	75000	-0.073012	-31.548860
320	0.379904	75000	-0.072937	-31.621797
321	0.378507	75000	-0.072765	-31.694563
322	0.377113	75000	-0.072660	-31.767223
323	0.375722	75000	-0.072555	-31.839778
324	0.374334	75000	-0.072295	-31.912073
325	0.372949	75000	-0.072271	-31.984344
326	0.371567	75000	-0.071962	-32.056306
327	0.370189	75000	-0.071943	-32.128250
328	0.368813	75000	-0.071809	-32.200059
329	0.367440	75000	-0.071586	-32.271645
330	0.366071	75000	-0.071491	-32.343136
331	0.364705	75000	-0.071344	-32.414480
332	0.363341	75000	-0.071126	-32.485606
333	0.361981	75000	-0.071017	-32.556623
334	0.360624	75000	-0.070912	-32.627536
335	0.359269	75000	-0.070667	-32.698202
336	0.357918	75000	-0.070608	-32.768811
337	0.356570	75000	-0.070401	-32.839212
338	0.355225	75000	-0.070363	-32.909575
339	0.353883	75000	-0.070229	-32.979803
340	0.352544	75000	-0.070044	-33.049848
341	0.351208	75000	-0.069902	-33.119749
342	0.349875	75000	-0.069656	-33.189405
343	0.348546	75000	-0.069603	-33.259009
344	0.347219	75000	-0.069392	-33.328401
345	0.345895	75000	-0.069277	-33.397678
346	0.344574	75000	-0.069146	-33.466824
347	0.343257	75000	-0.069039	-33.535863
348	0.341942	75000	-0.068864	-33.604727
349	0.340630	75000	-0.068746	-33.673473
350	0.339322	75000	-0.068530	-33.742003
351	0.338016	75000	-0.068469	-33.810472
352	0.336714	75000	-0.068310	-33.878782
353	0.335414	75000	-0.068132	-33.946913
354	0.334118	75000	-0.067975	-34.014888
355	0.332824	75000	-0.067798	-34.082686
356	0.331534	75000	-0.067749	-34.150436
357	0.330246	75000	-0.067546	-34.217982
358	0.328962	75000	-0.067426	-34.285408
359	0.327680	75000	-0.067328	-34.352736
360	0.326401	75000	-0.067158	-34.419894
361	0.325126	75000	-0.067106	-34.486999
362	0.323853	75000	-0.066912	-34.553912
363	0.322584	75000	-0.066806	-34.620717
364	0.321317	75000	-0.066670	-34.687387
365	0.320054	75000	-0.066371	-34.753758
366	0.318793	75000	-0.066367	-34.820125
367	0.317536	75000	-0.066174	-34.886299
368	0.316281	75000	-0.065919	-34.952218
369	0.315030	75000	-0.065865	-35.018083
370	0.313781	75000	-0.065786	-35.083869
371	0.312535	75000	-0.065606	-35.149475
372	0.311293	75000	-0.065438	-35.214913
373	0.310053	75000	-0.065388	-35.280301
374	0.308816	75000	-0.065224	-35.345525
375	0.307582	75000	-0.065057	-35.410582
376	0.306352	75000	-0.064911	-35.475493
377	0.305124	75000	-0.064753	-35.540247
378	0.303899	75000	-0.064609	-35.604856
379	0.302677	75000	-0.064424	-35.669280
380	0.301458	75000	-0.064430	-35.733710
381	0.300242	75000	-0.064130	-35.797840
382	0.299029	75000	-0.064191	-35.862031
383	0.297819	75000	-0.063921	-35.925952
384	0.296611	75000	-0.063840	-35.989792
385	0.295407	75000	-0.063734	-36.053526
386	0.294206	75000	-0.063593	-36.117119
387	0.293007	75000	-0.063488	-36.180607
388	0.291812	75000	-0.063216	-36.243823
389	0.290619	75000	-0.063166	-36.306989
390	0.289430	75000	-0.062938	-36.369927
391	0.288243	75000	-0.062801	-36.432728
392	0.287059	75000	-0.062744	-36.495473
393	0.285879	75000	-0.062533	-36.558006
394	0.284701	75000	-0.062410	-36.620416
395	0.283526	75000	-0.062276	-36.682692
396	0.282354	75000	-0.062156	-36.744848
397	0.281184	75000	-0.062035	-36.806883
398	0.280018	75000	-0.061969	-36.868852
399	0.278855	75000	-0.061793	-36.930646
400	0.277694	75000	-0.061673	-36.992319
401	0.276537	75000	-0.061413	-37.053732
402	0.275382	75000	-0.061291	-37.115023
403	0.274230	75000	-0.061255	-37.176278
404	0.273082	75000	-0.061079	-37.237357
405	0.271936	75000	-0.060928	-37.298285
406	0.270793	75000	-0.060794	-37.359079
407	0.269652	75000	-0.060684	-37.419763
408	0.268515	75000	-0.060565	-37.480328
409	0.267381	75000	-0.060395	-37.540723
410	0.266249	75000	-0.060285	-37.601008
411	0.265121	75000	-0.060233	-37.661241
412	0.263995	75000	-0.059989	-37.721229
413	0.262872	75000	-0.059869	-37.781098
414	0.261752	75000	-0.059839	-37.840937
415	0.260635	75000	-0.059586	-37.900523
416	0.259520	75000	-0.059526	-37.960049
417	0.258409	75000	-0.059314	-38.019363
418	0.257300	75000	-0.059116	-38.078479
419	0.256195	75000	-0.059034	-38.137513
420	0.255092	75000	-0.058879	-38.196392
421	0.253992	75000	-0.058754	-38.255146
422	0.252895	75000	-0.058634	-38.313779
423	0.251800	75000	-0.058615	-38.372394
424	0.250709	75000	-0.058356	-38.430750
425	0.249620	75000	-0.058316	-38.489066
426	0.248534	75000	-0.058153	-38.547219
427	0.247451	75000	-0.057987	-38.605206
428	0.246371	75000	-0.057869	-38.663075
429	0.245294	75000	-0.057675	-38.720751
430	0.244220	75000	-0.057654	-38.778404
431	0.243148	75000	-0.057477	-38.835881
432	0.242079	75000	-0.057301	-38.893182
433	0.241013	75000	-0.057134	-38.950316
434	0.239950	75000	-0.056969	-39.007285
435	0.238890	75000	-0.057015	-39.064299
436	0.237832	75000	-0.056783	-39.121083
437	0.236778	75000	-0.056680	-39.177763
438	0.235726	75000	-0.056533	-39.234296
439	0.234677	75000	-0.056415	-39.290711
440	0.233630	75000	-0.056311	-39.347021
441	0.232587	75000	-0.056140	-39.403162
442	0.231546	75000	-0.056007	-39.459169
443	0.230509	75000	-0.055915	-39.515084
444	0.229473	75000	-0.055748	-39.570832
445	0.228441	75000	-0.055707	-39.626539
446	0.227412	75000	-0.055538	-39.682077
447	0.226385	75000	-0.055303	-39.737380
448	0.225361	75000	-0.055209	-39.792588
449	0.224340	75000	-0.055120	-39.847709
450	0.223322	75000	-0.055015	-39.902724
451	0.222306	75000	-0.054890	-39.957614
452	0.221293	75000	-0.054768	-40.012382
453	0.220283	75000	-0.054710	-40.067092
454	0.219276	75000	-0.054522	-40.121614
455	0.218272	75000	-0.054432	-40.176047
456	0.217270	75000	-0.054238	-40.230284
457	0.216271	75000	-0.054118	-40.284402
458	0.215275	75000	-0.054011	-40.338413
459	0.214281	75000	-0.053855	-40.392268
460	0.213291	75000	-0.053788	-40.446056
461	0.212303	75000	-0.053595	-40.499651
462	0.211318	75000	-0.053444	-40.553096
463	0.210335	75000	-0.053459	-40.606555
464	0.209356	75000	-0.053153	-40.659708
465	0.208379	75000	-0.053187	-40.712895
466	0.207404	75000	-0.053051	-40.765946
467	0.206433	75000	-0.052884	-40.818830
468	0.205464	75000	-0.052755	-40.871584
469	0.204498	75000	-0.052595	-40.924179
470	0.203535	75000	-0.052643	-40.976822
471	0.202575	75000	-0.052345	-41.029167
472	0.201617	75000	-0.052248	-41.081414
473	0.200662	75000	-0.052073	-41.133488
474	0.199709	75000	-0.052036	-41.185524
475	0.198760	75000	-0.051838	-41.237361
476	0.197813	75000	-0.051796	-41.289157
477	0.196869	75000	-0.051621	-41.340779
478	0.195927	75000	-0.051398	-41.392176
479	0.194988	75000	-0.051303	-41.443479
480	0.194052	75000	-0.051309	-41.494788
481	0.193119	75000	-0.051143	-41.545932
482	0.192188	75000	-0.050980	-41.596912
483	0.191260	75000	-0.050927	-41.647839
484	0.190335	75000	-0.050673	-41.698512
485	0.189412	75000	-0.050698	-41.749209
486	0.188492	75000	-0.050401	-41.799611
487	0.187575	75000	-0.050386	-41.849997
488	0.186660	75000	-0.050262	-41.900259
489	0.185749	75000	-0.050075	-41.950333
490	0.184839	75000	-0.049982	-42.000315
491	0.183933	75000	-0.049855	-42.050170
492	0.183029	75000	-0.049816	-42.099985
493	0.182128	75000	-0.049677	-42.149662
494	0.181229	75000	-0.049596	-42.199258
495	0.180333	75000	-0.049374	-42.248631
496	0.179440	75000	-0.049224	-42.297856
497	0.178550	75000	-0.049034	-42.346890
498	0.177662	75000	-0.049016	-42.395906
499	0.176777	75000	-0.048978	-42.444883
500	0.175894	75000	-0.048737	-42.493620
501	0.175014	75000	-0.048635	-42.542255
502	0.174137	75000	-0.048684	-42.590939
503	0.173262	75000	-0.048421	-42.639360
504	0.172390	75000	-0.048358	-42.687719
505	0.171521	75000	-0.048267	-42.735986
506	0.170654	75000	-0.048105	-42.784091
507	0.169790	75000	-0.047979	-42.832070
508	0.168929	75000	-0.047877	-42.879947
509	0.168070	75000	-0.047788	-42.927736
510	0.167214	75000	-0.047502	-42.975238
511	0.166360	75000	-0.047489	-43.022727
512	0.165509	75000	-0.047537	-43.070264
513	0.164661	75000	-0.047284	-43.117549
514	0.163815	75000	-0.047075	-43.164623
515	0.162972	75000	-0.047120	-43.211743
516	0.162132	75000	-0.046980	-43.258723
517	0.161294	75000	-0.046795	-43.305518
518	0.160458	75000	-0.046575	-43.352093
519	0.159626	75000	-0.046658	-43.398751
520	0.158796	75000	-0.046418	-43.445168
521	0.157968	75000	-0.046378	-43.491546
522	0.157143	75000	-0.046182	-43.537728
523	0.156321	75000	-0.046117	-43.583845
524	0.155501	75000	-0.045959	-43.629804
525	0.154684	75000	-0.045942	-43.675746
526	0.153870	75000	-0.045725	-43.721471
527	0.153058	75000	-0.045612	-43.767083
528	0.152248	75000	-0.045606	-43.812689
529	0.151441	75000	-0.045502	-43.858191
530	0.150637	75000	-0.045304	-43.903494
531	0.149835	75000	-0.045216	-43.948710
532	0.149036	75000	-0.045079	-43.993790
533	0.148240	75000	-0.044982	-44.038772
534	0.147446	75000	-0.044768	-44.083540
535	0.146654	75000	-0.044613	-44.128153
536	0.145865	75000	-0.044537	-44.172690
537	0.145079	75000	-0.044533	-44.217223
538	0.144295	75000	-0.044536	-44.261759
539	0.143514	75000	-0.044279	-44.306037
540	0.142735	75000	-0.044279	-44.350316
541	0.141959	75000	-0.044016	-44.394333
542	0.141186	75000	-0.043926	-44.438259
543	0.140415	75000	-0.043816	-44.482075
544	0.139646	75000	-0.043711	-44.525786
545	0.138880	75000	-0.043552	-44.569338
546	0.138116	75000	-0.043520	-44.612858
547	0.137356	75000	-0.043318	-44.656176
548	0.136597	75000	-0.043211	-44.699387
549	0.135841	75000	-0.043171	-44.742559
550	0.135088	75000	-0.043084	-44.785643
551	0.134337	75000	-0.043124	-44.828767
552	0.133588	75000	-0.042784	-44.871551
553	0.132843	75000	-0.042608	-44.914159
554	0.132099	75000	-0.042714	-44.956872
555	0.131358	75000	-0.042431	-44.999304
556	0.130620	75000	-0.042462	-45.041766
557	0.129884	75000	-0.042250	-45.084016
558	0.129151	75000	-0.042246	-45.126262
559	0.128420	75000	-0.042047	-45.168309
560	0.127691	75000	-0.042084	-45.210394
561	0.126965	75000	-0.041669	-45.252063
562	0.126242	75000	-0.041826	-45.293889
563	0.125521	75000	-0.041615	-45.335503
564	0.124802	75000	-0.041561	-45.377065
565	0.124086	75000	-0.041409	-45.418474
566	0.123373	75000	-0.041435	-45.459908
567	0.122662	75000	-0.041166	-45.501074
568	0.121953	75000	-0.041011	-45.542085
569	0.121247	75000	-0.040852	-45.582937
570	0.120543	75000	-0.040916	-45.623853
571	0.119842	75000	-0.040693	-45.664545
572	0.119143	75000	-0.040674	-45.705219
573	0.118447	75000	-0.040527	-45.745747
574	0.117753	75000	-0.040441	-45.786188
575	0.117062	75000	-0.040502	-45.826689
576	0.116373	75000	-0.040219	-45.866909
577	0.115686	75000	-0.040136	-45.907044
578	0.115002	75000	-0.040026	-45.947070
579	0.114320	75000	-0.039945	-45.987015
580	0.113641	75000	-0.039883	-46.026899
581	0.112964	75000	-0.039835	-46.066734
582	0.112290	75000	-0.039716	-46.106450
583	0.111618	75000	-0.039782	-46.146232
584	0.110948	75000	-0.039569	-46.185801
585	0.110281	75000	-0.039359	-46.225160
586	0.109616	75000	-0.039294	-46.264454
587	0.108954	75000	-0.039211	-46.303666
588	0.108294	75000	-0.039093	-46.342758
589	0.107637	75000	-0.039007	-46.381765
590	0.106981	75000	-0.038858	-46.420623
591	0.106329	75000	-0.038693	-46.459316
592	0.105678	75000	-0.038531	-46.497848
593	0.105030	75000	-0.038503	-46.536351
594	0.104385	75000	-0.038501	-46.574852
595	0.103742	75000	-0.038241	-46.613093
596	0.103101	75000	-0.038284	-46.651376
597	0.102463	75000	-0.038123	-46.689499
598	0.101827	75000	-0.038027	-46.727526
599	0.101193	75000	-0.037906	-46.765433
600	0.100562	75000	-0.037784	-46.803217
601	0.099933	75000	-0.037722	-46.840939
602	0.099306	75000	-0.037809	-46.878748
603	0.098682	75000	-0.037486	-46.916234
604	0.098060	75000	-0.037462	-46.953696
605	0.097441	75000	-0.037364	-46.991060
606	0.096824	75000	-0.037092	-47.028151
607	0.096209	75000	-0.037256	-47.065407
608	0.095596	75000	-0.036970	-47.102378
609	0.094986	75000	-0.037052	-47.139430
610	0.094379	75000	-0.037179	-47.176609
611	0.093773	75000	-0.036703	-47.213312
612	0.093170	75000	-0.036690	-47.250002
613	0.092570	75000	-0.036580	-47.286582
614	0.091971	75000	-0.036458	-47.323040
615	0.091375	75000	-0.036536	-47.359575
616	0.090781	75000	-0.036195	-47.395770
617	0.090190	75000	-0.036198	-47.431969
618	0.089601	75000	-0.036219	-47.468188
619	0.089014	75000	-0.036107	-47.504294
620	0.088430	75000	-0.035903	-47.540197
621	0.087848	75000	-0.035876	-47.576073
622	0.087268	75000	-0.035754	-47.611828
623	0.086690	75000	-0.035663	-47.647490
624	0.086115	75000	-0.035539	-47.683029
625	0.085542	75000	-0.035620	-47.718649
626	0.084971	75000	-0.035319	-47.753968
627	0.084403	75000	-0.035423	-47.789390
628	0.083837	75000	-0.035130	-47.824520
629	0.083273	75000	-0.035162	-47.859682
630	0.082712	75000	-0.035160	-47.894842
631	0.082152	75000	-0.034964	-47.929806
632	0.081595	75000	-0.034737	-47.964543
633	0.081041	75000	-0.034901	-47.999444
634	0.080488	75000	-0.034972	-48.034416
635	0.079938	75000	-0.034595	-48.069011
636	0.079390	75000	-0.034621	-48.103631
637	0.078845	75000	-0.034362	-48.137993
638	0.078301	75000	-0.034409	-48.172401
639	0.077760	75000	-0.034309	-48.206711
640	0.077221	75000	-0.033975	-48.240686
641	0.076684	75000	-0.034003	-48.274689
642	0.076150	75000	-0.034013	-48.308701
643	0.075618	75000	-0.033896	-48.342597
644	0.075088	75000	-0.034015	-48.376612
645	0.074560	75000	-0.033886	-48.410498
646	0.074035	75000	-0.033599	-48.444097
647	0.073512	75000	-0.033831	-48.477928
648	0.072991	75000	-0.033546	-48.511474
649	0.072472	75000	-0.033257	-48.544731
650	0.071955	75000	-0.033218	-48.577949
651	0.071441	75000	-0.033222	-48.611172
652	0.070929	75000	-0.033192	-48.644363
653	0.070419	75000	-0.033260	-48.677623
654	0.069911	75000	-0.033013	-48.710636
655	0.069406	75000	-0.032999	-48.743635
656	0.068903	75000	-0.032921	-48.776556
657	0.068401	75000	-0.032719	-48.809275
658	0.067903	75000	-0.032609	-48.841885
659	0.067406	75000	-0.032592	-48.874477
660	0.066911	75000	-0.032483	-48.906960
661	0.066419	75000	-0.032477	-48.939437
662	0.065929	75000	-0.032375	-48.971812
663	0.065441	75000	-0.032449	-49.004261
664	0.064955	75000	-0.032094	-49.036354
665	0.064471	75000	-0.032283	-49.068637
666	0.063990	75000	-0.032066	-49.100704
667	0.063510	75000	-0.031933	-49.132636
668	0.063033	75000	-0.032020	-49.164656
669	0.062558	75000	-0.031800	-49.196456
670	0.062085	75000	-0.031750	-49.228207
671	0.061615	75000	-0.031754	-49.259961
672	0.061146	75000	-0.031532	-49.291493
673	0.060680	75000	-0.031214	-49.322707
674	0.060216	75000	-0.031529	-49.354235
675	0.059753	75000	-0.031357	-49.385592
676	0.059293	75000	-0.031303	-49.416895
677	0.058836	75000	-0.031232	-49.448127
678	0.058380	75000	-0.031070	-49.479198
679	0.057926	75000	-0.031227	-49.510425
680	0.057475	75000	-0.030904	-49.541329
681	0.057025	75000	-0.030833	-49.572162
682	0.056578	75000	-0.030876	-49.603039
683	0.056133	75000	-0.030966	-49.634005
684	0.055690	75000	-0.030600	-49.664605
685	0.055249	75000	-0.030712	-49.695317
686	0.054810	75000	-0.030731	-49.726048
687	0.054373	75000	-0.030651	-49.756699
688	0.053939	75000	-0.030487	-49.787186
689	0.053506	75000	-0.030538	-49.817724
690	0.053076	75000	-0.030528	-49.848252
691	0.052647	75000	-0.030393	-49.878645
692	0.052221	75000	-0.030375	-49.909020
693	0.051797	75000	-0.030174	-49.939194
694	0.051375	75000	-0.030176	-49.969370
695	0.050955	75000	-0.030109	-49.999479
696	0.050537	75000	-0.030157	-50.029636
697	0.050121	75000	-0.029893	-50.059529
698	0.049707	75000	-0.030103	-50.089632
699	0.049295	75000	-0.029934	-50.119567
700	0.048885	75000	-0.029774	-50.149341
701	0.048478	75000	-0.029810	-50.179151
702	0.048072	75000	-0.029801	-50.208952
703	0.047668	75000	-0.029386	-50.238338
704	0.047267	75000	-0.029612	-50.267950
705	0.046867	75000	-0.029300	-50.297250
706	0.046470	75000	-0.029510	-50.326760
707	0.046074	75000	-0.029402	-50.356162
708	0.045681	75000	-0.029130	-50.385293
709	0.045289	75000	-0.029070	-50.414363
710	0.044900	75000	-0.029253	-50.443615
711	0.044512	75000	-0.029110	-50.472725
712	0.044127	75000	-0.028908	-50.501633
713	0.043744	75000	-0.029210	-50.530843
714	0.043362	75000	-0.029136	-50.559979
715	0.042983	75000	-0.029021	-50.589000
716	0.042606	75000	-0.028709	-50.617709
717	0.042230	75000	-0.028900	-50.646609
718	0.041857	75000	-0.028792	-50.675401
719	0.041485	75000	-0.028712	-50.704113
720	0.041116	75000	-0.028553	-50.732666
721	0.040749	75000	-0.028780	-50.761446
722	0.040383	75000	-0.028783	-50.790229
723	0.040020	75000	-0.028650	-50.818879
724	0.039658	75000	-0.028505	-50.847384
725	0.039299	75000	-0.028525	-50.875909
726	0.038941	75000	-0.028372	-50.904281
727	0.038585	75000	-0.028172	-50.932453
728	0.038232	75000	-0.028368	-50.960821
729	0.037880	75000	-0.028130	-50.988950
730	0.037530	75000	-0.028093	-51.017043
731	0.037182	75000	-0.028185	-51.045228
732	0.036836	75000	-0.028435	-51.073663
733	0.036493	75000	-0.028210	-51.101873
734	0.036151	75000	-0.027928	-51.129801
735	0.035810	75000	-0.028078	-51.157879
736	0.035472	75000	-0.028029	-51.185908
737	0.035136	75000	-0.028074	-51.213982
738	0.034802	75000	-0.028240	-51.242222
739	0.034469	75000	-0.028036	-51.270258
740	0.034139	75000	-0.028022	-51.298281
741	0.033810	75000	-0.027942	-51.326222
742	0.033484	75000	-0.027918	-51.354141
743	0.033159	75000	-0.027848	-51.381989
744	0.032836	75000	-0.027926	-51.409914
745	0.032515	75000	-0.027840	-51.437754
746	0.032196	75000	-0.028032	-51.465786
747	0.031879	75000	-0.027826	-51.493612
748	0.031563	75000	-0.027939	-51.521551
749	0.031250	75000	-0.027764	-51.549315
750	0.030938	75000	-0.027701	-51.577016
751	0.030629	75000	-0.028004	-51.605020
752	0.030321	75000	-0.028071	-51.633090
753	0.030015	75000	-0.028140	-51.661230
754	0.029711	75000	-0.027825	-51.689055
755	0.029409	75000	-0.028148	-51.717203
756	0.029108	75000	-0.027837	-51.745041
757	0.028810	75000	-0.027929	-51.772970
758	0.028513	75000	-0.028079	-51.801048
759	0.028218	75000	-0.027626	-51.828674
760	0.027925	75000	-0.027852	-51.856526
761	0.027634	75000	-0.027653	-51.884179
762	0.027345	75000	-0.027797	-51.911976
763	0.027057	75000	-0.027951	-51.939928
764	0.026771	75000	-0.027680	-51.967608
765	0.026487	75000	-0.027924	-51.995532
766	0.026205	75000	-0.027715	-52.023247
767	0.025925	75000	-0.027312	-52.050559
768	0.025647	75000	-0.027912	-52.078471
769	0.025370	75000	-0.027838	-52.106309
770	0.025095	75000	-0.028030	-52.134339
771	0.024822	75000	-0.027297	-52.161635
772	0.024551	75000	-0.027816	-52.189451
773	0.024281	75000	-0.027934	-52.217385
774	0.024014	75000	-0.027902	-52.245288
775	0.023748	75000	-0.028155	-52.273443
776	0.023483	75000	-0.028144	-52.301587
777	0.023221	75000	-0.028053	-52.329639
778	0.022960	75000	-0.028134	-52.357774
779	0.022702	75000	-0.027901	-52.385675
780	0.022445	75000	-0.028054	-52.413729
781	0.022189	75000	-0.028055	-52.441784
782	0.021936	75000	-0.028171	-52.469955
783	0.021684	75000	-0.028385	-52.498340
784	0.021434	75000	-0.028258	-52.526598
785	0.021185	75000	-0.028648	-52.555246
786	0.020939	75000	-0.028263	-52.583508
787	0.020694	75000	-0.028019	-52.611527
788	0.020451	75000	-0.028675	-52.640202
789	0.020209	75000	-0.028734	-52.668936
790	0.019969	75000	-0.028656	-52.697592
791	0.019731	75000	-0.028793	-52.726385
792	0.019495	75000	-0.029189	-52.755574
793	0.019261	75000	-0.029001	-52.784576
794	0.019028	75000	-0.028615	-52.813191
795	0.018796	75000	-0.029195	-52.842386
796	0.018567	75000	-0.029357	-52.871743
797	0.018339	75000	-0.029545	-52.901288
798	0.018113	75000	-0.029062	-52.930350
799	0.017889	75000	-0.029544	-52.959894
800	0.017666	75000	-0.029581	-52.989475
801	0.017445	75000	-0.029586	-53.019061
802	0.017225	75000	-0.029928	-53.048989
803	0.017007	75000	-0.030133	-53.079123
804	0.016791	75000	-0.030683	-53.109806
805	0.016577	75000	-0.030555	-53.140361
806	0.016364	75000	-0.030425	-53.170786
807	0.016153	75000	-0.030641	-53.201427
808	0.015943	75000	-0.030109	-53.231536
809	0.015736	75000	-0.030656	-53.262192
810	0.015529	75000	-0.030487	-53.292679
811	0.015325	75000	-0.031024	-53.323703
812	0.015122	75000	-0.031006	-53.354709
813	0.014920	75000	-0.031410	-53.386119
814	0.014721	75000	-0.031303	-53.417422
815	0.014523	75000	-0.032386	-53.449808
816	0.014326	75000	-0.032161	-53.481969
817	0.014131	75000	-0.032693	-53.514663
818	0.013938	75000	-0.032771	-53.547434
819	0.013746	75000	-0.033229	-53.580663
820	0.013556	75000	-0.033131	-53.613795
821	0.013367	75000	-0.034291	-53.648085
822	0.013181	75000	-0.034244	-53.682329
823	0.012995	75000	-0.033906	-53.716235
824	0.012811	75000	-0.034094	-53.750329
825	0.012629	75000	-0.034312	-53.784641
826	0.012448	75000	-0.034337	-53.818978
827	0.012269	75000	-0.035265	-53.854243
828	0.012092	75000	-0.035985	-53.890228
829	0.011916	75000	-0.036104	-53.926332
830	0.011741	75000	-0.036832	-53.963164
831	0.011568	75000	-0.038262	-54.001426
832	0.011397	75000	-0.036681	-54.038107
833	0.011227	75000	-0.037691	-54.075798
834	0.011059	75000	-0.038817	-54.114615
835	0.010892	75000	-0.041327	-54.155942
836	0.010727	75000	-0.038991	-54.194933
837	0.010563	75000	-0.039802	-54.234734
838	0.010401	75000	-0.038665	-54.273399
839	0.010240	75000	-0.041625	-54.315024
840	0.010081	75000	-0.040588	-54.355612
841	0.009923	75000	-0.042127	-54.397738
842	0.009767	75000	-0.041072	-54.438811
843	0.009612	75000	-0.043221	-54.482031
844	0.009459	75000	-0.043958	-54.525990
845	0.009307	75000	-0.044417	-54.570406
846	0.009156	75000	-0.044707	-54.615114
847	0.009008	75000	-0.046972	-54.662086
848	0.008860	75000	-0.047132	-54.709217
849	0.008714	75000	-0.048550	-54.757767
850	0.008570	75000	-0.047137	-54.804904
851	0.008427	75000	-0.049429	-54.854333
852	0.008285	75000	-0.054053	-54.908386
853	0.008145	75000	-0.053569	-54.961955
854	0.008006	75000	-0.053392	-55.015346
855	0.007869	75000	-0.054821	-55.070167
856	0.007733	75000	-0.055993	-55.126160
857	0.007598	75000	-0.056733	-55.182892
858	0.007465	75000	-0.059116	-55.242008
859	0.007334	75000	-0.059740	-55.301748
860	0.007203	75000	-0.058129	-55.359876
861	0.007075	75000	-0.060843	-55.420719
862	0.006947	75000	-0.062944	-55.483663
863	0.006821	75000	-0.064311	-55.547974
864	0.006696	75000	-0.065277	-55.613251
865	0.006573	75000	-0.066835	-55.680086
866	0.006451	75000	-0.066665	-55.746750
867	0.006330	75000	-0.073112	-55.819863
868	0.006211	75000	-0.069033	-55.888896
869	0.006093	75000	-0.070754	-55.959650
870	0.005977	75000	-0.073595	-56.033244
871	0.005862	75000	-0.074636	-56.107881
872	0.005748	75000	-0.077190	-56.185071
873	0.005635	75000	-0.076329	-56.261400
874	0.005524	75000	-0.078587	-56.339988
875	0.005414	75000	-0.078950	-56.418938
876	0.005306	75000	-0.081853	-56.500791
877	0.005199	75000	-0.081730	-56.582521
878	0.005093	75000	-0.083230	-56.665751
879	0.004988	75000	-0.085768	-56.751519
880	0.004885	75000	-0.087260	-56.838779
881	0.004783	75000	-0.089175	-56.927954
882	0.004682	75000	-0.091152	-57.019106
883	0.004583	75000	-0.090815	-57.109921
884	0.004485	75000	-0.091260	-57.201181
885	0.004388	75000	-0.093098	-57.294279
886	0.004292	75000	-0.093777	-57.388056
887	0.004198	75000	-0.095864	-57.483920
888	0.004105	75000	-0.094904	-57.578825
889	0.004013	75000	-0.095755	-57.674580
890	0.003923	75000	-0.097197	-57.771777
891	0.003833	75000	-0.097776	-57.869552
892	0.003745	75000	-0.096962	-57.966514
893	0.003658	75000	-0.098694	-58.065208
894	0.003573	75000	-0.099158	-58.164365
895	0.003488	75000	-0.100070	-58.264436
896	0.003405	75000	-0.099153	-58.363589
897	0.003323	75000	-0.099862	-58.463451
898	0.003242	75000	-0.100060	-58.563511
899	0.003162	75000	-0.100456	-58.663967
900	0.003084	75000	-0.099846	-58.763812
901	0.003007	75000	-0.099360	-58.863172
902	0.002930	75000	-0.101586	-58.964758
903	0.002855	75000	-0.099394	-59.064152
904	0.002782	75000	-0.098636	-59.162788
905	0.002709	75000	-0.098910	-59.261698
906	0.002638	75000	-0.098703	-59.360401
907	0.002567	75000	-0.097759	-59.458159
908	0.002498	75000	-0.096395	-59.554554
909	0.002430	75000	-0.096982	-59.651536
910	0.002363	75000	-0.096028	-59.747564
911	0.002297	75000	-0.094381	-59.841944
912	0.002233	75000	-0.094859	-59.936803
913	0.002169	75000	-0.094617	-60.031420
914	0.002106	75000	-0.093317	-60.124737
915	0.002045	75000	-0.093350	-60.218087
916	0.001985	75000	-0.092182	-60.310269
917	0.001925	75000	-0.090438	-60.400707
918	0.001867	75000	-0.088989	-60.489696
919	0.001810	75000	-0.087771	-60.577467
920	0.001754	75000	-0.087412	-60.664879
921	0.001699	75000	-0.085929	-60.750808
922	0.001645	75000	-0.084843	-60.835651
923	0.001592	75000	-0.083713	-60.919364
924	0.001540	75000	-0.083461	-61.002826
925	0.001490	75000	-0.081875	-61.084700
926	0.001440	75000	-0.081063	-61.165763
927	0.001391	75000	-0.079160	-61.244924
928	0.001343	75000	-0.078290	-61.323214
929	0.001296	75000	-0.076310	-61.399524
930	0.001251	75000	-0.075916	-61.475440
931	0.001206	75000	-0.074364	-61.549804
932	0.001162	75000	-0.072723	-61.622527
933	0.001119	75000	-0.071300	-61.693827
934	0.001077	75000	-0.070543	-61.764370
935	0.001036	75000	-0.068986	-61.833356
936	0.000996	75000	-0.067247	-61.900603
937	0.000957	75000	-0.066004	-61.966607
938	0.000919	75000	-0.064751	-62.031357
939	0.000882	75000	-0.063410	-62.094767
940	0.000846	75000	-0.062057	-62.156824
941	0.000810	75000	-0.060646	-62.217469
942	0.000776	75000	-0.059216	-62.276685
943	0.000742	75000	-0.057675	-62.334361
944	0.000709	75000	-0.056538	-62.390898
945	0.000678	75000	-0.055148	-62.446046
946	0.000647	75000	-0.053632	-62.499678
947	0.000617	75000	-0.052421	-62.552099
948	0.000587	75000	-0.050721	-62.602819
949	0.000559	75000	-0.049565	-62.652385
950	0.000531	75000	-0.048352	-62.700737
951	0.000505	75000	-0.046832	-62.747569
952	0.000479	75000	-0.045409	-62.792977
953	0.000454	75000	-0.044168	-62.837145
954	0.000430	75000	-0.042829	-62.879974
955	0.000406	75000	-0.041432	-62.921407
956	0.000383	75000	-0.040250	-62.961656
957	0.000362	75000	-0.038757	-63.000413
958	0.000340	75000	-0.037294	-63.037708
959	0.000320	75000	-0.036215	-63.073923
960	0.000300	75000	-0.034932	-63.108855
961	0.000281	75000	-0.033572	-63.142427
962	0.000263	75000	-0.032164	-63.174591
963	0.000246	75000	-0.031305	-63.205896
964	0.000229	75000	-0.029816	-63.235712
965	0.000213	75000	-0.028560	-63.264273
966	0.000198	75000	-0.027561	-63.291833
967	0.000183	75000	-0.026234	-63.318068
968	0.000169	75000	-0.025056	-63.343123
969	0.000156	75000	-0.023905	-63.367028
970	0.000143	75000	-0.022763	-63.389791
971	0.000131	75000	-0.021666	-63.411457
972	0.000120	75000	-0.020536	-63.431993
973	0.000109	75000	-0.019364	-63.451357
974	0.000099	75000	-0.018307	-63.469664
975	0.000089	75000	-0.017215	-63.486878
976	0.000080	75000	-0.016263	-63.503141
977	0.000072	75000	-0.015245	-63.518386
978	0.000064	75000	-0.014265	-63.532651
979	0.000057	75000	-0.013227	-63.545877
980	0.000050	75000	-0.012267	-63.558145
981	0.000043	75000	-0.011433	-63.569578
982	0.000038	75000	-0.010489	-63.580067
983	0.000032	75000	-0.009601	-63.589668
984	0.000028	75000	-0.008745	-63.598413
985	0.000023	75000	-0.007866	-63.606280
986	0.000019	75000	-0.007104	-63.613383
987	0.000016	75000	-0.006336	-63.619719
988	0.000013	75000	-0.005580	-63.625300
989	0.000010	75000	-0.004870	-63.630169
990	0.000008	75000	-0.004182	-63.634351
991	0.000006	75000	-0.003544	-63.637896
992	0.000004	75000	-0.002950	-63.640845
993	0.000003	75000	-0.002373	-63.643218
994	0.000002	75000	-0.001848	-63.645066
995	0.000001	75000	-0.001369	-63.646435
996	0.000000	75000	-0.000942	-63.647377
997	0.000000	75000	-0.000571	-63.647948
998	0.000000	75000	-0.000267	-63.648215
999	0.000000	75000	-0.000057	-63.648272
Log marginal likelihood:	-63.648272
