Steppingstone sampler:
        No Stones:                  1000
        Start It:                   10000001
        It Per Stone:               100000
        Sample Freq:                1
        Dist:                       Beta(0.400000,1.000000)
Stone No	Power	N	Stone MLh	Running MLh
0	0.997502	75000	-0.094964	-0.094964
1	0.995007	75000	-0.094835	-0.189800
2	0.992517	75000	-0.094777	-0.284577
3	0.990030	75000	-0.094678	-0.379255
4	0.987547	75000	-0.094453	-0.473708
5	0.985067	75000	-0.094387	-0.568095
6	0.982592	75000	-0.094419	-0.662514
7	0.980120	75000	-0.094199	-0.756713
8	0.977652	75000	-0.093950	-0.850663
9	0.975187	75000	-0.093923	-0.944586
10	0.972726	75000	-0.093749	-1.038335
11	0.970269	75000	-0.093525	-1.131860
12	0.967816	75000	-0.093631	-1.225492
13	0.965367	75000	-0.093286	-1.318778
14	0.962921	75000	-0.093282	-1.412060
15	0.960479	75000	-0.093145	-1.505205
16	0.958040	75000	-0.092911	-1.598115
17	0.955606	75000	-0.092830	-1.690945
18	0.953175	75000	-0.092648	-1.783593
19	0.950747	75000	-0.092647	-1.876239
20	0.948324	75000	-0.092503	-1.968742
21	0.945904	75000	-0.092408	-2.061150
22	0.943488	75000	-0.092203	-2.153353
23	0.941076	75000	-0.092091	-2.245444
24	0.938667	75000	-0.091982	-2.337426
25	0.936262	75000	-0.091837	-2.429263
26	0.933861	75000	-0.091784	-2.521048
27	0.931463	75000	-0.091599	-2.612647
28	0.929069	75000	-0.091631	-2.704278
29	0.926679	75000	-0.091300	-2.795578
30	0.924293	75000	-0.091103	-2.886681
31	0.921910	75000	-0.090991	-2.977672
32	0.919531	75000	-0.090848	-3.068519
33	0.917155	75000	-0.090736	-3.159255
34	0.914783	75000	-0.090721	-3.249976
35	0.912415	75000	-0.090488	-3.340464
36	0.910051	75000	-0.090473	-3.430937
37	0.907690	75000	-0.090366	-3.521303
38	0.905333	75000	-0.090090	-3.611393
39	0.902980	75000	-0.089981	-3.701375
40	0.900630	75000	-0.089988	-3.791362
41	0.898284	75000	-0.089713	-3.881075
42	0.895942	75000	-0.089613	-3.970689
43	0.893603	75000	-0.089555	-4.060244
44	0.891268	75000	-0.089513	-4.149756
45	0.888937	75000	-0.089271	-4.239027
46	0.886609	75000	-0.089218	-4.328245
47	0.884285	75000	-0.088877	-4.417122
48	0.881965	75000	-0.088999	-4.506121
49	0.879648	75000	-0.088793	-4.594915
50	0.877335	75000	-0.088740	-4.683654
51	0.875026	75000	-0.088542	-4.772196
52	0.872720	75000	-0.088502	-4.860698
53	0.870418	75000	-0.088202	-4.948900
54	0.868120	75000	-0.087889	-5.036790
55	0.865825	75000	-0.087920	-5.124710
56	0.863534	75000	-0.087775	-5.212485
57	0.861246	75000	-0.087776	-5.300261
58	0.858962	75000	-0.087560	-5.387821
59	0.856682	75000	-0.087335	-5.475156
60	0.854405	75000	-0.087405	-5.562562
61	0.852132	75000	-0.087337	-5.649898
62	0.849863	75000	-0.087236	-5.737135
63	0.847597	75000	-0.087075	-5.824209
64	0.845335	75000	-0.086936	-5.911145
65	0.843077	75000	-0.086656	-5.997801
66	0.840822	75000	-0.086701	-6.084502
67	0.838571	75000	-0.086522	-6.171024
68	0.836323	75000	-0.086370	-6.257395
69	0.834079	75000	-0.086350	-6.343744
70	0.831839	75000	-0.086188	-6.429932
71	0.829602	75000	-0.086035	-6.515967
72	0.827369	75000	-0.085865	-6.601832
73	0.825140	75000	-0.085727	-6.687559
74	0.822914	75000	-0.085632	-6.773192
75	0.820691	75000	-0.085543	-6.858735
76	0.818473	75000	-0.085403	-6.944138
77	0.816258	75000	-0.085161	-7.029299
78	0.814046	75000	-0.085050	-7.114349
79	0.811838	75000	-0.085077	-7.199426
80	0.809634	75000	-0.084860	-7.284286
81	0.807433	75000	-0.084919	-7.369205
82	0.805236	75000	-0.084648	-7.453853
83	0.803043	75000	-0.084510	-7.538363
84	0.800853	75000	-0.084506	-7.622869
85	0.798667	75000	-0.084354	-7.707224
86	0.796484	75000	-0.084137	-7.791361
87	0.794305	75000	-0.084129	-7.875490
88	0.792129	75000	-0.083837	-7.959327
89	0.789957	75000	-0.083873	-8.043200
90	0.787789	75000	-0.083592	-8.126791
91	0.785624	75000	-0.083666	-8.210457
92	0.783463	75000	-0.083348	-8.293805
93	0.781305	75000	-0.083242	-8.377046
94	0.779151	75000	-0.083141	-8.460188
95	0.777000	75000	-0.083114	-8.543302
96	0.774853	75000	-0.082930	-8.626232
97	0.772710	75000	-0.082884	-8.709116
98	0.770570	75000	-0.082678	-8.791794
99	0.768433	75000	-0.082626	-8.874420
100	0.766301	75000	-0.082471	-8.956891
101	0.764172	75000	-0.082344	-9.039235
102	0.762046	75000	-0.082363	-9.121598
103	0.759924	75000	-0.081954	-9.203552
104	0.757805	75000	-0.081943	-9.285495
105	0.755690	75000	-0.081931	-9.367426
106	0.753579	75000	-0.081515	-9.448941
107	0.751471	75000	-0.081595	-9.530536
108	0.749366	75000	-0.081412	-9.611948
109	0.747266	75000	-0.081314	-9.693262
110	0.745168	75000	-0.081225	-9.774486
111	0.743075	75000	-0.081099	-9.855585
112	0.740984	75000	-0.081111	-9.936697
113	0.738898	75000	-0.080929	-10.017625
114	0.736815	75000	-0.080889	-10.098515
115	0.734735	75000	-0.080677	-10.179192
116	0.732659	75000	-0.080573	-10.259765
117	0.730586	75000	-0.080411	-10.340176
118	0.728517	75000	-0.080251	-10.420427
119	0.726452	75000	-0.080097	-10.500524
120	0.724390	75000	-0.079954	-10.580479
121	0.722331	75000	-0.079823	-10.660301
122	0.720276	75000	-0.079857	-10.740158
123	0.718225	75000	-0.079593	-10.819751
124	0.716177	75000	-0.079579	-10.899330
125	0.714132	75000	-0.079345	-10.978675
126	0.712091	75000	-0.079245	-11.057920
127	0.710054	75000	-0.079148	-11.137069
128	0.708020	75000	-0.079047	-11.216116
129	0.705989	75000	-0.078893	-11.295008
130	0.703962	75000	-0.078697	-11.373705
131	0.701939	75000	-0.078597	-11.452302
132	0.699919	75000	-0.078600	-11.530902
133	0.697902	75000	-0.078469	-11.609371
134	0.695889	75000	-0.078267	-11.687638
135	0.693880	75000	-0.078086	-11.765724
136	0.691874	75000	-0.077891	-11.843616
137	0.689871	75000	-0.077903	-11.921518
138	0.687872	75000	-0.077798	-11.999316
139	0.685877	75000	-0.077706	-12.077022
140	0.683885	75000	-0.077628	-12.154650
141	0.681896	75000	-0.077376	-12.232025
142	0.679911	75000	-0.077299	-12.309325
143	0.677929	75000	-0.077479	-12.386804
144	0.675951	75000	-0.077137	-12.463941
145	0.673976	75000	-0.077076	-12.541016
146	0.672005	75000	-0.076854	-12.617870
147	0.670037	75000	-0.076638	-12.694508
148	0.668073	75000	-0.076709	-12.771217
149	0.666112	75000	-0.076546	-12.847763
150	0.664155	75000	-0.076476	-12.924239
151	0.662201	75000	-0.076195	-13.000434
152	0.660250	75000	-0.076215	-13.076649
153	0.658303	75000	-0.076137	-13.152786
154	0.656359	75000	-0.075926	-13.228712
155	0.654419	75000	-0.075951	-13.304663
156	0.652483	75000	-0.075658	-13.380320
157	0.650549	75000	-0.075615	-13.455935
158	0.648619	75000	-0.075556	-13.531491
159	0.646693	75000	-0.075322	-13.606813
160	0.644770	75000	-0.075223	-13.682037
161	0.642851	75000	-0.075211	-13.757248
162	0.640934	75000	-0.074985	-13.832233
163	0.639022	75000	-0.074886	-13.907119
164	0.637113	75000	-0.074850	-13.981969
165	0.635207	75000	-0.074823	-14.056792
166	0.633304	75000	-0.074519	-14.131311
167	0.631405	75000	-0.074592	-14.205902
168	0.629510	75000	-0.074442	-14.280345
169	0.627618	75000	-0.074125	-14.354470
170	0.625729	75000	-0.074073	-14.428543
171	0.623844	75000	-0.073969	-14.502512
172	0.621962	75000	-0.073868	-14.576380
173	0.620083	75000	-0.073769	-14.650149
174	0.618208	75000	-0.073576	-14.723725
175	0.616337	75000	-0.073556	-14.797281
176	0.614468	75000	-0.073403	-14.870684
177	0.612604	75000	-0.073417	-14.944102
178	0.610742	75000	-0.072988	-15.017090
179	0.608884	75000	-0.073005	-15.090095
180	0.607029	75000	-0.072999	-15.163093
181	0.605178	75000	-0.072770	-15.235863
182	0.603330	75000	-0.072742	-15.308605
183	0.601486	75000	-0.072487	-15.381092
184	0.599645	75000	-0.072574	-15.453666
185	0.597807	75000	-0.072296	-15.525962
186	0.595973	75000	-0.072244	-15.598207
187	0.594142	75000	-0.072081	-15.670287
188	0.592314	75000	-0.071993	-15.742280
189	0.590490	75000	-0.072019	-15.814299
190	0.588669	75000	-0.071842	-15.886141
191	0.586852	75000	-0.071686	-15.957827
192	0.585038	75000	-0.071630	-16.029457
193	0.583227	75000	-0.071402	-16.100859
194	0.581420	75000	-0.071391	-16.172250
195	0.579616	75000	-0.071188	-16.243437
196	0.577815	75000	-0.071115	-16.314552
197	0.576018	75000	-0.071107	-16.385659
198	0.574224	75000	-0.070880	-16.456539
199	0.572433	75000	-0.070803	-16.527342
200	0.570646	75000	-0.070535	-16.597877
201	0.568862	75000	-0.070560	-16.668437
202	0.567082	75000	-0.070335	-16.738772
203	0.565305	75000	-0.070359	-16.809132
204	0.563531	75000	-0.070216	-16.879347
205	0.561761	75000	-0.070112	-16.949459
206	0.559993	75000	-0.069999	-17.019459
207	0.558230	75000	-0.069788	-17.089247
208	0.556469	75000	-0.069814	-17.159061
209	0.554712	75000	-0.069597	-17.228658
210	0.552958	75000	-0.069506	-17.298164
211	0.551208	75000	-0.069333	-17.367498
212	0.549461	75000	-0.069310	-17.436808
213	0.547717	75000	-0.069048	-17.505856
214	0.545977	75000	-0.068981	-17.574837
215	0.544240	75000	-0.068744	-17.643580
216	0.542506	75000	-0.068811	-17.712391
217	0.540775	75000	-0.068761	-17.781152
218	0.539048	75000	-0.068663	-17.849816
219	0.537324	75000	-0.068621	-17.918437
220	0.535604	75000	-0.068278	-17.986714
221	0.533887	75000	-0.068287	-18.055001
222	0.532173	75000	-0.068335	-18.123337
223	0.530462	75000	-0.068089	-18.191426
224	0.528755	75000	-0.067904	-18.259330
225	0.527051	75000	-0.067783	-18.327113
226	0.525350	75000	-0.067690	-18.394803
227	0.523653	75000	-0.067647	-18.462449
228	0.521958	75000	-0.067598	-18.530047
229	0.520268	75000	-0.067460	-18.597508
230	0.518580	75000	-0.067180	-18.664687
231	0.516896	75000	-0.067217	-18.731905
232	0.515215	75000	-0.067204	-18.799109
233	0.513537	75000	-0.066938	-18.866047
234	0.511863	75000	-0.066718	-18.932765
235	0.510192	75000	-0.066793	-18.999558
236	0.508524	75000	-0.066480	-19.066038
237	0.506859	75000	-0.066560	-19.132599
238	0.505198	75000	-0.066342	-19.198941
239	0.503540	75000	-0.066300	-19.265241
240	0.501885	75000	-0.066189	-19.331431
241	0.500234	75000	-0.066025	-19.397456
242	0.498586	75000	-0.065959	-19.463415
243	0.496941	75000	-0.066023	-19.529438
244	0.495299	75000	-0.065770	-19.595207
245	0.493660	75000	-0.065695	-19.660902
246	0.492025	75000	-0.065492	-19.726394
247	0.490393	75000	-0.065484	-19.791878
248	0.488765	75000	-0.065340	-19.857218
249	0.487139	75000	-0.065166	-19.922384
250	0.485517	75000	-0.065139	-19.987523
251	0.483898	75000	-0.065069	-20.052592
252	0.482283	75000	-0.064930	-20.117523
253	0.480670	75000	-0.064824	-20.182347
254	0.479061	75000	-0.064782	-20.247128
255	0.477455	75000	-0.064542	-20.311671
256	0.475852	75000	-0.064490	-20.376160
257	0.474253	75000	-0.064427	-20.440588
258	0.472656	75000	-0.064187	-20.504775
259	0.471063	75000	-0.064191	-20.568965
260	0.469474	75000	-0.064236	-20.633201
261	0.467887	75000	-0.063922	-20.697123
262	0.466304	75000	-0.063700	-20.760823
263	0.464723	75000	-0.063590	-20.824413
264	0.463146	75000	-0.063912	-20.888325
265	0.461573	75000	-0.063649	-20.951974
266	0.460002	75000	-0.063522	-21.015496
267	0.458435	75000	-0.063263	-21.078759
268	0.456871	75000	-0.063204	-21.141963
269	0.455310	75000	-0.063257	-21.205220
270	0.453752	75000	-0.063012	-21.268233
271	0.452198	75000	-0.062952	-21.331185
272	0.450647	75000	-0.062805	-21.393990
273	0.449098	75000	-0.062867	-21.456856
274	0.447554	75000	-0.062674	-21.519530
275	0.446012	75000	-0.062447	-21.581978
276	0.444473	75000	-0.062525	-21.644503
277	0.442938	75000	-0.062356	-21.706859
278	0.441406	75000	-0.062127	-21.768986
279	0.439877	75000	-0.062209	-21.831195
280	0.438351	75000	-0.062088	-21.893282
281	0.436829	75000	-0.062018	-21.955300
282	0.435309	75000	-0.061815	-22.017115
283	0.433793	75000	-0.061684	-22.078799
284	0.432280	75000	-0.061605	-22.140404
285	0.430770	75000	-0.061503	-22.201906
286	0.429263	75000	-0.061357	-22.263263
287	0.427760	75000	-0.061328	-22.324592
288	0.426259	75000	-0.061166	-22.385758
289	0.424762	75000	-0.061270	-22.447028
290	0.423268	75000	-0.061208	-22.508236
291	0.421777	75000	-0.060927	-22.569163
292	0.420289	75000	-0.060744	-22.629907
293	0.418805	75000	-0.060630	-22.690537
294	0.417323	75000	-0.060686	-22.751223
295	0.415845	75000	-0.060479	-22.811702
296	0.414370	75000	-0.060404	-22.872105
297	0.412898	75000	-0.060176	-22.932282
298	0.411429	75000	-0.060221	-22.992502
299	0.409963	75000	-0.060055	-23.052557
300	0.408501	75000	-0.059931	-23.112488
301	0.407041	75000	-0.059837	-23.172326
302	0.405585	75000	-0.059582	-23.231907
303	0.404132	75000	-0.059892	-23.291799
304	0.402682	75000	-0.059374	-23.351173
305	0.401235	75000	-0.059541	-23.410714
306	0.399791	75000	-0.059333	-23.470047
307	0.398350	75000	-0.059211	-23.529258
308	0.396913	75000	-0.059335	-23.588592
309	0.395478	75000	-0.059003	-23.647595
310	0.394047	75000	-0.058930	-23.706525
311	0.392619	75000	-0.059070	-23.765596
312	0.391194	75000	-0.058725	-23.824321
313	0.389772	75000	-0.058531	-23.882852
314	0.388353	75000	-0.058846	-23.941698
315	0.386937	75000	-0.058472	-24.000170
316	0.385524	75000	-0.058342	-24.058512
317	0.384115	75000	-0.058535	-24.117048
318	0.382708	75000	-0.058215	-24.175263
319	0.381305	75000	-0.058171	-24.233434
320	0.379904	75000	-0.058241	-24.291675
321	0.378507	75000	-0.057947	-24.349622
322	0.377113	75000	-0.057800	-24.407422
323	0.375722	75000	-0.057795	-24.465217
324	0.374334	75000	-0.057786	-24.523003
325	0.372949	75000	-0.057685	-24.580688
326	0.371567	75000	-0.057382	-24.638070
327	0.370189	75000	-0.057459	-24.695529
328	0.368813	75000	-0.057340	-24.752869
329	0.367440	75000	-0.057448	-24.810317
330	0.366071	75000	-0.056998	-24.867315
331	0.364705	75000	-0.056885	-24.924200
332	0.363341	75000	-0.056781	-24.980981
333	0.361981	75000	-0.056866	-25.037848
334	0.360624	75000	-0.056733	-25.094581
335	0.359269	75000	-0.056400	-25.150981
336	0.357918	75000	-0.056598	-25.207579
337	0.356570	75000	-0.056529	-25.264107
338	0.355225	75000	-0.056687	-25.320794
339	0.353883	75000	-0.056356	-25.377150
340	0.352544	75000	-0.056239	-25.433390
341	0.351208	75000	-0.056533	-25.489923
342	0.349875	75000	-0.056016	-25.545939
343	0.348546	75000	-0.055725	-25.601664
344	0.347219	75000	-0.055822	-25.657486
345	0.345895	75000	-0.055896	-25.713382
346	0.344574	75000	-0.055686	-25.769068
347	0.343257	75000	-0.055500	-25.824568
348	0.341942	75000	-0.055440	-25.880008
349	0.340630	75000	-0.055381	-25.935389
350	0.339322	75000	-0.055212	-25.990601
351	0.338016	75000	-0.055268	-26.045869
352	0.336714	75000	-0.055474	-26.101343
353	0.335414	75000	-0.055105	-26.156449
354	0.334118	75000	-0.054964	-26.211413
355	0.332824	75000	-0.054768	-26.266181
356	0.331534	75000	-0.054532	-26.320713
357	0.330246	75000	-0.054754	-26.375467
358	0.328962	75000	-0.054596	-26.430063
359	0.327680	75000	-0.054471	-26.484534
360	0.326401	75000	-0.054385	-26.538918
361	0.325126	75000	-0.054540	-26.593458
362	0.323853	75000	-0.054330	-26.647788
363	0.322584	75000	-0.054515	-26.702303
364	0.321317	75000	-0.054260	-26.756563
365	0.320054	75000	-0.054201	-26.810765
366	0.318793	75000	-0.054073	-26.864838
367	0.317536	75000	-0.053984	-26.918821
368	0.316281	75000	-0.054037	-26.972859
369	0.315030	75000	-0.053854	-27.026713
370	0.313781	75000	-0.053727	-27.080441
371	0.312535	75000	-0.053459	-27.133900
372	0.311293	75000	-0.053547	-27.187446
373	0.310053	75000	-0.053412	-27.240858
374	0.308816	75000	-0.053173	-27.294031
375	0.307582	75000	-0.053097	-27.347128
376	0.306352	75000	-0.053064	-27.400191
377	0.305124	75000	-0.053106	-27.453298
378	0.303899	75000	-0.052962	-27.506260
379	0.302677	75000	-0.052925	-27.559184
380	0.301458	75000	-0.052897	-27.612082
381	0.300242	75000	-0.052906	-27.664988
382	0.299029	75000	-0.052807	-27.717795
383	0.297819	75000	-0.052319	-27.770113
384	0.296611	75000	-0.052516	-27.822629
385	0.295407	75000	-0.052493	-27.875122
386	0.294206	75000	-0.052547	-27.927669
387	0.293007	75000	-0.052568	-27.980237
388	0.291812	75000	-0.052027	-28.032264
389	0.290619	75000	-0.052481	-28.084745
390	0.289430	75000	-0.052066	-28.136811
391	0.288243	75000	-0.052436	-28.189247
392	0.287059	75000	-0.052092	-28.241339
393	0.285879	75000	-0.051861	-28.293200
394	0.284701	75000	-0.052144	-28.345344
395	0.283526	75000	-0.052097	-28.397441
396	0.282354	75000	-0.051701	-28.449142
397	0.281184	75000	-0.052071	-28.501213
398	0.280018	75000	-0.051430	-28.552643
399	0.278855	75000	-0.051670	-28.604313
400	0.277694	75000	-0.051553	-28.655865
401	0.276537	75000	-0.051194	-28.707060
402	0.275382	75000	-0.051762	-28.758822
403	0.274230	75000	-0.051348	-28.810170
404	0.273082	75000	-0.051134	-28.861304
405	0.271936	75000	-0.051375	-28.912679
406	0.270793	75000	-0.051222	-28.963901
407	0.269652	75000	-0.051253	-29.015154
408	0.268515	75000	-0.051135	-29.066289
409	0.267381	75000	-0.050558	-29.116848
410	0.266249	75000	-0.050590	-29.167437
411	0.265121	75000	-0.050966	-29.218403
412	0.263995	75000	-0.050747	-29.269150
413	0.262872	75000	-0.051581	-29.320732
414	0.261752	75000	-0.050365	-29.371096
415	0.260635	75000	-0.050571	-29.421668
416	0.259520	75000	-0.050764	-29.472432
417	0.258409	75000	-0.050685	-29.523117
418	0.257300	75000	-0.050071	-29.573188
419	0.256195	75000	-0.050628	-29.623816
420	0.255092	75000	-0.050353	-29.674170
421	0.253992	75000	-0.050171	-29.724341
422	0.252895	75000	-0.050280	-29.774621
423	0.251800	75000	-0.050251	-29.824873
424	0.250709	75000	-0.050166	-29.875038
425	0.249620	75000	-0.050265	-29.925303
426	0.248534	75000	-0.049958	-29.975261
427	0.247451	75000	-0.049940	-30.025201
428	0.246371	75000	-0.049600	-30.074802
429	0.245294	75000	-0.050479	-30.125280
430	0.244220	75000	-0.050004	-30.175284
431	0.243148	75000	-0.049392	-30.224676
432	0.242079	75000	-0.050464	-30.275139
433	0.241013	75000	-0.050037	-30.325177
434	0.239950	75000	-0.049662	-30.374839
435	0.238890	75000	-0.049598	-30.424437
436	0.237832	75000	-0.049465	-30.473902
437	0.236778	75000	-0.049597	-30.523498
438	0.235726	75000	-0.049692	-30.573190
439	0.234677	75000	-0.049511	-30.622701
440	0.233630	75000	-0.049771	-30.672472
441	0.232587	75000	-0.048991	-30.721463
442	0.231546	75000	-0.048493	-30.769956
443	0.230509	75000	-0.049335	-30.819292
444	0.229473	75000	-0.048729	-30.868021
445	0.228441	75000	-0.049507	-30.917528
446	0.227412	75000	-0.049048	-30.966576
447	0.226385	75000	-0.049002	-31.015578
448	0.225361	75000	-0.049293	-31.064871
449	0.224340	75000	-0.048976	-31.113847
450	0.223322	75000	-0.049134	-31.162981
451	0.222306	75000	-0.049489	-31.212470
452	0.221293	75000	-0.049897	-31.262367
453	0.220283	75000	-0.048910	-31.311276
454	0.219276	75000	-0.048891	-31.360167
455	0.218272	75000	-0.049060	-31.409227
456	0.217270	75000	-0.049237	-31.458463
457	0.216271	75000	-0.048289	-31.506752
458	0.215275	75000	-0.048812	-31.555564
459	0.214281	75000	-0.048919	-31.604483
460	0.213291	75000	-0.049465	-31.653948
461	0.212303	75000	-0.048976	-31.702924
462	0.211318	75000	-0.049491	-31.752415
463	0.210335	75000	-0.048192	-31.800607
464	0.209356	75000	-0.049054	-31.849661
465	0.208379	75000	-0.049744	-31.899405
466	0.207404	75000	-0.049806	-31.949211
467	0.206433	75000	-0.049089	-31.998301
468	0.205464	75000	-0.049322	-32.047623
469	0.204498	75000	-0.049431	-32.097053
470	0.203535	75000	-0.049677	-32.146730
471	0.202575	75000	-0.049186	-32.195917
472	0.201617	75000	-0.049433	-32.245349
473	0.200662	75000	-0.049023	-32.294373
474	0.199709	75000	-0.049445	-32.343818
475	0.198760	75000	-0.049852	-32.393670
476	0.197813	75000	-0.048672	-32.442342
477	0.196869	75000	-0.049466	-32.491808
478	0.195927	75000	-0.049109	-32.540918
479	0.194988	75000	-0.049453	-32.590370
480	0.194052	75000	-0.049074	-32.639444
481	0.193119	75000	-0.049429	-32.688874
482	0.192188	75000	-0.049628	-32.738502
483	0.191260	75000	-0.048773	-32.787275
484	0.190335	75000	-0.049928	-32.837203
485	0.189412	75000	-0.049649	-32.886852
486	0.188492	75000	-0.049061	-32.935914
487	0.187575	75000	-0.048989	-32.984903
488	0.186660	75000	-0.048960	-33.033862
489	0.185749	75000	-0.048616	-33.082478
490	0.184839	75000	-0.049017	-33.131495
491	0.183933	75000	-0.049293	-33.180788
492	0.183029	75000	-0.049274	-33.230062
493	0.182128	75000	-0.049702	-33.279764
494	0.181229	75000	-0.050123	-33.329887
495	0.180333	75000	-0.049657	-33.379543
496	0.179440	75000	-0.049371	-33.428914
497	0.178550	75000	-0.049572	-33.478487
498	0.177662	75000	-0.049708	-33.528195
499	0.176777	75000	-0.049583	-33.577778
500	0.175894	75000	-0.050102	-33.627880
501	0.175014	75000	-0.049882	-33.677762
502	0.174137	75000	-0.050341	-33.728103
503	0.173262	75000	-0.049661	-33.777764
504	0.172390	75000	-0.048991	-33.826755
505	0.171521	75000	-0.049551	-33.876306
506	0.170654	75000	-0.049396	-33.925702
507	0.169790	75000	-0.050183	-33.975885
508	0.168929	75000	-0.049490	-34.025375
509	0.168070	75000	-0.050111	-34.075486
510	0.167214	75000	-0.049386	-34.124872
511	0.166360	75000	-0.049834	-34.174706
512	0.165509	75000	-0.049698	-34.224404
513	0.164661	75000	-0.050790	-34.275194
514	0.163815	75000	-0.050181	-34.325374
515	0.162972	75000	-0.049986	-34.375361
516	0.162132	75000	-0.049635	-34.424996
517	0.161294	75000	-0.051073	-34.476069
518	0.160458	75000	-0.050290	-34.526360
519	0.159626	75000	-0.050437	-34.576796
520	0.158796	75000	-0.051346	-34.628142
521	0.157968	75000	-0.050380	-34.678522
522	0.157143	75000	-0.050787	-34.729309
523	0.156321	75000	-0.050126	-34.779435
524	0.155501	75000	-0.051917	-34.831352
525	0.154684	75000	-0.050588	-34.881940
526	0.153870	75000	-0.050796	-34.932737
527	0.153058	75000	-0.049995	-34.982731
528	0.152248	75000	-0.051549	-35.034281
529	0.151441	75000	-0.049631	-35.083911
530	0.150637	75000	-0.050643	-35.134554
531	0.149835	75000	-0.050711	-35.185266
532	0.149036	75000	-0.050490	-35.235756
533	0.148240	75000	-0.050706	-35.286462
534	0.147446	75000	-0.050287	-35.336748
535	0.146654	75000	-0.050987	-35.387735
536	0.145865	75000	-0.050766	-35.438501
537	0.145079	75000	-0.050358	-35.488859
538	0.144295	75000	-0.050846	-35.539705
539	0.143514	75000	-0.050432	-35.590137
540	0.142735	75000	-0.051691	-35.641827
541	0.141959	75000	-0.049973	-35.691800
542	0.141186	75000	-0.051764	-35.743564
543	0.140415	75000	-0.050611	-35.794175
544	0.139646	75000	-0.050871	-35.845046
545	0.138880	75000	-0.050726	-35.895772
546	0.138116	75000	-0.051219	-35.946991
547	0.137356	75000	-0.051135	-35.998126
548	0.136597	75000	-0.052186	-36.050311
549	0.135841	75000	-0.052404	-36.102715
550	0.135088	75000	-0.051302	-36.154017
551	0.134337	75000	-0.051108	-36.205124
552	0.133588	75000	-0.051199	-36.256323
553	0.132843	75000	-0.050816	-36.307139
554	0.132099	75000	-0.051403	-36.358542
555	0.131358	75000	-0.051407	-36.409949
556	0.130620	75000	-0.051261	-36.461210
557	0.129884	75000	-0.050733	-36.511943
558	0.129151	75000	-0.051285	-36.563228
559	0.128420	75000	-0.050624	-36.613852
560	0.127691	75000	-0.051574	-36.665426
561	0.126965	75000	-0.051302	-36.716728
562	0.126242	75000	-0.051413	-36.768141
563	0.125521	75000	-0.050410	-36.818551
564	0.124802	75000	-0.050434	-36.868985
565	0.124086	75000	-0.051728	-36.920713
566	0.123373	75000	-0.051074	-36.971787
567	0.122662	75000	-0.050233	-37.022020
568	0.121953	75000	-0.051182	-37.073202
569	0.121247	75000	-0.051252	-37.124454
570	0.120543	75000	-0.051325	-37.175779
571	0.119842	75000	-0.051207	-37.226986
572	0.119143	75000	-0.050201	-37.277187
573	0.118447	75000	-0.051544	-37.328731
574	0.117753	75000	-0.050723	-37.379454
575	0.117062	75000	-0.049998	-37.429452
576	0.116373	75000	-0.050121	-37.479573
577	0.115686	75000	-0.050852	-37.530425
578	0.115002	75000	-0.049899	-37.580324
579	0.114320	75000	-0.051133	-37.631457
580	0.113641	75000	-0.050767	-37.682224
581	0.112964	75000	-0.049869	-37.732093
582	0.112290	75000	-0.050422	-37.782515
583	0.111618	75000	-0.049754	-37.832269
584	0.110948	75000	-0.049657	-37.881926
585	0.110281	75000	-0.051002	-37.932928
586	0.109616	75000	-0.050420	-37.983348
587	0.108954	75000	-0.049969	-38.033317
588	0.108294	75000	-0.050824	-38.084141
589	0.107637	75000	-0.050104	-38.134245
590	0.106981	75000	-0.050053	-38.184299
591	0.106329	75000	-0.049819	-38.234117
592	0.105678	75000	-0.050046	-38.284163
593	0.105030	75000	-0.049616	-38.333779
594	0.104385	75000	-0.048995	-38.382774
595	0.103742	75000	-0.050433	-38.433207
596	0.103101	75000	-0.049578	-38.482785
597	0.102463	75000	-0.049473	-38.532259
598	0.101827	75000	-0.049027	-38.581285
599	0.101193	75000	-0.049615	-38.630901
600	0.100562	75000	-0.049619	-38.680519
601	0.099933	75000	-0.049449	-38.729968
602	0.099306	75000	-0.049211	-38.779180
603	0.098682	75000	-0.049017	-38.828197
604	0.098060	75000	-0.049176	-38.877373
605	0.097441	75000	-0.049172	-38.926545
606	0.096824	75000	-0.048599	-38.975144
607	0.096209	75000	-0.049276	-39.024420
608	0.095596	75000	-0.049008	-39.073428
609	0.094986	75000	-0.048329	-39.121757
610	0.094379	75000	-0.048617	-39.170374
611	0.093773	75000	-0.048623	-39.218997
612	0.093170	75000	-0.048077	-39.267075
613	0.092570	75000	-0.047844	-39.314919
614	0.091971	75000	-0.047738	-39.362658
615	0.091375	75000	-0.048737	-39.411394
616	0.090781	75000	-0.047949	-39.459343
617	0.090190	75000	-0.047834	-39.507178
618	0.089601	75000	-0.047935	-39.555112
619	0.089014	75000	-0.048238	-39.603350
620	0.088430	75000	-0.047338	-39.650688
621	0.087848	75000	-0.047176	-39.697864
622	0.087268	75000	-0.047408	-39.745272
623	0.086690	75000	-0.047221	-39.792492
624	0.086115	75000	-0.047317	-39.839809
625	0.085542	75000	-0.047106	-39.886916
626	0.084971	75000	-0.046563	-39.933479
627	0.084403	75000	-0.046138	-39.979617
628	0.083837	75000	-0.046760	-40.026377
629	0.083273	75000	-0.046709	-40.073086
630	0.082712	75000	-0.046437	-40.119523
631	0.082152	75000	-0.046031	-40.165554
632	0.081595	75000	-0.046206	-40.211760
633	0.081041	75000	-0.046240	-40.258001
634	0.080488	75000	-0.045940	-40.303940
635	0.079938	75000	-0.045669	-40.349609
636	0.079390	75000	-0.045947	-40.395557
637	0.078845	75000	-0.045490	-40.441047
638	0.078301	75000	-0.045640	-40.486687
639	0.077760	75000	-0.045009	-40.531696
640	0.077221	75000	-0.045222	-40.576918
641	0.076684	75000	-0.045040	-40.621958
642	0.076150	75000	-0.044839	-40.666797
643	0.075618	75000	-0.045020	-40.711817
644	0.075088	75000	-0.044872	-40.756689
645	0.074560	75000	-0.044886	-40.801575
646	0.074035	75000	-0.044618	-40.846193
647	0.073512	75000	-0.044461	-40.890654
648	0.072991	75000	-0.044225	-40.934879
649	0.072472	75000	-0.044106	-40.978985
650	0.071955	75000	-0.043892	-41.022877
651	0.071441	75000	-0.043885	-41.066762
652	0.070929	75000	-0.043710	-41.110471
653	0.070419	75000	-0.043619	-41.154091
654	0.069911	75000	-0.042841	-41.196931
655	0.069406	75000	-0.043243	-41.240175
656	0.068903	75000	-0.042914	-41.283088
657	0.068401	75000	-0.042836	-41.325924
658	0.067903	75000	-0.042940	-41.368864
659	0.067406	75000	-0.042685	-41.411549
660	0.066911	75000	-0.042627	-41.454175
661	0.066419	75000	-0.042275	-41.496451
662	0.065929	75000	-0.042326	-41.538777
663	0.065441	75000	-0.041959	-41.580735
664	0.064955	75000	-0.041812	-41.622548
665	0.064471	75000	-0.041706	-41.664253
666	0.063990	75000	-0.041799	-41.706052
667	0.063510	75000	-0.041541	-41.747593
668	0.063033	75000	-0.041050	-41.788643
669	0.062558	75000	-0.041233	-41.829876
670	0.062085	75000	-0.041067	-41.870943
671	0.061615	75000	-0.040801	-41.911744
672	0.061146	75000	-0.040669	-41.952413
673	0.060680	75000	-0.040680	-41.993093
674	0.060216	75000	-0.040334	-42.033427
675	0.059753	75000	-0.040268	-42.073696
676	0.059293	75000	-0.040144	-42.113839
677	0.058836	75000	-0.039885	-42.153725
678	0.058380	75000	-0.039695	-42.193420
679	0.057926	75000	-0.039775	-42.233194
680	0.057475	75000	-0.039458	-42.272652
681	0.057025	75000	-0.039393	-42.312046
682	0.056578	75000	-0.039112	-42.351158
683	0.056133	75000	-0.039211	-42.390369
684	0.055690	75000	-0.038863	-42.429232
685	0.055249	75000	-0.038876	-42.468107
686	0.054810	75000	-0.038709	-42.506816
687	0.054373	75000	-0.038423	-42.545240
688	0.053939	75000	-0.038291	-42.583530
689	0.053506	75000	-0.038118	-42.621648
690	0.053076	75000	-0.037957	-42.659605
691	0.052647	75000	-0.037735	-42.697340
692	0.052221	75000	-0.037564	-42.734904
693	0.051797	75000	-0.037392	-42.772296
694	0.051375	75000	-0.037346	-42.809642
695	0.050955	75000	-0.037320	-42.846963
696	0.050537	75000	-0.036938	-42.883901
697	0.050121	75000	-0.036987	-42.920888
698	0.049707	75000	-0.036701	-42.957589
699	0.049295	75000	-0.036556	-42.994145
700	0.048885	75000	-0.036305	-43.030450
701	0.048478	75000	-0.036378	-43.066828
702	0.048072	75000	-0.036069	-43.102897
703	0.047668	75000	-0.035906	-43.138803
704	0.047267	75000	-0.035787	-43.174590
705	0.046867	75000	-0.035500	-43.210090
706	0.046470	75000	-0.035503	-43.245593
707	0.046074	75000	-0.035207	-43.280800
708	0.045681	75000	-0.035057	-43.315858
709	0.045289	75000	-0.035087	-43.350945
710	0.044900	75000	-0.034727	-43.385672
711	0.044512	75000	-0.034585	-43.420257
712	0.044127	75000	-0.034427	-43.454684
713	0.043744	75000	-0.034247	-43.488932
714	0.043362	75000	-0.034205	-43.523136
715	0.042983	75000	-0.033965	-43.557102
716	0.042606	75000	-0.033825	-43.590927
717	0.042230	75000	-0.033689	-43.624616
718	0.041857	75000	-0.033410	-43.658026
719	0.041485	75000	-0.033401	-43.691427
720	0.041116	75000	-0.033266	-43.724694
721	0.040749	75000	-0.033068	-43.757761
722	0.040383	75000	-0.032839	-43.790600
723	0.040020	75000	-0.032693	-43.823293
724	0.039658	75000	-0.032475	-43.855767
725	0.039299	75000	-0.032455	-43.888223
726	0.038941	75000	-0.032274	-43.920497
727	0.038585	75000	-0.032051	-43.952548
728	0.038232	75000	-0.031956	-43.984504
729	0.037880	75000	-0.031645	-44.016149
730	0.037530	75000	-0.031585	-44.047734
731	0.037182	75000	-0.031362	-44.079096
732	0.036836	75000	-0.031303	-44.110399
733	0.036493	75000	-0.031082	-44.141481
734	0.036151	75000	-0.030891	-44.172372
735	0.035810	75000	-0.030662	-44.203034
736	0.035472	75000	-0.030608	-44.233642
737	0.035136	75000	-0.030524	-44.264166
738	0.034802	75000	-0.030269	-44.294434
739	0.034469	75000	-0.030160	-44.324594
740	0.034139	75000	-0.029901	-44.354495
741	0.033810	75000	-0.029787	-44.384282
742	0.033484	75000	-0.029623	-44.413905
743	0.033159	75000	-0.029513	-44.443418
744	0.032836	75000	-0.029296	-44.472714
745	0.032515	75000	-0.029100	-44.501814
746	0.032196	75000	-0.028905	-44.530719
747	0.031879	75000	-0.028877	-44.559596
748	0.031563	75000	-0.028625	-44.588221
749	0.031250	75000	-0.028532	-44.616753
750	0.030938	75000	-0.028282	-44.645035
751	0.030629	75000	-0.028216	-44.673250
752	0.030321	75000	-0.028055	-44.701306
753	0.030015	75000	-0.027915	-44.729221
754	0.029711	75000	-0.027646	-44.756867
755	0.029409	75000	-0.027528	-44.784395
756	0.029108	75000	-0.027378	-44.811773
757	0.028810	75000	-0.027186	-44.838959
758	0.028513	75000	-0.027115	-44.866073
759	0.028218	75000	-0.026930	-44.893003
760	0.027925	75000	-0.026662	-44.919665
761	0.027634	75000	-0.026623	-44.946289
762	0.027345	75000	-0.026442	-44.972731
763	0.027057	75000	-0.026208	-44.998939
764	0.026771	75000	-0.026187	-45.025126
765	0.026487	75000	-0.025943	-45.051068
766	0.026205	75000	-0.025740	-45.076808
767	0.025925	75000	-0.025605	-45.102413
768	0.025647	75000	-0.025559	-45.127972
769	0.025370	75000	-0.025331	-45.153304
770	0.025095	75000	-0.025154	-45.178458
771	0.024822	75000	-0.025067	-45.203525
772	0.024551	75000	-0.024798	-45.228322
773	0.024281	75000	-0.024682	-45.253004
774	0.024014	75000	-0.024548	-45.277552
775	0.023748	75000	-0.024444	-45.301996
776	0.023483	75000	-0.024197	-45.326193
777	0.023221	75000	-0.024076	-45.350269
778	0.022960	75000	-0.023917	-45.374186
779	0.022702	75000	-0.023702	-45.397888
780	0.022445	75000	-0.023628	-45.421516
781	0.022189	75000	-0.023363	-45.444879
782	0.021936	75000	-0.023349	-45.468228
783	0.021684	75000	-0.023135	-45.491363
784	0.021434	75000	-0.023002	-45.514364
785	0.021185	75000	-0.022785	-45.537149
786	0.020939	75000	-0.022672	-45.559822
787	0.020694	75000	-0.022519	-45.582340
788	0.020451	75000	-0.022370	-45.604710
789	0.020209	75000	-0.022225	-45.626935
790	0.019969	75000	-0.022057	-45.648992
791	0.019731	75000	-0.021909	-45.670901
792	0.019495	75000	-0.021775	-45.692675
793	0.019261	75000	-0.021571	-45.714247
794	0.019028	75000	-0.021478	-45.735725
795	0.018796	75000	-0.021297	-45.757022
796	0.018567	75000	-0.021155	-45.778178
797	0.018339	75000	-0.020983	-45.799161
798	0.018113	75000	-0.020835	-45.819996
799	0.017889	75000	-0.020761	-45.840757
800	0.017666	75000	-0.020524	-45.861281
801	0.017445	75000	-0.020401	-45.881682
802	0.017225	75000	-0.020275	-45.901957
803	0.017007	75000	-0.020105	-45.922062
804	0.016791	75000	-0.020022	-45.942084
805	0.016577	75000	-0.019769	-45.961852
806	0.016364	75000	-0.019696	-45.981548
807	0.016153	75000	-0.019518	-46.001066
808	0.015943	75000	-0.019427	-46.020494
809	0.015736	75000	-0.019228	-46.039722
810	0.015529	75000	-0.019048	-46.058770
811	0.015325	75000	-0.018942	-46.077712
812	0.015122	75000	-0.018787	-46.096499
813	0.014920	75000	-0.018615	-46.115115
814	0.014721	75000	-0.018482	-46.133597
815	0.014523	75000	-0.018350	-46.151948
816	0.014326	75000	-0.018181	-46.170129
817	0.014131	75000	-0.018049	-46.188177
818	0.013938	75000	-0.017897	-46.206074
819	0.013746	75000	-0.017675	-46.223749
820	0.013556	75000	-0.017603	-46.241351
821	0.013367	75000	-0.017432	-46.258783
822	0.013181	75000	-0.017308	-46.276091
823	0.012995	75000	-0.017180	-46.293271
824	0.012811	75000	-0.017053	-46.310324
825	0.012629	75000	-0.016877	-46.327201
826	0.012448	75000	-0.016719	-46.343920
827	0.012269	75000	-0.016563	-46.360483
828	0.012092	75000	-0.016474	-46.376957
829	0.011916	75000	-0.016319	-46.393275
830	0.011741	75000	-0.016217	-46.409492
831	0.011568	75000	-0.016022	-46.425514
832	0.011397	75000	-0.015874	-46.441388
833	0.011227	75000	-0.015776	-46.457164
834	0.011059	75000	-0.015614	-46.472778
835	0.010892	75000	-0.015468	-46.488246
836	0.010727	75000	-0.015366	-46.503612
837	0.010563	75000	-0.015218	-46.518830
838	0.010401	75000	-0.015076	-46.533906
839	0.010240	75000	-0.014936	-46.548843
840	0.010081	75000	-0.014824	-46.563667
841	0.009923	75000	-0.014647	-46.578314
842	0.009767	75000	-0.014519	-46.592834
843	0.009612	75000	-0.014383	-46.607217
844	0.009459	75000	-0.014282	-46.621499
845	0.009307	75000	-0.014125	-46.635624
846	0.009156	75000	-0.014012	-46.649636
847	0.009008	75000	-0.013884	-46.663520
848	0.008860	75000	-0.013727	-46.677247
849	0.008714	75000	-0.013584	-46.690831
850	0.008570	75000	-0.013448	-46.704279
851	0.008427	75000	-0.013314	-46.717593
852	0.008285	75000	-0.013202	-46.730794
853	0.008145	75000	-0.013030	-46.743825
854	0.008006	75000	-0.012904	-46.756728
855	0.007869	75000	-0.012776	-46.769504
856	0.007733	75000	-0.012657	-46.782162
857	0.007598	75000	-0.012508	-46.794670
858	0.007465	75000	-0.012391	-46.807061
859	0.007334	75000	-0.012281	-46.819343
860	0.007203	75000	-0.012159	-46.831502
861	0.007075	75000	-0.012004	-46.843506
862	0.006947	75000	-0.011895	-46.855401
863	0.006821	75000	-0.011760	-46.867161
864	0.006696	75000	-0.011633	-46.878795
865	0.006573	75000	-0.011490	-46.890285
866	0.006451	75000	-0.011382	-46.901667
867	0.006330	75000	-0.011221	-46.912888
868	0.006211	75000	-0.011105	-46.923993
869	0.006093	75000	-0.010998	-46.934992
870	0.005977	75000	-0.010869	-46.945861
871	0.005862	75000	-0.010738	-46.956599
872	0.005748	75000	-0.010614	-46.967214
873	0.005635	75000	-0.010482	-46.977696
874	0.005524	75000	-0.010375	-46.988071
875	0.005414	75000	-0.010244	-46.998315
876	0.005306	75000	-0.010145	-47.008460
877	0.005199	75000	-0.009988	-47.018449
878	0.005093	75000	-0.009877	-47.028325
879	0.004988	75000	-0.009755	-47.038080
880	0.004885	75000	-0.009642	-47.047722
881	0.004783	75000	-0.009536	-47.057258
882	0.004682	75000	-0.009394	-47.066652
883	0.004583	75000	-0.009283	-47.075936
884	0.004485	75000	-0.009171	-47.085106
885	0.004388	75000	-0.009046	-47.094152
886	0.004292	75000	-0.008935	-47.103087
887	0.004198	75000	-0.008796	-47.111883
888	0.004105	75000	-0.008707	-47.120589
889	0.004013	75000	-0.008564	-47.129154
890	0.003923	75000	-0.008454	-47.137608
891	0.003833	75000	-0.008371	-47.145978
892	0.003745	75000	-0.008230	-47.154208
893	0.003658	75000	-0.008118	-47.162327
894	0.003573	75000	-0.008004	-47.170331
895	0.003488	75000	-0.007887	-47.178218
896	0.003405	75000	-0.007762	-47.185980
897	0.003323	75000	-0.007664	-47.193644
898	0.003242	75000	-0.007552	-47.201196
899	0.003162	75000	-0.007448	-47.208644
900	0.003084	75000	-0.007324	-47.215968
901	0.003007	75000	-0.007224	-47.223192
902	0.002930	75000	-0.007113	-47.230305
903	0.002855	75000	-0.006997	-47.237302
904	0.002782	75000	-0.006894	-47.244196
905	0.002709	75000	-0.006791	-47.250987
906	0.002638	75000	-0.006680	-47.257667
907	0.002567	75000	-0.006573	-47.264240
908	0.002498	75000	-0.006468	-47.270707
909	0.002430	75000	-0.006378	-47.277085
910	0.002363	75000	-0.006261	-47.283346
911	0.002297	75000	-0.006155	-47.289501
912	0.002233	75000	-0.006045	-47.295546
913	0.002169	75000	-0.005939	-47.301485
914	0.002106	75000	-0.005851	-47.307336
915	0.002045	75000	-0.005751	-47.313087
916	0.001985	75000	-0.005643	-47.318730
917	0.001925	75000	-0.005538	-47.324268
918	0.001867	75000	-0.005444	-47.329713
919	0.001810	75000	-0.005338	-47.335051
920	0.001754	75000	-0.005254	-47.340305
921	0.001699	75000	-0.005141	-47.345446
922	0.001645	75000	-0.005050	-47.350496
923	0.001592	75000	-0.004949	-47.355446
924	0.001540	75000	-0.004854	-47.360300
925	0.001490	75000	-0.004759	-47.365059
926	0.001440	75000	-0.004670	-47.369729
927	0.001391	75000	-0.004573	-47.374302
928	0.001343	75000	-0.004480	-47.378782
929	0.001296	75000	-0.004380	-47.383162
930	0.001251	75000	-0.004284	-47.387447
931	0.001206	75000	-0.004194	-47.391641
932	0.001162	75000	-0.004109	-47.395750
933	0.001119	75000	-0.004015	-47.399765
934	0.001077	75000	-0.003921	-47.403686
935	0.001036	75000	-0.003836	-47.407522
936	0.000996	75000	-0.003743	-47.411265
937	0.000957	75000	-0.003657	-47.414922
938	0.000919	75000	-0.003573	-47.418495
939	0.000882	75000	-0.003489	-47.421984
940	0.000846	75000	-0.003397	-47.425381
941	0.000810	75000	-0.003311	-47.428692
942	0.000776	75000	-0.003229	-47.431921
943	0.000742	75000	-0.003140	-47.435061
944	0.000709	75000	-0.003062	-47.438123
945	0.000678	75000	-0.002980	-47.441103
946	0.000647	75000	-0.002898	-47.444001
947	0.000617	75000	-0.002814	-47.446815
948	0.000587	75000	-0.002732	-47.449546
949	0.000559	75000	-0.002654	-47.452200
950	0.000531	75000	-0.002577	-47.454777
951	0.000505	75000	-0.002500	-47.457277
952	0.000479	75000	-0.002425	-47.459702
953	0.000454	75000	-0.002352	-47.462054
954	0.000430	75000	-0.002276	-47.464330
955	0.000406	75000	-0.002200	-47.466531
956	0.000383	75000	-0.002123	-47.468654
957	0.000362	75000	-0.002055	-47.470708
958	0.000340	75000	-0.001980	-47.472688
959	0.000320	75000	-0.001909	-47.474597
960	0.000300	75000	-0.001838	-47.476435
961	0.000281	75000	-0.001765	-47.478200
962	0.000263	75000	-0.001703	-47.479903
963	0.000246	75000	-0.001634	-47.481537
964	0.000229	75000	-0.001568	-47.483106
965	0.000213	75000	-0.001502	-47.484608
966	0.000198	75000	-0.001434	-47.486042
967	0.000183	75000	-0.001372	-47.487414
968	0.000169	75000	-0.001311	-47.488725
969	0.000156	75000	-0.001249	-47.489974
970	0.000143	75000	-0.001186	-47.491160
971	0.000131	75000	-0.001127	-47.492287
972	0.000120	75000	-0.001071	-47.493358
973	0.000109	75000	-0.001011	-47.494368
974	0.000099	75000	-0.000955	-47.495323
975	0.000089	75000	-0.000898	-47.496221
976	0.000080	75000	-0.000843	-47.497064
977	0.000072	75000	-0.000792	-47.497856
978	0.000064	75000	-0.000739	-47.498595
979	0.000057	75000	-0.000686	-47.499281
980	0.000050	75000	-0.000637	-47.499918
981	0.000043	75000	-0.000589	-47.500507
982	0.000038	75000	-0.000542	-47.501049
983	0.000032	75000	-0.000496	-47.501546
984	0.000028	75000	-0.000452	-47.501998
985	0.000023	75000	-0.000409	-47.502407
986	0.000019	75000	-0.000368	-47.502774
987	0.000016	75000	-0.000327	-47.503101
988	0.000013	75000	-0.000289	-47.503391
989	0.000010	75000	-0.000252	-47.503643
990	0.000008	75000	-0.000217	-47.503860
991	0.000006	75000	-0.000183	-47.504043
992	0.000004	75000	-0.000152	-47.504196
993	0.000003	75000	-0.000123	-47.504319
994	0.000002	75000	-0.000096	-47.504414
995	0.000001	75000	-0.000071	-47.504485
996	0.000000	75000	-0.000049	-47.504534
997	0.000000	75000	-0.000029	-47.504563
998	0.000000	75000	-0.000014	-47.504577
999	0.000000	75000	-0.000003	-47.504580
Log marginal likelihood:	-47.504580
