Steppingstone sampler:
        No Stones:                  1000
        Start It:                   10000001
        It Per Stone:               100000
        Sample Freq:                1
        Dist:                       Beta(0.400000,1.000000)
Stone No	Power	N	Stone MLh	Running MLh
0	0.997502	75000	-0.120844	-0.120844
1	0.995007	75000	-0.120639	-0.241483
2	0.992517	75000	-0.120599	-0.362082
3	0.990030	75000	-0.120419	-0.482500
4	0.987547	75000	-0.120448	-0.602948
5	0.985067	75000	-0.120167	-0.723115
6	0.982592	75000	-0.119966	-0.843081
7	0.980120	75000	-0.119793	-0.962874
8	0.977652	75000	-0.119677	-1.082550
9	0.975187	75000	-0.119419	-1.201970
10	0.972726	75000	-0.119175	-1.321145
11	0.970269	75000	-0.119137	-1.440281
12	0.967816	75000	-0.118881	-1.559163
13	0.965367	75000	-0.118604	-1.677767
14	0.962921	75000	-0.118513	-1.796280
15	0.960479	75000	-0.118375	-1.914655
16	0.958040	75000	-0.118142	-2.032797
17	0.955606	75000	-0.118003	-2.150800
18	0.953175	75000	-0.117896	-2.268696
19	0.950747	75000	-0.117732	-2.386428
20	0.948324	75000	-0.117489	-2.503917
21	0.945904	75000	-0.117447	-2.621365
22	0.943488	75000	-0.117259	-2.738624
23	0.941076	75000	-0.117111	-2.855735
24	0.938667	75000	-0.116974	-2.972709
25	0.936262	75000	-0.116634	-3.089343
26	0.933861	75000	-0.116596	-3.205939
27	0.931463	75000	-0.116392	-3.322331
28	0.929069	75000	-0.116191	-3.438522
29	0.926679	75000	-0.116097	-3.554619
30	0.924293	75000	-0.115898	-3.670518
31	0.921910	75000	-0.115651	-3.786168
32	0.919531	75000	-0.115494	-3.901662
33	0.917155	75000	-0.115400	-4.017063
34	0.914783	75000	-0.115164	-4.132227
35	0.912415	75000	-0.115080	-4.247308
36	0.910051	75000	-0.114933	-4.362241
37	0.907690	75000	-0.114833	-4.477074
38	0.905333	75000	-0.114587	-4.591661
39	0.902980	75000	-0.114417	-4.706078
40	0.900630	75000	-0.114130	-4.820208
41	0.898284	75000	-0.114007	-4.934215
42	0.895942	75000	-0.113869	-5.048084
43	0.893603	75000	-0.113692	-5.161777
44	0.891268	75000	-0.113574	-5.275350
45	0.888937	75000	-0.113271	-5.388621
46	0.886609	75000	-0.113142	-5.501763
47	0.884285	75000	-0.113020	-5.614783
48	0.881965	75000	-0.112838	-5.727622
49	0.879648	75000	-0.112774	-5.840396
50	0.877335	75000	-0.112484	-5.952880
51	0.875026	75000	-0.112388	-6.065269
52	0.872720	75000	-0.112127	-6.177396
53	0.870418	75000	-0.112088	-6.289484
54	0.868120	75000	-0.111880	-6.401364
55	0.865825	75000	-0.111768	-6.513132
56	0.863534	75000	-0.111420	-6.624551
57	0.861246	75000	-0.111248	-6.735799
58	0.858962	75000	-0.111166	-6.846965
59	0.856682	75000	-0.111076	-6.958041
60	0.854405	75000	-0.110869	-7.068910
61	0.852132	75000	-0.110722	-7.179632
62	0.849863	75000	-0.110528	-7.290160
63	0.847597	75000	-0.110448	-7.400607
64	0.845335	75000	-0.110276	-7.510884
65	0.843077	75000	-0.109977	-7.620861
66	0.840822	75000	-0.109819	-7.730679
67	0.838571	75000	-0.109787	-7.840466
68	0.836323	75000	-0.109553	-7.950020
69	0.834079	75000	-0.109352	-8.059372
70	0.831839	75000	-0.109119	-8.168491
71	0.829602	75000	-0.109029	-8.277520
72	0.827369	75000	-0.108922	-8.386442
73	0.825140	75000	-0.108704	-8.495146
74	0.822914	75000	-0.108511	-8.603657
75	0.820691	75000	-0.108421	-8.712077
76	0.818473	75000	-0.108209	-8.820287
77	0.816258	75000	-0.108127	-8.928414
78	0.814046	75000	-0.108059	-9.036473
79	0.811838	75000	-0.107848	-9.144321
80	0.809634	75000	-0.107563	-9.251885
81	0.807433	75000	-0.107443	-9.359328
82	0.805236	75000	-0.107240	-9.466568
83	0.803043	75000	-0.107162	-9.573730
84	0.800853	75000	-0.107017	-9.680747
85	0.798667	75000	-0.106651	-9.787398
86	0.796484	75000	-0.106616	-9.894015
87	0.794305	75000	-0.106464	-10.000479
88	0.792129	75000	-0.106332	-10.106811
89	0.789957	75000	-0.106144	-10.212955
90	0.787789	75000	-0.105942	-10.318897
91	0.785624	75000	-0.105805	-10.424702
92	0.783463	75000	-0.105701	-10.530403
93	0.781305	75000	-0.105406	-10.635810
94	0.779151	75000	-0.105228	-10.741038
95	0.777000	75000	-0.105165	-10.846203
96	0.774853	75000	-0.105008	-10.951210
97	0.772710	75000	-0.104729	-11.055940
98	0.770570	75000	-0.104671	-11.160611
99	0.768433	75000	-0.104446	-11.265056
100	0.766301	75000	-0.104336	-11.369393
101	0.764172	75000	-0.104204	-11.473597
102	0.762046	75000	-0.104022	-11.577619
103	0.759924	75000	-0.103910	-11.681530
104	0.757805	75000	-0.103707	-11.785236
105	0.755690	75000	-0.103544	-11.888781
106	0.753579	75000	-0.103393	-11.992173
107	0.751471	75000	-0.103216	-12.095390
108	0.749366	75000	-0.103086	-12.198475
109	0.747266	75000	-0.102913	-12.301389
110	0.745168	75000	-0.102776	-12.404165
111	0.743075	75000	-0.102523	-12.506688
112	0.740984	75000	-0.102332	-12.609020
113	0.738898	75000	-0.102298	-12.711318
114	0.736815	75000	-0.102196	-12.813514
115	0.734735	75000	-0.102048	-12.915563
116	0.732659	75000	-0.101858	-13.017421
117	0.730586	75000	-0.101611	-13.119032
118	0.728517	75000	-0.101561	-13.220593
119	0.726452	75000	-0.101283	-13.321876
120	0.724390	75000	-0.101185	-13.423061
121	0.722331	75000	-0.101011	-13.524072
122	0.720276	75000	-0.100825	-13.624897
123	0.718225	75000	-0.100653	-13.725550
124	0.716177	75000	-0.100510	-13.826060
125	0.714132	75000	-0.100478	-13.926538
126	0.712091	75000	-0.100059	-14.026597
127	0.710054	75000	-0.100057	-14.126654
128	0.708020	75000	-0.099918	-14.226571
129	0.705989	75000	-0.099705	-14.326277
130	0.703962	75000	-0.099610	-14.425886
131	0.701939	75000	-0.099518	-14.525404
132	0.699919	75000	-0.099169	-14.624573
133	0.697902	75000	-0.099175	-14.723748
134	0.695889	75000	-0.098959	-14.822707
135	0.693880	75000	-0.098615	-14.921322
136	0.691874	75000	-0.098645	-15.019966
137	0.689871	75000	-0.098434	-15.118400
138	0.687872	75000	-0.098243	-15.216643
139	0.685877	75000	-0.098085	-15.314728
140	0.683885	75000	-0.097923	-15.412651
141	0.681896	75000	-0.097889	-15.510540
142	0.679911	75000	-0.097778	-15.608318
143	0.677929	75000	-0.097530	-15.705848
144	0.675951	75000	-0.097453	-15.803301
145	0.673976	75000	-0.097309	-15.900610
146	0.672005	75000	-0.097066	-15.997677
147	0.670037	75000	-0.096767	-16.094443
148	0.668073	75000	-0.096771	-16.191214
149	0.666112	75000	-0.096582	-16.287796
150	0.664155	75000	-0.096505	-16.384301
151	0.662201	75000	-0.096339	-16.480640
152	0.660250	75000	-0.096093	-16.576733
153	0.658303	75000	-0.096023	-16.672756
154	0.656359	75000	-0.095830	-16.768585
155	0.654419	75000	-0.095862	-16.864447
156	0.652483	75000	-0.095386	-16.959833
157	0.650549	75000	-0.095224	-17.055057
158	0.648619	75000	-0.095175	-17.150232
159	0.646693	75000	-0.095056	-17.245288
160	0.644770	75000	-0.094821	-17.340109
161	0.642851	75000	-0.094720	-17.434829
162	0.640934	75000	-0.094522	-17.529351
163	0.639022	75000	-0.094464	-17.623815
164	0.637113	75000	-0.094273	-17.718089
165	0.635207	75000	-0.094067	-17.812156
166	0.633304	75000	-0.093904	-17.906060
167	0.631405	75000	-0.093868	-17.999927
168	0.629510	75000	-0.093679	-18.093606
169	0.627618	75000	-0.093541	-18.187148
170	0.625729	75000	-0.093229	-18.280377
171	0.623844	75000	-0.093152	-18.373529
172	0.621962	75000	-0.093033	-18.466562
173	0.620083	75000	-0.092821	-18.559383
174	0.618208	75000	-0.092763	-18.652146
175	0.616337	75000	-0.092650	-18.744796
176	0.614468	75000	-0.092528	-18.837324
177	0.612604	75000	-0.092230	-18.929553
178	0.610742	75000	-0.092205	-19.021758
179	0.608884	75000	-0.092050	-19.113808
180	0.607029	75000	-0.091824	-19.205632
181	0.605178	75000	-0.091647	-19.297279
182	0.603330	75000	-0.091594	-19.388872
183	0.601486	75000	-0.091338	-19.480210
184	0.599645	75000	-0.091142	-19.571352
185	0.597807	75000	-0.091112	-19.662465
186	0.595973	75000	-0.091002	-19.753467
187	0.594142	75000	-0.090908	-19.844375
188	0.592314	75000	-0.090755	-19.935130
189	0.590490	75000	-0.090460	-20.025590
190	0.588669	75000	-0.090399	-20.115989
191	0.586852	75000	-0.090403	-20.206392
192	0.585038	75000	-0.090014	-20.296406
193	0.583227	75000	-0.089940	-20.386345
194	0.581420	75000	-0.089652	-20.475997
195	0.579616	75000	-0.089703	-20.565700
196	0.577815	75000	-0.089501	-20.655201
197	0.576018	75000	-0.089385	-20.744586
198	0.574224	75000	-0.089146	-20.833732
199	0.572433	75000	-0.089049	-20.922781
200	0.570646	75000	-0.088838	-21.011619
201	0.568862	75000	-0.088804	-21.100423
202	0.567082	75000	-0.088649	-21.189072
203	0.565305	75000	-0.088399	-21.277471
204	0.563531	75000	-0.088373	-21.365844
205	0.561761	75000	-0.088264	-21.454107
206	0.559993	75000	-0.087863	-21.541971
207	0.558230	75000	-0.087838	-21.629809
208	0.556469	75000	-0.087836	-21.717645
209	0.554712	75000	-0.087570	-21.805216
210	0.552958	75000	-0.087383	-21.892599
211	0.551208	75000	-0.087237	-21.979836
212	0.549461	75000	-0.087143	-22.066979
213	0.547717	75000	-0.086851	-22.153831
214	0.545977	75000	-0.086858	-22.240688
215	0.544240	75000	-0.086704	-22.327392
216	0.542506	75000	-0.086412	-22.413804
217	0.540775	75000	-0.086269	-22.500073
218	0.539048	75000	-0.086132	-22.586205
219	0.537324	75000	-0.086079	-22.672283
220	0.535604	75000	-0.086009	-22.758292
221	0.533887	75000	-0.085783	-22.844075
222	0.532173	75000	-0.085743	-22.929818
223	0.530462	75000	-0.085520	-23.015338
224	0.528755	75000	-0.085384	-23.100722
225	0.527051	75000	-0.085241	-23.185963
226	0.525350	75000	-0.085068	-23.271032
227	0.523653	75000	-0.084984	-23.356016
228	0.521958	75000	-0.084625	-23.440641
229	0.520268	75000	-0.084760	-23.525401
230	0.518580	75000	-0.084566	-23.609967
231	0.516896	75000	-0.084366	-23.694333
232	0.515215	75000	-0.084245	-23.778578
233	0.513537	75000	-0.084027	-23.862605
234	0.511863	75000	-0.083982	-23.946587
235	0.510192	75000	-0.083863	-24.030450
236	0.508524	75000	-0.083624	-24.114074
237	0.506859	75000	-0.083413	-24.197488
238	0.505198	75000	-0.083191	-24.280679
239	0.503540	75000	-0.083201	-24.363880
240	0.501885	75000	-0.082982	-24.446863
241	0.500234	75000	-0.083015	-24.529877
242	0.498586	75000	-0.082641	-24.612519
243	0.496941	75000	-0.082716	-24.695234
244	0.495299	75000	-0.082409	-24.777643
245	0.493660	75000	-0.082309	-24.859952
246	0.492025	75000	-0.082191	-24.942142
247	0.490393	75000	-0.081968	-25.024110
248	0.488765	75000	-0.081845	-25.105955
249	0.487139	75000	-0.081676	-25.187631
250	0.485517	75000	-0.081770	-25.269401
251	0.483898	75000	-0.081481	-25.350882
252	0.482283	75000	-0.081252	-25.432134
253	0.480670	75000	-0.081111	-25.513246
254	0.479061	75000	-0.080973	-25.594219
255	0.477455	75000	-0.080862	-25.675081
256	0.475852	75000	-0.080802	-25.755883
257	0.474253	75000	-0.080532	-25.836415
258	0.472656	75000	-0.080454	-25.916870
259	0.471063	75000	-0.080367	-25.997237
260	0.469474	75000	-0.080139	-26.077376
261	0.467887	75000	-0.080171	-26.157547
262	0.466304	75000	-0.079854	-26.237401
263	0.464723	75000	-0.079964	-26.317365
264	0.463146	75000	-0.079743	-26.397108
265	0.461573	75000	-0.079488	-26.476596
266	0.460002	75000	-0.079428	-26.556024
267	0.458435	75000	-0.079217	-26.635240
268	0.456871	75000	-0.079239	-26.714479
269	0.455310	75000	-0.079052	-26.793531
270	0.453752	75000	-0.078697	-26.872229
271	0.452198	75000	-0.078882	-26.951110
272	0.450647	75000	-0.078632	-27.029743
273	0.449098	75000	-0.078309	-27.108052
274	0.447554	75000	-0.078336	-27.186388
275	0.446012	75000	-0.078162	-27.264549
276	0.444473	75000	-0.078116	-27.342665
277	0.442938	75000	-0.078052	-27.420717
278	0.441406	75000	-0.077788	-27.498505
279	0.439877	75000	-0.077648	-27.576153
280	0.438351	75000	-0.077706	-27.653859
281	0.436829	75000	-0.077348	-27.731207
282	0.435309	75000	-0.077223	-27.808429
283	0.433793	75000	-0.077302	-27.885731
284	0.432280	75000	-0.076800	-27.962532
285	0.430770	75000	-0.076930	-28.039461
286	0.429263	75000	-0.076761	-28.116222
287	0.427760	75000	-0.076493	-28.192715
288	0.426259	75000	-0.076498	-28.269213
289	0.424762	75000	-0.076401	-28.345614
290	0.423268	75000	-0.076180	-28.421794
291	0.421777	75000	-0.076003	-28.497796
292	0.420289	75000	-0.075900	-28.573697
293	0.418805	75000	-0.075694	-28.649391
294	0.417323	75000	-0.075660	-28.725051
295	0.415845	75000	-0.075582	-28.800633
296	0.414370	75000	-0.075459	-28.876093
297	0.412898	75000	-0.075211	-28.951304
298	0.411429	75000	-0.075372	-29.026677
299	0.409963	75000	-0.075019	-29.101696
300	0.408501	75000	-0.074819	-29.176515
301	0.407041	75000	-0.074654	-29.251169
302	0.405585	75000	-0.074655	-29.325824
303	0.404132	75000	-0.074389	-29.400213
304	0.402682	75000	-0.074260	-29.474473
305	0.401235	75000	-0.074102	-29.548575
306	0.399791	75000	-0.074178	-29.622753
307	0.398350	75000	-0.074081	-29.696834
308	0.396913	75000	-0.074085	-29.770919
309	0.395478	75000	-0.073632	-29.844551
310	0.394047	75000	-0.073553	-29.918104
311	0.392619	75000	-0.073261	-29.991364
312	0.391194	75000	-0.073542	-30.064907
313	0.389772	75000	-0.073148	-30.138055
314	0.388353	75000	-0.073008	-30.211063
315	0.386937	75000	-0.072855	-30.283919
316	0.385524	75000	-0.072731	-30.356650
317	0.384115	75000	-0.072746	-30.429396
318	0.382708	75000	-0.072386	-30.501781
319	0.381305	75000	-0.072603	-30.574385
320	0.379904	75000	-0.072358	-30.646743
321	0.378507	75000	-0.071960	-30.718703
322	0.377113	75000	-0.072175	-30.790877
323	0.375722	75000	-0.072059	-30.862936
324	0.374334	75000	-0.071980	-30.934916
325	0.372949	75000	-0.071823	-31.006739
326	0.371567	75000	-0.071680	-31.078418
327	0.370189	75000	-0.071734	-31.150153
328	0.368813	75000	-0.071162	-31.221315
329	0.367440	75000	-0.071311	-31.292627
330	0.366071	75000	-0.071455	-31.364082
331	0.364705	75000	-0.070687	-31.434769
332	0.363341	75000	-0.070854	-31.505623
333	0.361981	75000	-0.070746	-31.576369
334	0.360624	75000	-0.070738	-31.647106
335	0.359269	75000	-0.070430	-31.717536
336	0.357918	75000	-0.070442	-31.787978
337	0.356570	75000	-0.070511	-31.858489
338	0.355225	75000	-0.070002	-31.928492
339	0.353883	75000	-0.069795	-31.998287
340	0.352544	75000	-0.069921	-32.068208
341	0.351208	75000	-0.070194	-32.138402
342	0.349875	75000	-0.069653	-32.208055
343	0.348546	75000	-0.069380	-32.277435
344	0.347219	75000	-0.069420	-32.346854
345	0.345895	75000	-0.069102	-32.415956
346	0.344574	75000	-0.069356	-32.485312
347	0.343257	75000	-0.069017	-32.554329
348	0.341942	75000	-0.069106	-32.623435
349	0.340630	75000	-0.068896	-32.692331
350	0.339322	75000	-0.068750	-32.761081
351	0.338016	75000	-0.068353	-32.829434
352	0.336714	75000	-0.068651	-32.898085
353	0.335414	75000	-0.068373	-32.966458
354	0.334118	75000	-0.068086	-33.034544
355	0.332824	75000	-0.067986	-33.102530
356	0.331534	75000	-0.068005	-33.170535
357	0.330246	75000	-0.067925	-33.238460
358	0.328962	75000	-0.068004	-33.306463
359	0.327680	75000	-0.067835	-33.374298
360	0.326401	75000	-0.067581	-33.441879
361	0.325126	75000	-0.067539	-33.509418
362	0.323853	75000	-0.067221	-33.576639
363	0.322584	75000	-0.067360	-33.643999
364	0.321317	75000	-0.066934	-33.710933
365	0.320054	75000	-0.067011	-33.777944
366	0.318793	75000	-0.067057	-33.845001
367	0.317536	75000	-0.066987	-33.911988
368	0.316281	75000	-0.066747	-33.978735
369	0.315030	75000	-0.066372	-34.045107
370	0.313781	75000	-0.066677	-34.111784
371	0.312535	75000	-0.066495	-34.178279
372	0.311293	75000	-0.066497	-34.244776
373	0.310053	75000	-0.066236	-34.311012
374	0.308816	75000	-0.065954	-34.376966
375	0.307582	75000	-0.065855	-34.442821
376	0.306352	75000	-0.066225	-34.509047
377	0.305124	75000	-0.065864	-34.574910
378	0.303899	75000	-0.065842	-34.640752
379	0.302677	75000	-0.065555	-34.706307
380	0.301458	75000	-0.065338	-34.771644
381	0.300242	75000	-0.065551	-34.837196
382	0.299029	75000	-0.065733	-34.902929
383	0.297819	75000	-0.064935	-34.967864
384	0.296611	75000	-0.065074	-35.032938
385	0.295407	75000	-0.065139	-35.098077
386	0.294206	75000	-0.065328	-35.163405
387	0.293007	75000	-0.064911	-35.228316
388	0.291812	75000	-0.064531	-35.292847
389	0.290619	75000	-0.064526	-35.357372
390	0.289430	75000	-0.064315	-35.421687
391	0.288243	75000	-0.064407	-35.486094
392	0.287059	75000	-0.064277	-35.550371
393	0.285879	75000	-0.064252	-35.614623
394	0.284701	75000	-0.064337	-35.678960
395	0.283526	75000	-0.064321	-35.743282
396	0.282354	75000	-0.064101	-35.807383
397	0.281184	75000	-0.063857	-35.871240
398	0.280018	75000	-0.063535	-35.934775
399	0.278855	75000	-0.063461	-35.998236
400	0.277694	75000	-0.064096	-36.062332
401	0.276537	75000	-0.063518	-36.125850
402	0.275382	75000	-0.063509	-36.189359
403	0.274230	75000	-0.063403	-36.252762
404	0.273082	75000	-0.063158	-36.315919
405	0.271936	75000	-0.063083	-36.379002
406	0.270793	75000	-0.063044	-36.442046
407	0.269652	75000	-0.062925	-36.504970
408	0.268515	75000	-0.062855	-36.567825
409	0.267381	75000	-0.062282	-36.630107
410	0.266249	75000	-0.062547	-36.692655
411	0.265121	75000	-0.063061	-36.755716
412	0.263995	75000	-0.062648	-36.818364
413	0.262872	75000	-0.062509	-36.880873
414	0.261752	75000	-0.062913	-36.943786
415	0.260635	75000	-0.061911	-37.005697
416	0.259520	75000	-0.062396	-37.068093
417	0.258409	75000	-0.062110	-37.130203
418	0.257300	75000	-0.062443	-37.192646
419	0.256195	75000	-0.062246	-37.254892
420	0.255092	75000	-0.061844	-37.316736
421	0.253992	75000	-0.061775	-37.378511
422	0.252895	75000	-0.061618	-37.440129
423	0.251800	75000	-0.061697	-37.501826
424	0.250709	75000	-0.061921	-37.563747
425	0.249620	75000	-0.061973	-37.625719
426	0.248534	75000	-0.061588	-37.687307
427	0.247451	75000	-0.061258	-37.748565
428	0.246371	75000	-0.061311	-37.809876
429	0.245294	75000	-0.060755	-37.870631
430	0.244220	75000	-0.061409	-37.932040
431	0.243148	75000	-0.061115	-37.993155
432	0.242079	75000	-0.060770	-38.053925
433	0.241013	75000	-0.060748	-38.114673
434	0.239950	75000	-0.060938	-38.175611
435	0.238890	75000	-0.061032	-38.236643
436	0.237832	75000	-0.060387	-38.297031
437	0.236778	75000	-0.060892	-38.357923
438	0.235726	75000	-0.060774	-38.418696
439	0.234677	75000	-0.060220	-38.478916
440	0.233630	75000	-0.060863	-38.539779
441	0.232587	75000	-0.060670	-38.600449
442	0.231546	75000	-0.060226	-38.660674
443	0.230509	75000	-0.060645	-38.721319
444	0.229473	75000	-0.060449	-38.781768
445	0.228441	75000	-0.060238	-38.842005
446	0.227412	75000	-0.060023	-38.902029
447	0.226385	75000	-0.059957	-38.961985
448	0.225361	75000	-0.060242	-39.022227
449	0.224340	75000	-0.060082	-39.082309
450	0.223322	75000	-0.059794	-39.142103
451	0.222306	75000	-0.059209	-39.201312
452	0.221293	75000	-0.059767	-39.261080
453	0.220283	75000	-0.059620	-39.320700
454	0.219276	75000	-0.059711	-39.380411
455	0.218272	75000	-0.059676	-39.440087
456	0.217270	75000	-0.060109	-39.500195
457	0.216271	75000	-0.059203	-39.559398
458	0.215275	75000	-0.059612	-39.619010
459	0.214281	75000	-0.059588	-39.678597
460	0.213291	75000	-0.059437	-39.738035
461	0.212303	75000	-0.059091	-39.797126
462	0.211318	75000	-0.059240	-39.856366
463	0.210335	75000	-0.059229	-39.915595
464	0.209356	75000	-0.059173	-39.974768
465	0.208379	75000	-0.059132	-40.033900
466	0.207404	75000	-0.059239	-40.093139
467	0.206433	75000	-0.058900	-40.152039
468	0.205464	75000	-0.059256	-40.211294
469	0.204498	75000	-0.059069	-40.270364
470	0.203535	75000	-0.059050	-40.329413
471	0.202575	75000	-0.059456	-40.388869
472	0.201617	75000	-0.058887	-40.447757
473	0.200662	75000	-0.059619	-40.507375
474	0.199709	75000	-0.059293	-40.566668
475	0.198760	75000	-0.058365	-40.625034
476	0.197813	75000	-0.058452	-40.683485
477	0.196869	75000	-0.058009	-40.741495
478	0.195927	75000	-0.058130	-40.799624
479	0.194988	75000	-0.057626	-40.857250
480	0.194052	75000	-0.058516	-40.915766
481	0.193119	75000	-0.058705	-40.974471
482	0.192188	75000	-0.058553	-41.033024
483	0.191260	75000	-0.058096	-41.091120
484	0.190335	75000	-0.058417	-41.149537
485	0.189412	75000	-0.058229	-41.207765
486	0.188492	75000	-0.057980	-41.265745
487	0.187575	75000	-0.057900	-41.323645
488	0.186660	75000	-0.057862	-41.381507
489	0.185749	75000	-0.058709	-41.440217
490	0.184839	75000	-0.058207	-41.498424
491	0.183933	75000	-0.058125	-41.556549
492	0.183029	75000	-0.057847	-41.614396
493	0.182128	75000	-0.057882	-41.672278
494	0.181229	75000	-0.057284	-41.729562
495	0.180333	75000	-0.057883	-41.787445
496	0.179440	75000	-0.057549	-41.844993
497	0.178550	75000	-0.057994	-41.902987
498	0.177662	75000	-0.057785	-41.960772
499	0.176777	75000	-0.057362	-42.018134
500	0.175894	75000	-0.057778	-42.075912
501	0.175014	75000	-0.057598	-42.133511
502	0.174137	75000	-0.057195	-42.190706
503	0.173262	75000	-0.057357	-42.248063
504	0.172390	75000	-0.056835	-42.304898
505	0.171521	75000	-0.057002	-42.361899
506	0.170654	75000	-0.057614	-42.419513
507	0.169790	75000	-0.057190	-42.476704
508	0.168929	75000	-0.057094	-42.533798
509	0.168070	75000	-0.056893	-42.590690
510	0.167214	75000	-0.058004	-42.648694
511	0.166360	75000	-0.057111	-42.705805
512	0.165509	75000	-0.056674	-42.762479
513	0.164661	75000	-0.056588	-42.819067
514	0.163815	75000	-0.057420	-42.876487
515	0.162972	75000	-0.057375	-42.933862
516	0.162132	75000	-0.057178	-42.991040
517	0.161294	75000	-0.056834	-43.047873
518	0.160458	75000	-0.056859	-43.104732
519	0.159626	75000	-0.056233	-43.160966
520	0.158796	75000	-0.056783	-43.217749
521	0.157968	75000	-0.056224	-43.273973
522	0.157143	75000	-0.056352	-43.330325
523	0.156321	75000	-0.056668	-43.386993
524	0.155501	75000	-0.056122	-43.443115
525	0.154684	75000	-0.056270	-43.499386
526	0.153870	75000	-0.056588	-43.555974
527	0.153058	75000	-0.056337	-43.612311
528	0.152248	75000	-0.056265	-43.668576
529	0.151441	75000	-0.056079	-43.724654
530	0.150637	75000	-0.056004	-43.780658
531	0.149835	75000	-0.056000	-43.836658
532	0.149036	75000	-0.056382	-43.893040
533	0.148240	75000	-0.056378	-43.949418
534	0.147446	75000	-0.055510	-44.004928
535	0.146654	75000	-0.055619	-44.060547
536	0.145865	75000	-0.055875	-44.116423
537	0.145079	75000	-0.055388	-44.171811
538	0.144295	75000	-0.056243	-44.228053
539	0.143514	75000	-0.055273	-44.283326
540	0.142735	75000	-0.055657	-44.338983
541	0.141959	75000	-0.055496	-44.394479
542	0.141186	75000	-0.055183	-44.449661
543	0.140415	75000	-0.055944	-44.505606
544	0.139646	75000	-0.055067	-44.560673
545	0.138880	75000	-0.055275	-44.615948
546	0.138116	75000	-0.055091	-44.671039
547	0.137356	75000	-0.054878	-44.725917
548	0.136597	75000	-0.054945	-44.780861
549	0.135841	75000	-0.055182	-44.836044
550	0.135088	75000	-0.054684	-44.890728
551	0.134337	75000	-0.054637	-44.945366
552	0.133588	75000	-0.054795	-45.000161
553	0.132843	75000	-0.054763	-45.054924
554	0.132099	75000	-0.054386	-45.109309
555	0.131358	75000	-0.054887	-45.164196
556	0.130620	75000	-0.054290	-45.218486
557	0.129884	75000	-0.054742	-45.273228
558	0.129151	75000	-0.053954	-45.327181
559	0.128420	75000	-0.053984	-45.381165
560	0.127691	75000	-0.054203	-45.435368
561	0.126965	75000	-0.053678	-45.489045
562	0.126242	75000	-0.053628	-45.542674
563	0.125521	75000	-0.054072	-45.596746
564	0.124802	75000	-0.053808	-45.650554
565	0.124086	75000	-0.053695	-45.704249
566	0.123373	75000	-0.053731	-45.757980
567	0.122662	75000	-0.053079	-45.811059
568	0.121953	75000	-0.053498	-45.864557
569	0.121247	75000	-0.053252	-45.917808
570	0.120543	75000	-0.053319	-45.971128
571	0.119842	75000	-0.052872	-46.024000
572	0.119143	75000	-0.052781	-46.076781
573	0.118447	75000	-0.052751	-46.129532
574	0.117753	75000	-0.052723	-46.182254
575	0.117062	75000	-0.053160	-46.235415
576	0.116373	75000	-0.053242	-46.288657
577	0.115686	75000	-0.052415	-46.341072
578	0.115002	75000	-0.052585	-46.393656
579	0.114320	75000	-0.052485	-46.446141
580	0.113641	75000	-0.052128	-46.498270
581	0.112964	75000	-0.052074	-46.550343
582	0.112290	75000	-0.051586	-46.601930
583	0.111618	75000	-0.052079	-46.654009
584	0.110948	75000	-0.051865	-46.705874
585	0.110281	75000	-0.051554	-46.757428
586	0.109616	75000	-0.051564	-46.808992
587	0.108954	75000	-0.051665	-46.860657
588	0.108294	75000	-0.051489	-46.912146
589	0.107637	75000	-0.051126	-46.963271
590	0.106981	75000	-0.050674	-47.013946
591	0.106329	75000	-0.051118	-47.065064
592	0.105678	75000	-0.050746	-47.115810
593	0.105030	75000	-0.050804	-47.166613
594	0.104385	75000	-0.050417	-47.217030
595	0.103742	75000	-0.050496	-47.267526
596	0.103101	75000	-0.050381	-47.317907
597	0.102463	75000	-0.050244	-47.368151
598	0.101827	75000	-0.049953	-47.418104
599	0.101193	75000	-0.050246	-47.468350
600	0.100562	75000	-0.049760	-47.518110
601	0.099933	75000	-0.049787	-47.567897
602	0.099306	75000	-0.049703	-47.617600
603	0.098682	75000	-0.049718	-47.667318
604	0.098060	75000	-0.049555	-47.716873
605	0.097441	75000	-0.049749	-47.766622
606	0.096824	75000	-0.049143	-47.815765
607	0.096209	75000	-0.049044	-47.864809
608	0.095596	75000	-0.048894	-47.913703
609	0.094986	75000	-0.049092	-47.962795
610	0.094379	75000	-0.048434	-48.011229
611	0.093773	75000	-0.048369	-48.059598
612	0.093170	75000	-0.048447	-48.108045
613	0.092570	75000	-0.048552	-48.156596
614	0.091971	75000	-0.048353	-48.204950
615	0.091375	75000	-0.047747	-48.252696
616	0.090781	75000	-0.047771	-48.300468
617	0.090190	75000	-0.047972	-48.348440
618	0.089601	75000	-0.047587	-48.396026
619	0.089014	75000	-0.047396	-48.443422
620	0.088430	75000	-0.046977	-48.490399
621	0.087848	75000	-0.047364	-48.537763
622	0.087268	75000	-0.046970	-48.584733
623	0.086690	75000	-0.046662	-48.631395
624	0.086115	75000	-0.046793	-48.678188
625	0.085542	75000	-0.046343	-48.724531
626	0.084971	75000	-0.046475	-48.771006
627	0.084403	75000	-0.046547	-48.817553
628	0.083837	75000	-0.046185	-48.863738
629	0.083273	75000	-0.046150	-48.909888
630	0.082712	75000	-0.046015	-48.955902
631	0.082152	75000	-0.045612	-49.001514
632	0.081595	75000	-0.046035	-49.047549
633	0.081041	75000	-0.045539	-49.093089
634	0.080488	75000	-0.045425	-49.138514
635	0.079938	75000	-0.045327	-49.183841
636	0.079390	75000	-0.044972	-49.228814
637	0.078845	75000	-0.045231	-49.274045
638	0.078301	75000	-0.045031	-49.319076
639	0.077760	75000	-0.044495	-49.363570
640	0.077221	75000	-0.044600	-49.408170
641	0.076684	75000	-0.044427	-49.452597
642	0.076150	75000	-0.044135	-49.496731
643	0.075618	75000	-0.044056	-49.540787
644	0.075088	75000	-0.044129	-49.584916
645	0.074560	75000	-0.043724	-49.628640
646	0.074035	75000	-0.043661	-49.672302
647	0.073512	75000	-0.043620	-49.715922
648	0.072991	75000	-0.043105	-49.759026
649	0.072472	75000	-0.043254	-49.802281
650	0.071955	75000	-0.042862	-49.845143
651	0.071441	75000	-0.042919	-49.888062
652	0.070929	75000	-0.042615	-49.930676
653	0.070419	75000	-0.042406	-49.973082
654	0.069911	75000	-0.042477	-50.015559
655	0.069406	75000	-0.042496	-50.058056
656	0.068903	75000	-0.042139	-50.100195
657	0.068401	75000	-0.042005	-50.142200
658	0.067903	75000	-0.041910	-50.184111
659	0.067406	75000	-0.041761	-50.225872
660	0.066911	75000	-0.041547	-50.267419
661	0.066419	75000	-0.041180	-50.308599
662	0.065929	75000	-0.041171	-50.349771
663	0.065441	75000	-0.041029	-50.390800
664	0.064955	75000	-0.040814	-50.431614
665	0.064471	75000	-0.040619	-50.472232
666	0.063990	75000	-0.040516	-50.512748
667	0.063510	75000	-0.040464	-50.553212
668	0.063033	75000	-0.040318	-50.593530
669	0.062558	75000	-0.039949	-50.633479
670	0.062085	75000	-0.039833	-50.673312
671	0.061615	75000	-0.039731	-50.713042
672	0.061146	75000	-0.039505	-50.752547
673	0.060680	75000	-0.039442	-50.791988
674	0.060216	75000	-0.039371	-50.831359
675	0.059753	75000	-0.039067	-50.870426
676	0.059293	75000	-0.039034	-50.909460
677	0.058836	75000	-0.038881	-50.948341
678	0.058380	75000	-0.038687	-50.987028
679	0.057926	75000	-0.038554	-51.025582
680	0.057475	75000	-0.038372	-51.063955
681	0.057025	75000	-0.038084	-51.102039
682	0.056578	75000	-0.038074	-51.140114
683	0.056133	75000	-0.037829	-51.177942
684	0.055690	75000	-0.037804	-51.215747
685	0.055249	75000	-0.037649	-51.253396
686	0.054810	75000	-0.037448	-51.290843
687	0.054373	75000	-0.037439	-51.328282
688	0.053939	75000	-0.037026	-51.365308
689	0.053506	75000	-0.037055	-51.402364
690	0.053076	75000	-0.036824	-51.439188
691	0.052647	75000	-0.036664	-51.475851
692	0.052221	75000	-0.036590	-51.512441
693	0.051797	75000	-0.036151	-51.548592
694	0.051375	75000	-0.036136	-51.584728
695	0.050955	75000	-0.035938	-51.620667
696	0.050537	75000	-0.035822	-51.656489
697	0.050121	75000	-0.035598	-51.692087
698	0.049707	75000	-0.035522	-51.727609
699	0.049295	75000	-0.035423	-51.763032
700	0.048885	75000	-0.035212	-51.798243
701	0.048478	75000	-0.035101	-51.833344
702	0.048072	75000	-0.034832	-51.868176
703	0.047668	75000	-0.034750	-51.902926
704	0.047267	75000	-0.034467	-51.937393
705	0.046867	75000	-0.034302	-51.971695
706	0.046470	75000	-0.034151	-52.005846
707	0.046074	75000	-0.034071	-52.039917
708	0.045681	75000	-0.033853	-52.073770
709	0.045289	75000	-0.033826	-52.107596
710	0.044900	75000	-0.033579	-52.141175
711	0.044512	75000	-0.033416	-52.174591
712	0.044127	75000	-0.033232	-52.207823
713	0.043744	75000	-0.033208	-52.241032
714	0.043362	75000	-0.032952	-52.273983
715	0.042983	75000	-0.032755	-52.306738
716	0.042606	75000	-0.032695	-52.339434
717	0.042230	75000	-0.032391	-52.371824
718	0.041857	75000	-0.032225	-52.404049
719	0.041485	75000	-0.032157	-52.436207
720	0.041116	75000	-0.031963	-52.468170
721	0.040749	75000	-0.031765	-52.499934
722	0.040383	75000	-0.031696	-52.531630
723	0.040020	75000	-0.031560	-52.563191
724	0.039658	75000	-0.031297	-52.594487
725	0.039299	75000	-0.031181	-52.625668
726	0.038941	75000	-0.031135	-52.656803
727	0.038585	75000	-0.030840	-52.687644
728	0.038232	75000	-0.030767	-52.718411
729	0.037880	75000	-0.030542	-52.748953
730	0.037530	75000	-0.030364	-52.779316
731	0.037182	75000	-0.030203	-52.809519
732	0.036836	75000	-0.030090	-52.839609
733	0.036493	75000	-0.029822	-52.869431
734	0.036151	75000	-0.029713	-52.899144
735	0.035810	75000	-0.029583	-52.928727
736	0.035472	75000	-0.029440	-52.958167
737	0.035136	75000	-0.029299	-52.987466
738	0.034802	75000	-0.029082	-53.016548
739	0.034469	75000	-0.028999	-53.045547
740	0.034139	75000	-0.028814	-53.074360
741	0.033810	75000	-0.028579	-53.102939
742	0.033484	75000	-0.028480	-53.131419
743	0.033159	75000	-0.028331	-53.159750
744	0.032836	75000	-0.028207	-53.187957
745	0.032515	75000	-0.027993	-53.215950
746	0.032196	75000	-0.027870	-53.243821
747	0.031879	75000	-0.027709	-53.271529
748	0.031563	75000	-0.027645	-53.299174
749	0.031250	75000	-0.027415	-53.326589
750	0.030938	75000	-0.027267	-53.353855
751	0.030629	75000	-0.027135	-53.380990
752	0.030321	75000	-0.026950	-53.407941
753	0.030015	75000	-0.026788	-53.434729
754	0.029711	75000	-0.026602	-53.461330
755	0.029409	75000	-0.026484	-53.487815
756	0.029108	75000	-0.026326	-53.514141
757	0.028810	75000	-0.026116	-53.540257
758	0.028513	75000	-0.025977	-53.566234
759	0.028218	75000	-0.025891	-53.592125
760	0.027925	75000	-0.025672	-53.617796
761	0.027634	75000	-0.025579	-53.643375
762	0.027345	75000	-0.025400	-53.668775
763	0.027057	75000	-0.025235	-53.694010
764	0.026771	75000	-0.025090	-53.719100
765	0.026487	75000	-0.024872	-53.743973
766	0.026205	75000	-0.024712	-53.768685
767	0.025925	75000	-0.024623	-53.793308
768	0.025647	75000	-0.024440	-53.817748
769	0.025370	75000	-0.024405	-53.842153
770	0.025095	75000	-0.024181	-53.866334
771	0.024822	75000	-0.024001	-53.890334
772	0.024551	75000	-0.023842	-53.914176
773	0.024281	75000	-0.023720	-53.937896
774	0.024014	75000	-0.023526	-53.961422
775	0.023748	75000	-0.023479	-53.984901
776	0.023483	75000	-0.023278	-54.008179
777	0.023221	75000	-0.023063	-54.031242
778	0.022960	75000	-0.022917	-54.054159
779	0.022702	75000	-0.022832	-54.076991
780	0.022445	75000	-0.022632	-54.099623
781	0.022189	75000	-0.022518	-54.122141
782	0.021936	75000	-0.022378	-54.144519
783	0.021684	75000	-0.022202	-54.166721
784	0.021434	75000	-0.022070	-54.188790
785	0.021185	75000	-0.021925	-54.210716
786	0.020939	75000	-0.021763	-54.232479
787	0.020694	75000	-0.021591	-54.254070
788	0.020451	75000	-0.021443	-54.275513
789	0.020209	75000	-0.021309	-54.296822
790	0.019969	75000	-0.021137	-54.317959
791	0.019731	75000	-0.021011	-54.338970
792	0.019495	75000	-0.020840	-54.359810
793	0.019261	75000	-0.020745	-54.380554
794	0.019028	75000	-0.020605	-54.401160
795	0.018796	75000	-0.020423	-54.421582
796	0.018567	75000	-0.020258	-54.441841
797	0.018339	75000	-0.020150	-54.461991
798	0.018113	75000	-0.019958	-54.481948
799	0.017889	75000	-0.019834	-54.501782
800	0.017666	75000	-0.019675	-54.521457
801	0.017445	75000	-0.019538	-54.540995
802	0.017225	75000	-0.019424	-54.560419
803	0.017007	75000	-0.019289	-54.579708
804	0.016791	75000	-0.019106	-54.598814
805	0.016577	75000	-0.018994	-54.617808
806	0.016364	75000	-0.018880	-54.636688
807	0.016153	75000	-0.018711	-54.655399
808	0.015943	75000	-0.018562	-54.673961
809	0.015736	75000	-0.018407	-54.692369
810	0.015529	75000	-0.018302	-54.710671
811	0.015325	75000	-0.018152	-54.728822
812	0.015122	75000	-0.017965	-54.746787
813	0.014920	75000	-0.017847	-54.764634
814	0.014721	75000	-0.017722	-54.782356
815	0.014523	75000	-0.017575	-54.799931
816	0.014326	75000	-0.017435	-54.817366
817	0.014131	75000	-0.017259	-54.834626
818	0.013938	75000	-0.017140	-54.851765
819	0.013746	75000	-0.017032	-54.868797
820	0.013556	75000	-0.016906	-54.885704
821	0.013367	75000	-0.016733	-54.902437
822	0.013181	75000	-0.016613	-54.919050
823	0.012995	75000	-0.016444	-54.935494
824	0.012811	75000	-0.016306	-54.951800
825	0.012629	75000	-0.016188	-54.967987
826	0.012448	75000	-0.016034	-54.984022
827	0.012269	75000	-0.015945	-54.999966
828	0.012092	75000	-0.015767	-55.015734
829	0.011916	75000	-0.015611	-55.031345
830	0.011741	75000	-0.015514	-55.046858
831	0.011568	75000	-0.015370	-55.062229
832	0.011397	75000	-0.015222	-55.077451
833	0.011227	75000	-0.015115	-55.092566
834	0.011059	75000	-0.014988	-55.107554
835	0.010892	75000	-0.014847	-55.122401
836	0.010727	75000	-0.014731	-55.137131
837	0.010563	75000	-0.014588	-55.151719
838	0.010401	75000	-0.014450	-55.166169
839	0.010240	75000	-0.014310	-55.180479
840	0.010081	75000	-0.014152	-55.194631
841	0.009923	75000	-0.014050	-55.208681
842	0.009767	75000	-0.013909	-55.222590
843	0.009612	75000	-0.013775	-55.236365
844	0.009459	75000	-0.013661	-55.250026
845	0.009307	75000	-0.013503	-55.263529
846	0.009156	75000	-0.013405	-55.276934
847	0.009008	75000	-0.013257	-55.290191
848	0.008860	75000	-0.013086	-55.303276
849	0.008714	75000	-0.013028	-55.316305
850	0.008570	75000	-0.012865	-55.329170
851	0.008427	75000	-0.012750	-55.341920
852	0.008285	75000	-0.012630	-55.354550
853	0.008145	75000	-0.012467	-55.367017
854	0.008006	75000	-0.012379	-55.379396
855	0.007869	75000	-0.012247	-55.391642
856	0.007733	75000	-0.012117	-55.403759
857	0.007598	75000	-0.012003	-55.415762
858	0.007465	75000	-0.011836	-55.427598
859	0.007334	75000	-0.011758	-55.439356
860	0.007203	75000	-0.011622	-55.450978
861	0.007075	75000	-0.011486	-55.462464
862	0.006947	75000	-0.011387	-55.473851
863	0.006821	75000	-0.011272	-55.485123
864	0.006696	75000	-0.011118	-55.496241
865	0.006573	75000	-0.011008	-55.507249
866	0.006451	75000	-0.010902	-55.518151
867	0.006330	75000	-0.010751	-55.528902
868	0.006211	75000	-0.010644	-55.539546
869	0.006093	75000	-0.010525	-55.550071
870	0.005977	75000	-0.010402	-55.560474
871	0.005862	75000	-0.010265	-55.570738
872	0.005748	75000	-0.010172	-55.580910
873	0.005635	75000	-0.010051	-55.590961
874	0.005524	75000	-0.009918	-55.600879
875	0.005414	75000	-0.009826	-55.610705
876	0.005306	75000	-0.009691	-55.620395
877	0.005199	75000	-0.009567	-55.629962
878	0.005093	75000	-0.009478	-55.639440
879	0.004988	75000	-0.009350	-55.648790
880	0.004885	75000	-0.009222	-55.658012
881	0.004783	75000	-0.009106	-55.667118
882	0.004682	75000	-0.008987	-55.676105
883	0.004583	75000	-0.008866	-55.684971
884	0.004485	75000	-0.008770	-55.693742
885	0.004388	75000	-0.008665	-55.702407
886	0.004292	75000	-0.008533	-55.710940
887	0.004198	75000	-0.008418	-55.719358
888	0.004105	75000	-0.008315	-55.727673
889	0.004013	75000	-0.008209	-55.735882
890	0.003923	75000	-0.008098	-55.743980
891	0.003833	75000	-0.007998	-55.751978
892	0.003745	75000	-0.007889	-55.759867
893	0.003658	75000	-0.007762	-55.767629
894	0.003573	75000	-0.007638	-55.775267
895	0.003488	75000	-0.007553	-55.782820
896	0.003405	75000	-0.007444	-55.790264
897	0.003323	75000	-0.007345	-55.797609
898	0.003242	75000	-0.007214	-55.804822
899	0.003162	75000	-0.007133	-55.811956
900	0.003084	75000	-0.007022	-55.818978
901	0.003007	75000	-0.006904	-55.825882
902	0.002930	75000	-0.006805	-55.832688
903	0.002855	75000	-0.006700	-55.839387
904	0.002782	75000	-0.006614	-55.846001
905	0.002709	75000	-0.006503	-55.852504
906	0.002638	75000	-0.006401	-55.858904
907	0.002567	75000	-0.006284	-55.865188
908	0.002498	75000	-0.006206	-55.871395
909	0.002430	75000	-0.006089	-55.877483
910	0.002363	75000	-0.005981	-55.883464
911	0.002297	75000	-0.005885	-55.889349
912	0.002233	75000	-0.005804	-55.895153
913	0.002169	75000	-0.005692	-55.900845
914	0.002106	75000	-0.005597	-55.906442
915	0.002045	75000	-0.005494	-55.911935
916	0.001985	75000	-0.005400	-55.917335
917	0.001925	75000	-0.005293	-55.922628
918	0.001867	75000	-0.005207	-55.927835
919	0.001810	75000	-0.005100	-55.932935
920	0.001754	75000	-0.005014	-55.937950
921	0.001699	75000	-0.004925	-55.942874
922	0.001645	75000	-0.004822	-55.947696
923	0.001592	75000	-0.004731	-55.952427
924	0.001540	75000	-0.004645	-55.957072
925	0.001490	75000	-0.004549	-55.961621
926	0.001440	75000	-0.004455	-55.966075
927	0.001391	75000	-0.004379	-55.970455
928	0.001343	75000	-0.004285	-55.974740
929	0.001296	75000	-0.004190	-55.978929
930	0.001251	75000	-0.004102	-55.983032
931	0.001206	75000	-0.004023	-55.987054
932	0.001162	75000	-0.003925	-55.990980
933	0.001119	75000	-0.003839	-55.994818
934	0.001077	75000	-0.003752	-55.998570
935	0.001036	75000	-0.003673	-56.002243
936	0.000996	75000	-0.003591	-56.005834
937	0.000957	75000	-0.003503	-56.009337
938	0.000919	75000	-0.003405	-56.012742
939	0.000882	75000	-0.003335	-56.016077
940	0.000846	75000	-0.003248	-56.019325
941	0.000810	75000	-0.003169	-56.022494
942	0.000776	75000	-0.003088	-56.025582
943	0.000742	75000	-0.003009	-56.028590
944	0.000709	75000	-0.002929	-56.031519
945	0.000678	75000	-0.002846	-56.034366
946	0.000647	75000	-0.002772	-56.037138
947	0.000617	75000	-0.002698	-56.039836
948	0.000587	75000	-0.002618	-56.042453
949	0.000559	75000	-0.002545	-56.044998
950	0.000531	75000	-0.002472	-56.047470
951	0.000505	75000	-0.002395	-56.049865
952	0.000479	75000	-0.002320	-56.052185
953	0.000454	75000	-0.002245	-56.054430
954	0.000430	75000	-0.002173	-56.056603
955	0.000406	75000	-0.002102	-56.058705
956	0.000383	75000	-0.002035	-56.060740
957	0.000362	75000	-0.001964	-56.062705
958	0.000340	75000	-0.001892	-56.064596
959	0.000320	75000	-0.001825	-56.066421
960	0.000300	75000	-0.001759	-56.068181
961	0.000281	75000	-0.001692	-56.069873
962	0.000263	75000	-0.001628	-56.071500
963	0.000246	75000	-0.001561	-56.073062
964	0.000229	75000	-0.001498	-56.074559
965	0.000213	75000	-0.001434	-56.075994
966	0.000198	75000	-0.001372	-56.077366
967	0.000183	75000	-0.001314	-56.078680
968	0.000169	75000	-0.001253	-56.079933
969	0.000156	75000	-0.001194	-56.081127
970	0.000143	75000	-0.001134	-56.082261
971	0.000131	75000	-0.001078	-56.083340
972	0.000120	75000	-0.001022	-56.084362
973	0.000109	75000	-0.000967	-56.085329
974	0.000099	75000	-0.000911	-56.086240
975	0.000089	75000	-0.000861	-56.087101
976	0.000080	75000	-0.000807	-56.087908
977	0.000072	75000	-0.000758	-56.088666
978	0.000064	75000	-0.000707	-56.089373
979	0.000057	75000	-0.000657	-56.090030
980	0.000050	75000	-0.000612	-56.090641
981	0.000043	75000	-0.000564	-56.091205
982	0.000038	75000	-0.000519	-56.091724
983	0.000032	75000	-0.000475	-56.092199
984	0.000028	75000	-0.000432	-56.092630
985	0.000023	75000	-0.000391	-56.093022
986	0.000019	75000	-0.000352	-56.093374
987	0.000016	75000	-0.000313	-56.093687
988	0.000013	75000	-0.000276	-56.093963
989	0.000010	75000	-0.000242	-56.094205
990	0.000008	75000	-0.000208	-56.094413
991	0.000006	75000	-0.000176	-56.094588
992	0.000004	75000	-0.000146	-56.094734
993	0.000003	75000	-0.000117	-56.094852
994	0.000002	75000	-0.000091	-56.094943
995	0.000001	75000	-0.000068	-56.095011
996	0.000000	75000	-0.000047	-56.095057
997	0.000000	75000	-0.000028	-56.095085
998	0.000000	75000	-0.000013	-56.095099
999	0.000000	75000	-0.000003	-56.095101
Log marginal likelihood:	-56.095101
