Steppingstone sampler:
        No Stones:                  1000
        Start It:                   10000001
        It Per Stone:               100000
        Sample Freq:                1
        Dist:                       Beta(0.400000,1.000000)
Stone No	Power	N	Stone MLh	Running MLh
0	0.997502	75000	-0.125962	-0.125962
1	0.995007	75000	-0.125679	-0.251642
2	0.992517	75000	-0.125598	-0.377240
3	0.990030	75000	-0.125446	-0.502686
4	0.987547	75000	-0.125219	-0.627905
5	0.985067	75000	-0.125062	-0.752967
6	0.982592	75000	-0.124820	-0.877787
7	0.980120	75000	-0.124617	-1.002405
8	0.977652	75000	-0.124463	-1.126868
9	0.975187	75000	-0.124276	-1.251144
10	0.972726	75000	-0.124172	-1.375316
11	0.970269	75000	-0.123984	-1.499300
12	0.967816	75000	-0.123788	-1.623087
13	0.965367	75000	-0.123624	-1.746711
14	0.962921	75000	-0.123379	-1.870091
15	0.960479	75000	-0.123285	-1.993376
16	0.958040	75000	-0.123057	-2.116433
17	0.955606	75000	-0.122814	-2.239247
18	0.953175	75000	-0.122701	-2.361949
19	0.950747	75000	-0.122565	-2.484514
20	0.948324	75000	-0.122366	-2.606880
21	0.945904	75000	-0.122140	-2.729020
22	0.943488	75000	-0.122048	-2.851069
23	0.941076	75000	-0.121854	-2.972923
24	0.938667	75000	-0.121660	-3.094583
25	0.936262	75000	-0.121488	-3.216071
26	0.933861	75000	-0.121293	-3.337364
27	0.931463	75000	-0.121100	-3.458464
28	0.929069	75000	-0.121005	-3.579468
29	0.926679	75000	-0.120730	-3.700198
30	0.924293	75000	-0.120559	-3.820757
31	0.921910	75000	-0.120442	-3.941200
32	0.919531	75000	-0.120256	-4.061456
33	0.917155	75000	-0.119969	-4.181425
34	0.914783	75000	-0.119991	-4.301416
35	0.912415	75000	-0.119677	-4.421092
36	0.910051	75000	-0.119578	-4.540670
37	0.907690	75000	-0.119416	-4.660086
38	0.905333	75000	-0.119168	-4.779254
39	0.902980	75000	-0.119015	-4.898269
40	0.900630	75000	-0.118764	-5.017033
41	0.898284	75000	-0.118641	-5.135675
42	0.895942	75000	-0.118449	-5.254124
43	0.893603	75000	-0.118394	-5.372518
44	0.891268	75000	-0.118017	-5.490536
45	0.888937	75000	-0.117993	-5.608528
46	0.886609	75000	-0.117798	-5.726327
47	0.884285	75000	-0.117630	-5.843956
48	0.881965	75000	-0.117467	-5.961424
49	0.879648	75000	-0.117238	-6.078662
50	0.877335	75000	-0.117034	-6.195696
51	0.875026	75000	-0.116947	-6.312643
52	0.872720	75000	-0.116716	-6.429358
53	0.870418	75000	-0.116542	-6.545901
54	0.868120	75000	-0.116413	-6.662313
55	0.865825	75000	-0.116211	-6.778525
56	0.863534	75000	-0.116035	-6.894560
57	0.861246	75000	-0.115903	-7.010463
58	0.858962	75000	-0.115765	-7.126228
59	0.856682	75000	-0.115469	-7.241697
60	0.854405	75000	-0.115442	-7.357139
61	0.852132	75000	-0.115114	-7.472253
62	0.849863	75000	-0.114998	-7.587250
63	0.847597	75000	-0.114837	-7.702088
64	0.845335	75000	-0.114564	-7.816651
65	0.843077	75000	-0.114492	-7.931144
66	0.840822	75000	-0.114302	-8.045445
67	0.838571	75000	-0.114192	-8.159637
68	0.836323	75000	-0.114047	-8.273684
69	0.834079	75000	-0.113750	-8.387434
70	0.831839	75000	-0.113617	-8.501051
71	0.829602	75000	-0.113490	-8.614541
72	0.827369	75000	-0.113377	-8.727919
73	0.825140	75000	-0.113064	-8.840982
74	0.822914	75000	-0.112927	-8.953910
75	0.820691	75000	-0.112887	-9.066796
76	0.818473	75000	-0.112602	-9.179398
77	0.816258	75000	-0.112404	-9.291802
78	0.814046	75000	-0.112218	-9.404020
79	0.811838	75000	-0.112107	-9.516127
80	0.809634	75000	-0.111870	-9.627997
81	0.807433	75000	-0.111686	-9.739683
82	0.805236	75000	-0.111551	-9.851234
83	0.803043	75000	-0.111386	-9.962620
84	0.800853	75000	-0.111160	-10.073780
85	0.798667	75000	-0.111111	-10.184891
86	0.796484	75000	-0.110907	-10.295798
87	0.794305	75000	-0.110704	-10.406501
88	0.792129	75000	-0.110499	-10.517000
89	0.789957	75000	-0.110332	-10.627332
90	0.787789	75000	-0.110155	-10.737487
91	0.785624	75000	-0.110056	-10.847543
92	0.783463	75000	-0.109883	-10.957426
93	0.781305	75000	-0.109692	-11.067118
94	0.779151	75000	-0.109465	-11.176583
95	0.777000	75000	-0.109392	-11.285975
96	0.774853	75000	-0.109202	-11.395177
97	0.772710	75000	-0.108997	-11.504174
98	0.770570	75000	-0.108873	-11.613047
99	0.768433	75000	-0.108725	-11.721772
100	0.766301	75000	-0.108522	-11.830294
101	0.764172	75000	-0.108410	-11.938704
102	0.762046	75000	-0.108166	-12.046870
103	0.759924	75000	-0.108004	-12.154874
104	0.757805	75000	-0.107850	-12.262724
105	0.755690	75000	-0.107709	-12.370432
106	0.753579	75000	-0.107543	-12.477975
107	0.751471	75000	-0.107369	-12.585344
108	0.749366	75000	-0.107248	-12.692593
109	0.747266	75000	-0.106972	-12.799565
110	0.745168	75000	-0.106800	-12.906366
111	0.743075	75000	-0.106717	-13.013083
112	0.740984	75000	-0.106513	-13.119596
113	0.738898	75000	-0.106369	-13.225965
114	0.736815	75000	-0.106168	-13.332133
115	0.734735	75000	-0.105960	-13.438093
116	0.732659	75000	-0.105698	-13.543791
117	0.730586	75000	-0.105557	-13.649348
118	0.728517	75000	-0.105500	-13.754849
119	0.726452	75000	-0.105240	-13.860089
120	0.724390	75000	-0.105090	-13.965179
121	0.722331	75000	-0.104973	-14.070152
122	0.720276	75000	-0.104820	-14.174971
123	0.718225	75000	-0.104602	-14.279573
124	0.716177	75000	-0.104437	-14.384011
125	0.714132	75000	-0.104333	-14.488343
126	0.712091	75000	-0.104184	-14.592528
127	0.710054	75000	-0.103987	-14.696515
128	0.708020	75000	-0.103782	-14.800297
129	0.705989	75000	-0.103717	-14.904014
130	0.703962	75000	-0.103420	-15.007434
131	0.701939	75000	-0.103271	-15.110705
132	0.699919	75000	-0.103170	-15.213875
133	0.697902	75000	-0.102911	-15.316785
134	0.695889	75000	-0.102883	-15.419668
135	0.693880	75000	-0.102678	-15.522346
136	0.691874	75000	-0.102533	-15.624880
137	0.689871	75000	-0.102316	-15.727195
138	0.687872	75000	-0.102085	-15.829280
139	0.685877	75000	-0.102021	-15.931301
140	0.683885	75000	-0.101826	-16.033127
141	0.681896	75000	-0.101635	-16.134762
142	0.679911	75000	-0.101348	-16.236110
143	0.677929	75000	-0.101325	-16.337435
144	0.675951	75000	-0.101140	-16.438575
145	0.673976	75000	-0.101026	-16.539601
146	0.672005	75000	-0.100854	-16.640455
147	0.670037	75000	-0.100650	-16.741104
148	0.668073	75000	-0.100519	-16.841623
149	0.666112	75000	-0.100330	-16.941954
150	0.664155	75000	-0.100122	-17.042076
151	0.662201	75000	-0.100072	-17.142148
152	0.660250	75000	-0.099804	-17.241953
153	0.658303	75000	-0.099720	-17.341672
154	0.656359	75000	-0.099478	-17.441151
155	0.654419	75000	-0.099191	-17.540341
156	0.652483	75000	-0.099182	-17.639523
157	0.650549	75000	-0.098994	-17.738517
158	0.648619	75000	-0.098884	-17.837401
159	0.646693	75000	-0.098853	-17.936254
160	0.644770	75000	-0.098444	-18.034697
161	0.642851	75000	-0.098345	-18.133042
162	0.640934	75000	-0.098277	-18.231319
163	0.639022	75000	-0.098032	-18.329351
164	0.637113	75000	-0.097896	-18.427248
165	0.635207	75000	-0.097665	-18.524913
166	0.633304	75000	-0.097553	-18.622466
167	0.631405	75000	-0.097348	-18.719814
168	0.629510	75000	-0.097300	-18.817114
169	0.627618	75000	-0.097113	-18.914227
170	0.625729	75000	-0.096878	-19.011105
171	0.623844	75000	-0.096752	-19.107857
172	0.621962	75000	-0.096510	-19.204367
173	0.620083	75000	-0.096496	-19.300863
174	0.618208	75000	-0.096303	-19.397166
175	0.616337	75000	-0.096202	-19.493368
176	0.614468	75000	-0.095993	-19.589361
177	0.612604	75000	-0.095822	-19.685183
178	0.610742	75000	-0.095699	-19.780882
179	0.608884	75000	-0.095518	-19.876400
180	0.607029	75000	-0.095281	-19.971681
181	0.605178	75000	-0.095178	-20.066860
182	0.603330	75000	-0.095069	-20.161929
183	0.601486	75000	-0.094805	-20.256734
184	0.599645	75000	-0.094671	-20.351405
185	0.597807	75000	-0.094428	-20.445833
186	0.595973	75000	-0.094332	-20.540166
187	0.594142	75000	-0.094236	-20.634401
188	0.592314	75000	-0.094044	-20.728445
189	0.590490	75000	-0.093871	-20.822317
190	0.588669	75000	-0.093727	-20.916044
191	0.586852	75000	-0.093505	-21.009548
192	0.585038	75000	-0.093488	-21.103036
193	0.583227	75000	-0.093301	-21.196337
194	0.581420	75000	-0.093087	-21.289424
195	0.579616	75000	-0.092930	-21.382355
196	0.577815	75000	-0.092717	-21.475072
197	0.576018	75000	-0.092662	-21.567733
198	0.574224	75000	-0.092526	-21.660259
199	0.572433	75000	-0.092291	-21.752550
200	0.570646	75000	-0.092180	-21.844731
201	0.568862	75000	-0.092059	-21.936790
202	0.567082	75000	-0.091732	-22.028521
203	0.565305	75000	-0.091720	-22.120241
204	0.563531	75000	-0.091492	-22.211734
205	0.561761	75000	-0.091396	-22.303130
206	0.559993	75000	-0.091291	-22.394421
207	0.558230	75000	-0.091047	-22.485468
208	0.556469	75000	-0.090795	-22.576263
209	0.554712	75000	-0.090875	-22.667138
210	0.552958	75000	-0.090559	-22.757697
211	0.551208	75000	-0.090564	-22.848261
212	0.549461	75000	-0.090246	-22.938507
213	0.547717	75000	-0.090115	-23.028622
214	0.545977	75000	-0.089943	-23.118565
215	0.544240	75000	-0.089851	-23.208416
216	0.542506	75000	-0.089623	-23.298039
217	0.540775	75000	-0.089406	-23.387445
218	0.539048	75000	-0.089330	-23.476774
219	0.537324	75000	-0.089166	-23.565940
220	0.535604	75000	-0.089097	-23.655038
221	0.533887	75000	-0.088797	-23.743834
222	0.532173	75000	-0.088739	-23.832573
223	0.530462	75000	-0.088595	-23.921168
224	0.528755	75000	-0.088404	-24.009573
225	0.527051	75000	-0.088359	-24.097932
226	0.525350	75000	-0.088150	-24.186082
227	0.523653	75000	-0.087981	-24.274063
228	0.521958	75000	-0.087724	-24.361787
229	0.520268	75000	-0.087710	-24.449497
230	0.518580	75000	-0.087497	-24.536994
231	0.516896	75000	-0.087396	-24.624391
232	0.515215	75000	-0.087239	-24.711630
233	0.513537	75000	-0.086953	-24.798583
234	0.511863	75000	-0.086836	-24.885419
235	0.510192	75000	-0.086751	-24.972170
236	0.508524	75000	-0.086620	-25.058791
237	0.506859	75000	-0.086455	-25.145246
238	0.505198	75000	-0.086180	-25.231425
239	0.503540	75000	-0.086103	-25.317529
240	0.501885	75000	-0.085860	-25.403388
241	0.500234	75000	-0.085706	-25.489094
242	0.498586	75000	-0.085626	-25.574721
243	0.496941	75000	-0.085550	-25.660271
244	0.495299	75000	-0.085333	-25.745604
245	0.493660	75000	-0.085416	-25.831020
246	0.492025	75000	-0.085138	-25.916158
247	0.490393	75000	-0.085052	-26.001210
248	0.488765	75000	-0.084785	-26.085995
249	0.487139	75000	-0.084477	-26.170472
250	0.485517	75000	-0.084475	-26.254946
251	0.483898	75000	-0.084312	-26.339258
252	0.482283	75000	-0.084136	-26.423394
253	0.480670	75000	-0.084019	-26.507413
254	0.479061	75000	-0.084011	-26.591424
255	0.477455	75000	-0.083796	-26.675220
256	0.475852	75000	-0.083514	-26.758734
257	0.474253	75000	-0.083444	-26.842178
258	0.472656	75000	-0.083193	-26.925371
259	0.471063	75000	-0.083210	-27.008581
260	0.469474	75000	-0.082989	-27.091570
261	0.467887	75000	-0.082796	-27.174366
262	0.466304	75000	-0.082628	-27.256993
263	0.464723	75000	-0.082509	-27.339503
264	0.463146	75000	-0.082382	-27.421885
265	0.461573	75000	-0.082161	-27.504046
266	0.460002	75000	-0.082033	-27.586079
267	0.458435	75000	-0.081955	-27.668035
268	0.456871	75000	-0.081795	-27.749830
269	0.455310	75000	-0.081641	-27.831470
270	0.453752	75000	-0.081373	-27.912843
271	0.452198	75000	-0.081264	-27.994107
272	0.450647	75000	-0.081231	-28.075338
273	0.449098	75000	-0.081057	-28.156395
274	0.447554	75000	-0.080882	-28.237277
275	0.446012	75000	-0.080730	-28.318007
276	0.444473	75000	-0.080641	-28.398648
277	0.442938	75000	-0.080447	-28.479095
278	0.441406	75000	-0.080165	-28.559260
279	0.439877	75000	-0.080118	-28.639378
280	0.438351	75000	-0.080026	-28.719403
281	0.436829	75000	-0.079970	-28.799373
282	0.435309	75000	-0.079668	-28.879042
283	0.433793	75000	-0.079593	-28.958635
284	0.432280	75000	-0.079374	-29.038008
285	0.430770	75000	-0.079304	-29.117312
286	0.429263	75000	-0.079156	-29.196468
287	0.427760	75000	-0.079040	-29.275508
288	0.426259	75000	-0.078885	-29.354393
289	0.424762	75000	-0.078783	-29.433176
290	0.423268	75000	-0.078644	-29.511820
291	0.421777	75000	-0.078599	-29.590418
292	0.420289	75000	-0.078259	-29.668678
293	0.418805	75000	-0.078233	-29.746911
294	0.417323	75000	-0.077903	-29.824814
295	0.415845	75000	-0.077913	-29.902727
296	0.414370	75000	-0.077688	-29.980415
297	0.412898	75000	-0.077512	-30.057928
298	0.411429	75000	-0.077490	-30.135417
299	0.409963	75000	-0.077279	-30.212696
300	0.408501	75000	-0.077191	-30.289887
301	0.407041	75000	-0.076973	-30.366860
302	0.405585	75000	-0.076859	-30.443719
303	0.404132	75000	-0.076694	-30.520413
304	0.402682	75000	-0.076485	-30.596897
305	0.401235	75000	-0.076589	-30.673487
306	0.399791	75000	-0.076265	-30.749752
307	0.398350	75000	-0.076028	-30.825780
308	0.396913	75000	-0.076025	-30.901805
309	0.395478	75000	-0.075700	-30.977505
310	0.394047	75000	-0.075780	-31.053285
311	0.392619	75000	-0.075515	-31.128800
312	0.391194	75000	-0.075530	-31.204330
313	0.389772	75000	-0.075283	-31.279613
314	0.388353	75000	-0.075134	-31.354747
315	0.386937	75000	-0.075096	-31.429842
316	0.385524	75000	-0.074984	-31.504827
317	0.384115	75000	-0.074664	-31.579491
318	0.382708	75000	-0.074633	-31.654124
319	0.381305	75000	-0.074318	-31.728442
320	0.379904	75000	-0.074248	-31.802690
321	0.378507	75000	-0.074097	-31.876787
322	0.377113	75000	-0.074058	-31.950846
323	0.375722	75000	-0.073870	-32.024716
324	0.374334	75000	-0.073899	-32.098615
325	0.372949	75000	-0.073565	-32.172180
326	0.371567	75000	-0.073387	-32.245567
327	0.370189	75000	-0.073236	-32.318804
328	0.368813	75000	-0.073367	-32.392170
329	0.367440	75000	-0.073165	-32.465335
330	0.366071	75000	-0.072911	-32.538246
331	0.364705	75000	-0.072816	-32.611062
332	0.363341	75000	-0.072678	-32.683740
333	0.361981	75000	-0.072429	-32.756169
334	0.360624	75000	-0.072454	-32.828624
335	0.359269	75000	-0.072339	-32.900963
336	0.357918	75000	-0.072110	-32.973073
337	0.356570	75000	-0.071922	-33.044995
338	0.355225	75000	-0.072009	-33.117005
339	0.353883	75000	-0.071751	-33.188756
340	0.352544	75000	-0.071614	-33.260370
341	0.351208	75000	-0.071731	-33.332101
342	0.349875	75000	-0.071423	-33.403524
343	0.348546	75000	-0.071316	-33.474841
344	0.347219	75000	-0.070996	-33.545837
345	0.345895	75000	-0.071156	-33.616992
346	0.344574	75000	-0.070856	-33.687849
347	0.343257	75000	-0.070717	-33.758566
348	0.341942	75000	-0.070484	-33.829050
349	0.340630	75000	-0.070386	-33.899436
350	0.339322	75000	-0.070149	-33.969585
351	0.338016	75000	-0.070197	-34.039783
352	0.336714	75000	-0.070059	-34.109842
353	0.335414	75000	-0.069888	-34.179730
354	0.334118	75000	-0.069752	-34.249481
355	0.332824	75000	-0.069560	-34.319041
356	0.331534	75000	-0.069490	-34.388531
357	0.330246	75000	-0.069324	-34.457855
358	0.328962	75000	-0.069209	-34.527064
359	0.327680	75000	-0.069200	-34.596264
360	0.326401	75000	-0.068892	-34.665156
361	0.325126	75000	-0.068868	-34.734024
362	0.323853	75000	-0.068662	-34.802686
363	0.322584	75000	-0.068567	-34.871253
364	0.321317	75000	-0.068389	-34.939643
365	0.320054	75000	-0.068387	-35.008029
366	0.318793	75000	-0.068087	-35.076116
367	0.317536	75000	-0.068036	-35.144152
368	0.316281	75000	-0.068055	-35.212208
369	0.315030	75000	-0.067791	-35.279999
370	0.313781	75000	-0.067568	-35.347567
371	0.312535	75000	-0.067726	-35.415293
372	0.311293	75000	-0.067558	-35.482851
373	0.310053	75000	-0.067312	-35.550163
374	0.308816	75000	-0.067104	-35.617267
375	0.307582	75000	-0.066975	-35.684242
376	0.306352	75000	-0.066992	-35.751234
377	0.305124	75000	-0.066748	-35.817982
378	0.303899	75000	-0.066666	-35.884648
379	0.302677	75000	-0.066482	-35.951130
380	0.301458	75000	-0.066444	-36.017574
381	0.300242	75000	-0.066561	-36.084135
382	0.299029	75000	-0.066259	-36.150394
383	0.297819	75000	-0.065955	-36.216349
384	0.296611	75000	-0.065953	-36.282302
385	0.295407	75000	-0.065893	-36.348195
386	0.294206	75000	-0.065831	-36.414026
387	0.293007	75000	-0.065702	-36.479728
388	0.291812	75000	-0.065782	-36.545510
389	0.290619	75000	-0.065442	-36.610951
390	0.289430	75000	-0.065120	-36.676071
391	0.288243	75000	-0.064799	-36.740871
392	0.287059	75000	-0.064881	-36.805752
393	0.285879	75000	-0.064674	-36.870426
394	0.284701	75000	-0.064844	-36.935270
395	0.283526	75000	-0.064614	-36.999884
396	0.282354	75000	-0.064423	-37.064307
397	0.281184	75000	-0.064401	-37.128708
398	0.280018	75000	-0.064361	-37.193069
399	0.278855	75000	-0.064016	-37.257085
400	0.277694	75000	-0.063926	-37.321011
401	0.276537	75000	-0.063813	-37.384824
402	0.275382	75000	-0.063668	-37.448492
403	0.274230	75000	-0.063711	-37.512204
404	0.273082	75000	-0.063444	-37.575648
405	0.271936	75000	-0.063612	-37.639260
406	0.270793	75000	-0.063206	-37.702467
407	0.269652	75000	-0.063112	-37.765579
408	0.268515	75000	-0.063078	-37.828657
409	0.267381	75000	-0.062830	-37.891487
410	0.266249	75000	-0.062691	-37.954178
411	0.265121	75000	-0.062567	-38.016745
412	0.263995	75000	-0.062604	-38.079349
413	0.262872	75000	-0.062440	-38.141789
414	0.261752	75000	-0.062295	-38.204084
415	0.260635	75000	-0.062458	-38.266542
416	0.259520	75000	-0.062132	-38.328674
417	0.258409	75000	-0.062219	-38.390893
418	0.257300	75000	-0.061869	-38.452762
419	0.256195	75000	-0.062001	-38.514763
420	0.255092	75000	-0.061762	-38.576525
421	0.253992	75000	-0.061506	-38.638031
422	0.252895	75000	-0.061575	-38.699606
423	0.251800	75000	-0.061302	-38.760909
424	0.250709	75000	-0.061326	-38.822234
425	0.249620	75000	-0.061015	-38.883249
426	0.248534	75000	-0.061269	-38.944518
427	0.247451	75000	-0.060712	-39.005231
428	0.246371	75000	-0.060798	-39.066029
429	0.245294	75000	-0.060647	-39.126676
430	0.244220	75000	-0.060637	-39.187313
431	0.243148	75000	-0.060259	-39.247572
432	0.242079	75000	-0.060310	-39.307881
433	0.241013	75000	-0.060726	-39.368608
434	0.239950	75000	-0.060234	-39.428842
435	0.238890	75000	-0.059883	-39.488724
436	0.237832	75000	-0.059600	-39.548324
437	0.236778	75000	-0.059570	-39.607894
438	0.235726	75000	-0.059532	-39.667427
439	0.234677	75000	-0.059706	-39.727133
440	0.233630	75000	-0.059293	-39.786425
441	0.232587	75000	-0.059268	-39.845693
442	0.231546	75000	-0.059222	-39.904915
443	0.230509	75000	-0.059097	-39.964012
444	0.229473	75000	-0.059202	-40.023213
445	0.228441	75000	-0.059049	-40.082263
446	0.227412	75000	-0.058911	-40.141173
447	0.226385	75000	-0.058771	-40.199944
448	0.225361	75000	-0.058716	-40.258660
449	0.224340	75000	-0.058821	-40.317481
450	0.223322	75000	-0.058425	-40.375906
451	0.222306	75000	-0.058442	-40.434348
452	0.221293	75000	-0.058178	-40.492525
453	0.220283	75000	-0.058011	-40.550536
454	0.219276	75000	-0.058223	-40.608759
455	0.218272	75000	-0.057996	-40.666755
456	0.217270	75000	-0.058082	-40.724837
457	0.216271	75000	-0.057851	-40.782688
458	0.215275	75000	-0.057828	-40.840516
459	0.214281	75000	-0.057658	-40.898174
460	0.213291	75000	-0.057639	-40.955813
461	0.212303	75000	-0.057631	-41.013444
462	0.211318	75000	-0.057010	-41.070453
463	0.210335	75000	-0.057109	-41.127563
464	0.209356	75000	-0.057171	-41.184733
465	0.208379	75000	-0.057078	-41.241812
466	0.207404	75000	-0.056708	-41.298520
467	0.206433	75000	-0.056916	-41.355436
468	0.205464	75000	-0.056569	-41.412005
469	0.204498	75000	-0.056413	-41.468418
470	0.203535	75000	-0.056757	-41.525175
471	0.202575	75000	-0.056558	-41.581733
472	0.201617	75000	-0.056371	-41.638103
473	0.200662	75000	-0.056473	-41.694576
474	0.199709	75000	-0.056292	-41.750869
475	0.198760	75000	-0.056242	-41.807110
476	0.197813	75000	-0.056246	-41.863356
477	0.196869	75000	-0.055726	-41.919082
478	0.195927	75000	-0.056070	-41.975151
479	0.194988	75000	-0.056040	-42.031191
480	0.194052	75000	-0.056074	-42.087265
481	0.193119	75000	-0.055610	-42.142875
482	0.192188	75000	-0.055451	-42.198326
483	0.191260	75000	-0.055423	-42.253749
484	0.190335	75000	-0.055073	-42.308822
485	0.189412	75000	-0.055260	-42.364082
486	0.188492	75000	-0.055399	-42.419480
487	0.187575	75000	-0.055228	-42.474708
488	0.186660	75000	-0.055141	-42.529849
489	0.185749	75000	-0.055070	-42.584919
490	0.184839	75000	-0.055041	-42.639960
491	0.183933	75000	-0.055022	-42.694982
492	0.183029	75000	-0.054608	-42.749590
493	0.182128	75000	-0.054651	-42.804241
494	0.181229	75000	-0.054682	-42.858923
495	0.180333	75000	-0.054682	-42.913605
496	0.179440	75000	-0.054496	-42.968101
497	0.178550	75000	-0.054133	-43.022234
498	0.177662	75000	-0.054484	-43.076718
499	0.176777	75000	-0.054329	-43.131047
500	0.175894	75000	-0.054130	-43.185177
501	0.175014	75000	-0.053935	-43.239112
502	0.174137	75000	-0.054212	-43.293324
503	0.173262	75000	-0.053985	-43.347309
504	0.172390	75000	-0.054083	-43.401392
505	0.171521	75000	-0.054100	-43.455492
506	0.170654	75000	-0.053599	-43.509091
507	0.169790	75000	-0.053750	-43.562841
508	0.168929	75000	-0.053898	-43.616739
509	0.168070	75000	-0.053392	-43.670131
510	0.167214	75000	-0.053290	-43.723421
511	0.166360	75000	-0.053339	-43.776760
512	0.165509	75000	-0.053527	-43.830287
513	0.164661	75000	-0.053211	-43.883498
514	0.163815	75000	-0.053194	-43.936692
515	0.162972	75000	-0.053355	-43.990047
516	0.162132	75000	-0.052994	-44.043041
517	0.161294	75000	-0.052774	-44.095815
518	0.160458	75000	-0.053204	-44.149019
519	0.159626	75000	-0.052901	-44.201920
520	0.158796	75000	-0.052947	-44.254867
521	0.157968	75000	-0.052732	-44.307600
522	0.157143	75000	-0.053192	-44.360792
523	0.156321	75000	-0.052358	-44.413149
524	0.155501	75000	-0.052327	-44.465477
525	0.154684	75000	-0.052625	-44.518102
526	0.153870	75000	-0.052561	-44.570663
527	0.153058	75000	-0.052252	-44.622915
528	0.152248	75000	-0.052320	-44.675235
529	0.151441	75000	-0.052579	-44.727815
530	0.150637	75000	-0.052437	-44.780252
531	0.149835	75000	-0.052325	-44.832577
532	0.149036	75000	-0.051996	-44.884574
533	0.148240	75000	-0.052298	-44.936871
534	0.147446	75000	-0.052345	-44.989216
535	0.146654	75000	-0.052301	-45.041517
536	0.145865	75000	-0.051967	-45.093485
537	0.145079	75000	-0.051638	-45.145122
538	0.144295	75000	-0.052149	-45.197272
539	0.143514	75000	-0.051822	-45.249093
540	0.142735	75000	-0.051957	-45.301050
541	0.141959	75000	-0.051467	-45.352517
542	0.141186	75000	-0.051516	-45.404033
543	0.140415	75000	-0.051214	-45.455247
544	0.139646	75000	-0.051704	-45.506951
545	0.138880	75000	-0.051417	-45.558368
546	0.138116	75000	-0.051221	-45.609589
547	0.137356	75000	-0.051284	-45.660872
548	0.136597	75000	-0.051430	-45.712302
549	0.135841	75000	-0.051249	-45.763550
550	0.135088	75000	-0.051036	-45.814586
551	0.134337	75000	-0.050953	-45.865539
552	0.133588	75000	-0.051195	-45.916734
553	0.132843	75000	-0.050783	-45.967517
554	0.132099	75000	-0.050987	-46.018504
555	0.131358	75000	-0.051068	-46.069572
556	0.130620	75000	-0.050753	-46.120325
557	0.129884	75000	-0.050522	-46.170847
558	0.129151	75000	-0.050707	-46.221553
559	0.128420	75000	-0.051151	-46.272705
560	0.127691	75000	-0.050553	-46.323257
561	0.126965	75000	-0.050570	-46.373827
562	0.126242	75000	-0.050353	-46.424180
563	0.125521	75000	-0.050694	-46.474874
564	0.124802	75000	-0.050407	-46.525282
565	0.124086	75000	-0.050779	-46.576061
566	0.123373	75000	-0.050326	-46.626387
567	0.122662	75000	-0.050109	-46.676496
568	0.121953	75000	-0.050132	-46.726628
569	0.121247	75000	-0.050206	-46.776834
570	0.120543	75000	-0.050524	-46.827359
571	0.119842	75000	-0.050140	-46.877499
572	0.119143	75000	-0.049919	-46.927418
573	0.118447	75000	-0.050090	-46.977508
574	0.117753	75000	-0.050071	-47.027579
575	0.117062	75000	-0.049731	-47.077310
576	0.116373	75000	-0.050098	-47.127407
577	0.115686	75000	-0.049529	-47.176936
578	0.115002	75000	-0.049743	-47.226679
579	0.114320	75000	-0.049580	-47.276259
580	0.113641	75000	-0.049445	-47.325704
581	0.112964	75000	-0.049617	-47.375322
582	0.112290	75000	-0.049586	-47.424908
583	0.111618	75000	-0.049733	-47.474641
584	0.110948	75000	-0.049543	-47.524184
585	0.110281	75000	-0.049669	-47.573853
586	0.109616	75000	-0.049535	-47.623387
587	0.108954	75000	-0.049218	-47.672606
588	0.108294	75000	-0.048916	-47.721521
589	0.107637	75000	-0.049672	-47.771194
590	0.106981	75000	-0.049213	-47.820407
591	0.106329	75000	-0.049057	-47.869464
592	0.105678	75000	-0.049704	-47.919167
593	0.105030	75000	-0.048923	-47.968090
594	0.104385	75000	-0.049003	-48.017093
595	0.103742	75000	-0.048882	-48.065975
596	0.103101	75000	-0.048746	-48.114722
597	0.102463	75000	-0.048624	-48.163345
598	0.101827	75000	-0.048871	-48.212216
599	0.101193	75000	-0.048539	-48.260755
600	0.100562	75000	-0.048983	-48.309739
601	0.099933	75000	-0.048814	-48.358553
602	0.099306	75000	-0.048450	-48.407003
603	0.098682	75000	-0.048765	-48.455768
604	0.098060	75000	-0.048536	-48.504304
605	0.097441	75000	-0.048610	-48.552914
606	0.096824	75000	-0.048186	-48.601100
607	0.096209	75000	-0.048427	-48.649526
608	0.095596	75000	-0.048235	-48.697762
609	0.094986	75000	-0.048253	-48.746015
610	0.094379	75000	-0.048481	-48.794496
611	0.093773	75000	-0.047980	-48.842475
612	0.093170	75000	-0.048143	-48.890619
613	0.092570	75000	-0.048048	-48.938666
614	0.091971	75000	-0.047640	-48.986306
615	0.091375	75000	-0.047716	-49.034022
616	0.090781	75000	-0.048047	-49.082069
617	0.090190	75000	-0.047604	-49.129673
618	0.089601	75000	-0.047474	-49.177147
619	0.089014	75000	-0.047591	-49.224739
620	0.088430	75000	-0.047749	-49.272488
621	0.087848	75000	-0.047613	-49.320101
622	0.087268	75000	-0.047720	-49.367821
623	0.086690	75000	-0.047261	-49.415082
624	0.086115	75000	-0.047152	-49.462235
625	0.085542	75000	-0.047234	-49.509469
626	0.084971	75000	-0.047344	-49.556813
627	0.084403	75000	-0.046851	-49.603665
628	0.083837	75000	-0.047310	-49.650974
629	0.083273	75000	-0.047156	-49.698130
630	0.082712	75000	-0.047127	-49.745257
631	0.082152	75000	-0.047151	-49.792407
632	0.081595	75000	-0.046650	-49.839057
633	0.081041	75000	-0.047092	-49.886150
634	0.080488	75000	-0.046677	-49.932827
635	0.079938	75000	-0.046759	-49.979586
636	0.079390	75000	-0.046808	-50.026393
637	0.078845	75000	-0.045984	-50.072377
638	0.078301	75000	-0.046260	-50.118637
639	0.077760	75000	-0.046059	-50.164696
640	0.077221	75000	-0.046374	-50.211070
641	0.076684	75000	-0.046066	-50.257136
642	0.076150	75000	-0.045730	-50.302866
643	0.075618	75000	-0.046256	-50.349122
644	0.075088	75000	-0.045219	-50.394341
645	0.074560	75000	-0.045998	-50.440338
646	0.074035	75000	-0.045617	-50.485955
647	0.073512	75000	-0.045639	-50.531594
648	0.072991	75000	-0.045397	-50.576991
649	0.072472	75000	-0.045110	-50.622101
650	0.071955	75000	-0.045721	-50.667823
651	0.071441	75000	-0.045216	-50.713039
652	0.070929	75000	-0.045594	-50.758633
653	0.070419	75000	-0.045043	-50.803676
654	0.069911	75000	-0.045570	-50.849246
655	0.069406	75000	-0.044424	-50.893670
656	0.068903	75000	-0.045037	-50.938706
657	0.068401	75000	-0.044576	-50.983283
658	0.067903	75000	-0.044930	-51.028212
659	0.067406	75000	-0.044204	-51.072416
660	0.066911	75000	-0.044336	-51.116752
661	0.066419	75000	-0.044509	-51.161261
662	0.065929	75000	-0.044160	-51.205421
663	0.065441	75000	-0.044679	-51.250099
664	0.064955	75000	-0.043865	-51.293964
665	0.064471	75000	-0.043899	-51.337864
666	0.063990	75000	-0.044037	-51.381901
667	0.063510	75000	-0.043527	-51.425428
668	0.063033	75000	-0.043406	-51.468833
669	0.062558	75000	-0.043467	-51.512300
670	0.062085	75000	-0.043459	-51.555759
671	0.061615	75000	-0.043441	-51.599201
672	0.061146	75000	-0.043356	-51.642557
673	0.060680	75000	-0.042832	-51.685389
674	0.060216	75000	-0.043021	-51.728410
675	0.059753	75000	-0.042885	-51.771295
676	0.059293	75000	-0.042895	-51.814190
677	0.058836	75000	-0.043142	-51.857331
678	0.058380	75000	-0.042497	-51.899828
679	0.057926	75000	-0.042247	-51.942075
680	0.057475	75000	-0.042254	-51.984329
681	0.057025	75000	-0.041977	-52.026306
682	0.056578	75000	-0.041926	-52.068233
683	0.056133	75000	-0.042309	-52.110542
684	0.055690	75000	-0.041589	-52.152131
685	0.055249	75000	-0.041740	-52.193872
686	0.054810	75000	-0.041500	-52.235371
687	0.054373	75000	-0.041641	-52.277012
688	0.053939	75000	-0.041610	-52.318622
689	0.053506	75000	-0.041321	-52.359943
690	0.053076	75000	-0.041204	-52.401148
691	0.052647	75000	-0.040879	-52.442027
692	0.052221	75000	-0.041060	-52.483086
693	0.051797	75000	-0.040708	-52.523794
694	0.051375	75000	-0.040806	-52.564600
695	0.050955	75000	-0.040625	-52.605226
696	0.050537	75000	-0.040727	-52.645953
697	0.050121	75000	-0.040377	-52.686330
698	0.049707	75000	-0.040320	-52.726650
699	0.049295	75000	-0.040039	-52.766689
700	0.048885	75000	-0.039823	-52.806512
701	0.048478	75000	-0.039470	-52.845982
702	0.048072	75000	-0.039712	-52.885694
703	0.047668	75000	-0.039347	-52.925041
704	0.047267	75000	-0.039362	-52.964403
705	0.046867	75000	-0.039323	-53.003726
706	0.046470	75000	-0.038868	-53.042594
707	0.046074	75000	-0.038716	-53.081310
708	0.045681	75000	-0.038912	-53.120222
709	0.045289	75000	-0.038665	-53.158887
710	0.044900	75000	-0.038442	-53.197329
711	0.044512	75000	-0.038276	-53.235606
712	0.044127	75000	-0.038044	-53.273650
713	0.043744	75000	-0.038171	-53.311821
714	0.043362	75000	-0.038012	-53.349832
715	0.042983	75000	-0.037800	-53.387632
716	0.042606	75000	-0.037468	-53.425101
717	0.042230	75000	-0.037633	-53.462734
718	0.041857	75000	-0.037357	-53.500091
719	0.041485	75000	-0.037374	-53.537465
720	0.041116	75000	-0.037233	-53.574698
721	0.040749	75000	-0.036818	-53.611517
722	0.040383	75000	-0.036760	-53.648277
723	0.040020	75000	-0.036584	-53.684861
724	0.039658	75000	-0.036407	-53.721267
725	0.039299	75000	-0.036301	-53.757568
726	0.038941	75000	-0.036003	-53.793571
727	0.038585	75000	-0.036195	-53.829766
728	0.038232	75000	-0.036207	-53.865973
729	0.037880	75000	-0.035789	-53.901762
730	0.037530	75000	-0.035489	-53.937251
731	0.037182	75000	-0.035570	-53.972821
732	0.036836	75000	-0.035229	-54.008049
733	0.036493	75000	-0.035125	-54.043175
734	0.036151	75000	-0.035029	-54.078204
735	0.035810	75000	-0.034851	-54.113056
736	0.035472	75000	-0.034844	-54.147900
737	0.035136	75000	-0.034812	-54.182712
738	0.034802	75000	-0.034338	-54.217050
739	0.034469	75000	-0.034416	-54.251466
740	0.034139	75000	-0.034090	-54.285555
741	0.033810	75000	-0.033973	-54.319528
742	0.033484	75000	-0.033795	-54.353323
743	0.033159	75000	-0.033480	-54.386803
744	0.032836	75000	-0.033513	-54.420316
745	0.032515	75000	-0.033514	-54.453830
746	0.032196	75000	-0.033127	-54.486957
747	0.031879	75000	-0.033116	-54.520073
748	0.031563	75000	-0.032816	-54.552889
749	0.031250	75000	-0.032798	-54.585687
750	0.030938	75000	-0.032531	-54.618219
751	0.030629	75000	-0.032353	-54.650571
752	0.030321	75000	-0.032142	-54.682713
753	0.030015	75000	-0.032195	-54.714908
754	0.029711	75000	-0.032005	-54.746913
755	0.029409	75000	-0.031717	-54.778630
756	0.029108	75000	-0.031675	-54.810305
757	0.028810	75000	-0.031411	-54.841716
758	0.028513	75000	-0.031238	-54.872954
759	0.028218	75000	-0.031122	-54.904077
760	0.027925	75000	-0.030990	-54.935066
761	0.027634	75000	-0.030852	-54.965918
762	0.027345	75000	-0.030575	-54.996493
763	0.027057	75000	-0.030439	-55.026933
764	0.026771	75000	-0.030237	-55.057170
765	0.026487	75000	-0.030273	-55.087443
766	0.026205	75000	-0.029987	-55.117430
767	0.025925	75000	-0.029753	-55.147183
768	0.025647	75000	-0.029541	-55.176724
769	0.025370	75000	-0.029227	-55.205952
770	0.025095	75000	-0.029223	-55.235175
771	0.024822	75000	-0.028957	-55.264131
772	0.024551	75000	-0.029079	-55.293210
773	0.024281	75000	-0.028821	-55.322031
774	0.024014	75000	-0.028528	-55.350559
775	0.023748	75000	-0.028486	-55.379045
776	0.023483	75000	-0.028250	-55.407294
777	0.023221	75000	-0.028259	-55.435553
778	0.022960	75000	-0.027966	-55.463519
779	0.022702	75000	-0.027903	-55.491422
780	0.022445	75000	-0.027803	-55.519225
781	0.022189	75000	-0.027520	-55.546745
782	0.021936	75000	-0.027327	-55.574072
783	0.021684	75000	-0.026908	-55.600980
784	0.021434	75000	-0.026897	-55.627876
785	0.021185	75000	-0.026842	-55.654718
786	0.020939	75000	-0.026561	-55.681279
787	0.020694	75000	-0.026443	-55.707721
788	0.020451	75000	-0.026246	-55.733967
789	0.020209	75000	-0.026225	-55.760192
790	0.019969	75000	-0.025980	-55.786172
791	0.019731	75000	-0.025881	-55.812053
792	0.019495	75000	-0.025524	-55.837577
793	0.019261	75000	-0.025446	-55.863023
794	0.019028	75000	-0.025267	-55.888290
795	0.018796	75000	-0.025208	-55.913497
796	0.018567	75000	-0.024974	-55.938472
797	0.018339	75000	-0.024820	-55.963292
798	0.018113	75000	-0.024486	-55.987778
799	0.017889	75000	-0.024534	-56.012312
800	0.017666	75000	-0.024291	-56.036603
801	0.017445	75000	-0.024179	-56.060782
802	0.017225	75000	-0.024003	-56.084786
803	0.017007	75000	-0.023825	-56.108611
804	0.016791	75000	-0.023792	-56.132403
805	0.016577	75000	-0.023478	-56.155881
806	0.016364	75000	-0.023376	-56.179256
807	0.016153	75000	-0.023201	-56.202457
808	0.015943	75000	-0.023013	-56.225470
809	0.015736	75000	-0.022900	-56.248371
810	0.015529	75000	-0.022670	-56.271041
811	0.015325	75000	-0.022508	-56.293549
812	0.015122	75000	-0.022336	-56.315886
813	0.014920	75000	-0.022250	-56.338135
814	0.014721	75000	-0.021990	-56.360126
815	0.014523	75000	-0.021852	-56.381978
816	0.014326	75000	-0.021669	-56.403647
817	0.014131	75000	-0.021487	-56.425135
818	0.013938	75000	-0.021310	-56.446444
819	0.013746	75000	-0.021159	-56.467603
820	0.013556	75000	-0.021023	-56.488626
821	0.013367	75000	-0.020922	-56.509548
822	0.013181	75000	-0.020731	-56.530279
823	0.012995	75000	-0.020475	-56.550754
824	0.012811	75000	-0.020367	-56.571121
825	0.012629	75000	-0.020208	-56.591329
826	0.012448	75000	-0.019973	-56.611302
827	0.012269	75000	-0.019837	-56.631139
828	0.012092	75000	-0.019708	-56.650847
829	0.011916	75000	-0.019591	-56.670437
830	0.011741	75000	-0.019328	-56.689765
831	0.011568	75000	-0.019280	-56.709045
832	0.011397	75000	-0.019049	-56.728094
833	0.011227	75000	-0.018895	-56.746989
834	0.011059	75000	-0.018731	-56.765720
835	0.010892	75000	-0.018562	-56.784281
836	0.010727	75000	-0.018439	-56.802720
837	0.010563	75000	-0.018258	-56.820978
838	0.010401	75000	-0.018067	-56.839046
839	0.010240	75000	-0.017958	-56.857003
840	0.010081	75000	-0.017777	-56.874781
841	0.009923	75000	-0.017597	-56.892377
842	0.009767	75000	-0.017536	-56.909913
843	0.009612	75000	-0.017277	-56.927190
844	0.009459	75000	-0.017159	-56.944349
845	0.009307	75000	-0.016992	-56.961341
846	0.009156	75000	-0.016778	-56.978118
847	0.009008	75000	-0.016707	-56.994825
848	0.008860	75000	-0.016477	-57.011302
849	0.008714	75000	-0.016346	-57.027647
850	0.008570	75000	-0.016212	-57.043859
851	0.008427	75000	-0.016065	-57.059924
852	0.008285	75000	-0.015927	-57.075852
853	0.008145	75000	-0.015712	-57.091564
854	0.008006	75000	-0.015515	-57.107078
855	0.007869	75000	-0.015399	-57.122477
856	0.007733	75000	-0.015318	-57.137795
857	0.007598	75000	-0.015046	-57.152841
858	0.007465	75000	-0.015003	-57.167844
859	0.007334	75000	-0.014791	-57.182636
860	0.007203	75000	-0.014679	-57.197315
861	0.007075	75000	-0.014579	-57.211894
862	0.006947	75000	-0.014332	-57.226226
863	0.006821	75000	-0.014191	-57.240417
864	0.006696	75000	-0.014089	-57.254506
865	0.006573	75000	-0.013949	-57.268455
866	0.006451	75000	-0.013730	-57.282185
867	0.006330	75000	-0.013643	-57.295828
868	0.006211	75000	-0.013454	-57.309283
869	0.006093	75000	-0.013269	-57.322552
870	0.005977	75000	-0.013191	-57.335742
871	0.005862	75000	-0.012994	-57.348737
872	0.005748	75000	-0.012857	-57.361594
873	0.005635	75000	-0.012711	-57.374305
874	0.005524	75000	-0.012540	-57.386846
875	0.005414	75000	-0.012390	-57.399236
876	0.005306	75000	-0.012320	-57.411556
877	0.005199	75000	-0.012050	-57.423607
878	0.005093	75000	-0.011997	-57.435603
879	0.004988	75000	-0.011845	-57.447449
880	0.004885	75000	-0.011656	-57.459104
881	0.004783	75000	-0.011519	-57.470623
882	0.004682	75000	-0.011407	-57.482030
883	0.004583	75000	-0.011241	-57.493271
884	0.004485	75000	-0.011117	-57.504388
885	0.004388	75000	-0.010934	-57.515322
886	0.004292	75000	-0.010842	-57.526164
887	0.004198	75000	-0.010742	-57.536906
888	0.004105	75000	-0.010552	-57.547458
889	0.004013	75000	-0.010415	-57.557873
890	0.003923	75000	-0.010307	-57.568180
891	0.003833	75000	-0.010143	-57.578323
892	0.003745	75000	-0.009993	-57.588316
893	0.003658	75000	-0.009880	-57.598195
894	0.003573	75000	-0.009762	-57.607957
895	0.003488	75000	-0.009602	-57.617559
896	0.003405	75000	-0.009453	-57.627012
897	0.003323	75000	-0.009289	-57.636301
898	0.003242	75000	-0.009204	-57.645505
899	0.003162	75000	-0.009065	-57.654570
900	0.003084	75000	-0.008916	-57.663486
901	0.003007	75000	-0.008836	-57.672322
902	0.002930	75000	-0.008639	-57.680961
903	0.002855	75000	-0.008510	-57.689471
904	0.002782	75000	-0.008407	-57.697877
905	0.002709	75000	-0.008274	-57.706151
906	0.002638	75000	-0.008157	-57.714308
907	0.002567	75000	-0.007995	-57.722303
908	0.002498	75000	-0.007875	-57.730179
909	0.002430	75000	-0.007733	-57.737912
910	0.002363	75000	-0.007638	-57.745550
911	0.002297	75000	-0.007488	-57.753037
912	0.002233	75000	-0.007386	-57.760423
913	0.002169	75000	-0.007251	-57.767674
914	0.002106	75000	-0.007147	-57.774821
915	0.002045	75000	-0.007016	-57.781836
916	0.001985	75000	-0.006895	-57.788731
917	0.001925	75000	-0.006735	-57.795466
918	0.001867	75000	-0.006617	-57.802083
919	0.001810	75000	-0.006506	-57.808590
920	0.001754	75000	-0.006398	-57.814988
921	0.001699	75000	-0.006265	-57.821253
922	0.001645	75000	-0.006156	-57.827409
923	0.001592	75000	-0.006056	-57.833465
924	0.001540	75000	-0.005932	-57.839397
925	0.001490	75000	-0.005805	-57.845202
926	0.001440	75000	-0.005683	-57.850885
927	0.001391	75000	-0.005570	-57.856455
928	0.001343	75000	-0.005460	-57.861914
929	0.001296	75000	-0.005370	-57.867284
930	0.001251	75000	-0.005234	-57.872518
931	0.001206	75000	-0.005118	-57.877636
932	0.001162	75000	-0.005010	-57.882646
933	0.001119	75000	-0.004892	-57.887538
934	0.001077	75000	-0.004795	-57.892333
935	0.001036	75000	-0.004691	-57.897024
936	0.000996	75000	-0.004580	-57.901604
937	0.000957	75000	-0.004477	-57.906081
938	0.000919	75000	-0.004374	-57.910455
939	0.000882	75000	-0.004251	-57.914706
940	0.000846	75000	-0.004164	-57.918870
941	0.000810	75000	-0.004040	-57.922910
942	0.000776	75000	-0.003959	-57.926869
943	0.000742	75000	-0.003862	-57.930731
944	0.000709	75000	-0.003726	-57.934457
945	0.000678	75000	-0.003634	-57.938091
946	0.000647	75000	-0.003541	-57.941632
947	0.000617	75000	-0.003443	-57.945074
948	0.000587	75000	-0.003346	-57.948420
949	0.000559	75000	-0.003256	-57.951676
950	0.000531	75000	-0.003148	-57.954824
951	0.000505	75000	-0.003053	-57.957877
952	0.000479	75000	-0.002969	-57.960846
953	0.000454	75000	-0.002864	-57.963709
954	0.000430	75000	-0.002782	-57.966492
955	0.000406	75000	-0.002688	-57.969179
956	0.000383	75000	-0.002596	-57.971776
957	0.000362	75000	-0.002515	-57.974291
958	0.000340	75000	-0.002428	-57.976719
959	0.000320	75000	-0.002336	-57.979055
960	0.000300	75000	-0.002252	-57.981307
961	0.000281	75000	-0.002165	-57.983472
962	0.000263	75000	-0.002079	-57.985552
963	0.000246	75000	-0.001997	-57.987548
964	0.000229	75000	-0.001918	-57.989467
965	0.000213	75000	-0.001835	-57.991301
966	0.000198	75000	-0.001758	-57.993059
967	0.000183	75000	-0.001682	-57.994741
968	0.000169	75000	-0.001601	-57.996342
969	0.000156	75000	-0.001528	-57.997870
970	0.000143	75000	-0.001454	-57.999324
971	0.000131	75000	-0.001379	-58.000704
972	0.000120	75000	-0.001303	-58.002006
973	0.000109	75000	-0.001233	-58.003239
974	0.000099	75000	-0.001164	-58.004403
975	0.000089	75000	-0.001099	-58.005502
976	0.000080	75000	-0.001032	-58.006534
977	0.000072	75000	-0.000966	-58.007500
978	0.000064	75000	-0.000905	-58.008405
979	0.000057	75000	-0.000841	-58.009246
980	0.000050	75000	-0.000782	-58.010027
981	0.000043	75000	-0.000722	-58.010749
982	0.000038	75000	-0.000662	-58.011412
983	0.000032	75000	-0.000608	-58.012020
984	0.000028	75000	-0.000554	-58.012574
985	0.000023	75000	-0.000502	-58.013076
986	0.000019	75000	-0.000451	-58.013527
987	0.000016	75000	-0.000401	-58.013928
988	0.000013	75000	-0.000354	-58.014282
989	0.000010	75000	-0.000308	-58.014590
990	0.000008	75000	-0.000267	-58.014857
991	0.000006	75000	-0.000225	-58.015082
992	0.000004	75000	-0.000186	-58.015268
993	0.000003	75000	-0.000150	-58.015418
994	0.000002	75000	-0.000117	-58.015535
995	0.000001	75000	-0.000086	-58.015622
996	0.000000	75000	-0.000060	-58.015681
997	0.000000	75000	-0.000036	-58.015717
998	0.000000	75000	-0.000017	-58.015734
999	0.000000	75000	-0.000004	-58.015738
Log marginal likelihood:	-58.015738
