Steppingstone sampler:
        No Stones:                  1000
        Start It:                   10000001
        It Per Stone:               100000
        Sample Freq:                1
        Dist:                       Beta(0.400000,1.000000)
Stone No	Power	N	Stone MLh	Running MLh
0	0.997502	75000	-0.493912	-0.493912
1	0.995007	75000	-0.493268	-0.987180
2	0.992517	75000	-0.492497	-1.479676
3	0.990030	75000	-0.491729	-1.971406
4	0.987547	75000	-0.491085	-2.462490
5	0.985067	75000	-0.490334	-2.952825
6	0.982592	75000	-0.489584	-3.442409
7	0.980120	75000	-0.488804	-3.931213
8	0.977652	75000	-0.488105	-4.419318
9	0.975187	75000	-0.487362	-4.906680
10	0.972726	75000	-0.486638	-5.393318
11	0.970269	75000	-0.485923	-5.879242
12	0.967816	75000	-0.485193	-6.364434
13	0.965367	75000	-0.484471	-6.848905
14	0.962921	75000	-0.483765	-7.332670
15	0.960479	75000	-0.482932	-7.815602
16	0.958040	75000	-0.482292	-8.297894
17	0.955606	75000	-0.481563	-8.779457
18	0.953175	75000	-0.480792	-9.260249
19	0.950747	75000	-0.480034	-9.740283
20	0.948324	75000	-0.479369	-10.219652
21	0.945904	75000	-0.478644	-10.698296
22	0.943488	75000	-0.477885	-11.176181
23	0.941076	75000	-0.477200	-11.653381
24	0.938667	75000	-0.476449	-12.129830
25	0.936262	75000	-0.475736	-12.605566
26	0.933861	75000	-0.475033	-13.080598
27	0.931463	75000	-0.474309	-13.554907
28	0.929069	75000	-0.473562	-14.028469
29	0.926679	75000	-0.472856	-14.501325
30	0.924293	75000	-0.472108	-14.973433
31	0.921910	75000	-0.471354	-15.444788
32	0.919531	75000	-0.470604	-15.915391
33	0.917155	75000	-0.469942	-16.385333
34	0.914783	75000	-0.469139	-16.854473
35	0.912415	75000	-0.468506	-17.322979
36	0.910051	75000	-0.467805	-17.790784
37	0.907690	75000	-0.466999	-18.257782
38	0.905333	75000	-0.466277	-18.724060
39	0.902980	75000	-0.465568	-19.189628
40	0.900630	75000	-0.464806	-19.654434
41	0.898284	75000	-0.464251	-20.118685
42	0.895942	75000	-0.463448	-20.582133
43	0.893603	75000	-0.462721	-21.044854
44	0.891268	75000	-0.462035	-21.506889
45	0.888937	75000	-0.461260	-21.968149
46	0.886609	75000	-0.460565	-22.428713
47	0.884285	75000	-0.459852	-22.888566
48	0.881965	75000	-0.459142	-23.347708
49	0.879648	75000	-0.458407	-23.806116
50	0.877335	75000	-0.457705	-24.263821
51	0.875026	75000	-0.456980	-24.720801
52	0.872720	75000	-0.456293	-25.177094
53	0.870418	75000	-0.455593	-25.632687
54	0.868120	75000	-0.454792	-26.087479
55	0.865825	75000	-0.454156	-26.541635
56	0.863534	75000	-0.453492	-26.995126
57	0.861246	75000	-0.452699	-27.447826
58	0.858962	75000	-0.452051	-27.899877
59	0.856682	75000	-0.451307	-28.351184
60	0.854405	75000	-0.450543	-28.801727
61	0.852132	75000	-0.449887	-29.251614
62	0.849863	75000	-0.449100	-29.700714
63	0.847597	75000	-0.448462	-30.149175
64	0.845335	75000	-0.447733	-30.596908
65	0.843077	75000	-0.446994	-31.043902
66	0.840822	75000	-0.446269	-31.490171
67	0.838571	75000	-0.445588	-31.935759
68	0.836323	75000	-0.444935	-32.380694
69	0.834079	75000	-0.444077	-32.824772
70	0.831839	75000	-0.443489	-33.268261
71	0.829602	75000	-0.442740	-33.711001
72	0.827369	75000	-0.442003	-34.153003
73	0.825140	75000	-0.441355	-34.594359
74	0.822914	75000	-0.440657	-35.035015
75	0.820691	75000	-0.439930	-35.474945
76	0.818473	75000	-0.439295	-35.914240
77	0.816258	75000	-0.438581	-36.352822
78	0.814046	75000	-0.437843	-36.790665
79	0.811838	75000	-0.437130	-37.227795
80	0.809634	75000	-0.436443	-37.664238
81	0.807433	75000	-0.435652	-38.099890
82	0.805236	75000	-0.434992	-38.534882
83	0.803043	75000	-0.434346	-38.969228
84	0.800853	75000	-0.433580	-39.402808
85	0.798667	75000	-0.432918	-39.835726
86	0.796484	75000	-0.432198	-40.267924
87	0.794305	75000	-0.431509	-40.699433
88	0.792129	75000	-0.430765	-41.130198
89	0.789957	75000	-0.430041	-41.560239
90	0.787789	75000	-0.429395	-41.989633
91	0.785624	75000	-0.428687	-42.418320
92	0.783463	75000	-0.427933	-42.846253
93	0.781305	75000	-0.427305	-43.273558
94	0.779151	75000	-0.426608	-43.700166
95	0.777000	75000	-0.425863	-44.126029
96	0.774853	75000	-0.425180	-44.551209
97	0.772710	75000	-0.424496	-44.975705
98	0.770570	75000	-0.423785	-45.399490
99	0.768433	75000	-0.423074	-45.822564
100	0.766301	75000	-0.422451	-46.245015
101	0.764172	75000	-0.421683	-46.666698
102	0.762046	75000	-0.420996	-47.087693
103	0.759924	75000	-0.420300	-47.507993
104	0.757805	75000	-0.419614	-47.927607
105	0.755690	75000	-0.418939	-48.346546
106	0.753579	75000	-0.418211	-48.764757
107	0.751471	75000	-0.417488	-49.182245
108	0.749366	75000	-0.416821	-49.599067
109	0.747266	75000	-0.416160	-50.015227
110	0.745168	75000	-0.415494	-50.430721
111	0.743075	75000	-0.414685	-50.845405
112	0.740984	75000	-0.414033	-51.259439
113	0.738898	75000	-0.413359	-51.672798
114	0.736815	75000	-0.412608	-52.085406
115	0.734735	75000	-0.412022	-52.497428
116	0.732659	75000	-0.411286	-52.908714
117	0.730586	75000	-0.410572	-53.319286
118	0.728517	75000	-0.409969	-53.729255
119	0.726452	75000	-0.409178	-54.138432
120	0.724390	75000	-0.408595	-54.547028
121	0.722331	75000	-0.407812	-54.954840
122	0.720276	75000	-0.407181	-55.362021
123	0.718225	75000	-0.406525	-55.768546
124	0.716177	75000	-0.405735	-56.174281
125	0.714132	75000	-0.405099	-56.579381
126	0.712091	75000	-0.404475	-56.983855
127	0.710054	75000	-0.403713	-57.387568
128	0.708020	75000	-0.403073	-57.790641
129	0.705989	75000	-0.402396	-58.193037
130	0.703962	75000	-0.401711	-58.594748
131	0.701939	75000	-0.401059	-58.995807
132	0.699919	75000	-0.400330	-59.396136
133	0.697902	75000	-0.399691	-59.795827
134	0.695889	75000	-0.399017	-60.194845
135	0.693880	75000	-0.398202	-60.593046
136	0.691874	75000	-0.397558	-60.990604
137	0.689871	75000	-0.396812	-61.387416
138	0.687872	75000	-0.396164	-61.783580
139	0.685877	75000	-0.395471	-62.179051
140	0.683885	75000	-0.394862	-62.573913
141	0.681896	75000	-0.394181	-62.968095
142	0.679911	75000	-0.393433	-63.361528
143	0.677929	75000	-0.392769	-63.754297
144	0.675951	75000	-0.392125	-64.146421
145	0.673976	75000	-0.391485	-64.537906
146	0.672005	75000	-0.390764	-64.928670
147	0.670037	75000	-0.390106	-65.318776
148	0.668073	75000	-0.389471	-65.708247
149	0.666112	75000	-0.388695	-66.096942
150	0.664155	75000	-0.388052	-66.484994
151	0.662201	75000	-0.387331	-66.872324
152	0.660250	75000	-0.386697	-67.259021
153	0.658303	75000	-0.386066	-67.645087
154	0.656359	75000	-0.385331	-68.030419
155	0.654419	75000	-0.384738	-68.415156
156	0.652483	75000	-0.384052	-68.799208
157	0.650549	75000	-0.383406	-69.182614
158	0.648619	75000	-0.382604	-69.565218
159	0.646693	75000	-0.382002	-69.947220
160	0.644770	75000	-0.381368	-70.328588
161	0.642851	75000	-0.380722	-70.709310
162	0.640934	75000	-0.380025	-71.089335
163	0.639022	75000	-0.379238	-71.468573
164	0.637113	75000	-0.378595	-71.847168
165	0.635207	75000	-0.377975	-72.225143
166	0.633304	75000	-0.377279	-72.602422
167	0.631405	75000	-0.376617	-72.979039
168	0.629510	75000	-0.375946	-73.354985
169	0.627618	75000	-0.375321	-73.730306
170	0.625729	75000	-0.374614	-74.104919
171	0.623844	75000	-0.373927	-74.478846
172	0.621962	75000	-0.373240	-74.852086
173	0.620083	75000	-0.372592	-75.224678
174	0.618208	75000	-0.371934	-75.596612
175	0.616337	75000	-0.371250	-75.967862
176	0.614468	75000	-0.370625	-76.338487
177	0.612604	75000	-0.369918	-76.708405
178	0.610742	75000	-0.369269	-77.077674
179	0.608884	75000	-0.368569	-77.446243
180	0.607029	75000	-0.367915	-77.814158
181	0.605178	75000	-0.367351	-78.181508
182	0.603330	75000	-0.366622	-78.548130
183	0.601486	75000	-0.365986	-78.914117
184	0.599645	75000	-0.365286	-79.279402
185	0.597807	75000	-0.364652	-79.644054
186	0.595973	75000	-0.364011	-80.008065
187	0.594142	75000	-0.363285	-80.371350
188	0.592314	75000	-0.362733	-80.734083
189	0.590490	75000	-0.361969	-81.096052
190	0.588669	75000	-0.361300	-81.457352
191	0.586852	75000	-0.360664	-81.818017
192	0.585038	75000	-0.360043	-82.178060
193	0.583227	75000	-0.359427	-82.537487
194	0.581420	75000	-0.358657	-82.896144
195	0.579616	75000	-0.358054	-83.254198
196	0.577815	75000	-0.357455	-83.611653
197	0.576018	75000	-0.356742	-83.968395
198	0.574224	75000	-0.356108	-84.324503
199	0.572433	75000	-0.355451	-84.679954
200	0.570646	75000	-0.354813	-85.034767
201	0.568862	75000	-0.354095	-85.388862
202	0.567082	75000	-0.353418	-85.742280
203	0.565305	75000	-0.352821	-86.095101
204	0.563531	75000	-0.352077	-86.447178
205	0.561761	75000	-0.351522	-86.798700
206	0.559993	75000	-0.350783	-87.149482
207	0.558230	75000	-0.350191	-87.499673
208	0.556469	75000	-0.349595	-87.849268
209	0.554712	75000	-0.348889	-88.198157
210	0.552958	75000	-0.348246	-88.546403
211	0.551208	75000	-0.347636	-88.894038
212	0.549461	75000	-0.346873	-89.240911
213	0.547717	75000	-0.346247	-89.587158
214	0.545977	75000	-0.345658	-89.932816
215	0.544240	75000	-0.344962	-90.277778
216	0.542506	75000	-0.344300	-90.622078
217	0.540775	75000	-0.343772	-90.965850
218	0.539048	75000	-0.342988	-91.308838
219	0.537324	75000	-0.342391	-91.651229
220	0.535604	75000	-0.341753	-91.992982
221	0.533887	75000	-0.341191	-92.334173
222	0.532173	75000	-0.340470	-92.674644
223	0.530462	75000	-0.339841	-93.014484
224	0.528755	75000	-0.339138	-93.353623
225	0.527051	75000	-0.338530	-93.692152
226	0.525350	75000	-0.337829	-94.029981
227	0.523653	75000	-0.337268	-94.367250
228	0.521958	75000	-0.336534	-94.703784
229	0.520268	75000	-0.335904	-95.039688
230	0.518580	75000	-0.335279	-95.374966
231	0.516896	75000	-0.334677	-95.709643
232	0.515215	75000	-0.333941	-96.043584
233	0.513537	75000	-0.333328	-96.376913
234	0.511863	75000	-0.332661	-96.709573
235	0.510192	75000	-0.332060	-97.041633
236	0.508524	75000	-0.331471	-97.373104
237	0.506859	75000	-0.330781	-97.703885
238	0.505198	75000	-0.330180	-98.034066
239	0.503540	75000	-0.329545	-98.363611
240	0.501885	75000	-0.328926	-98.692537
241	0.500234	75000	-0.328273	-99.020810
242	0.498586	75000	-0.327534	-99.348343
243	0.496941	75000	-0.326950	-99.675294
244	0.495299	75000	-0.326329	-100.001623
245	0.493660	75000	-0.325706	-100.327329
246	0.492025	75000	-0.325111	-100.652439
247	0.490393	75000	-0.324467	-100.976907
248	0.488765	75000	-0.323755	-101.300662
249	0.487139	75000	-0.323175	-101.623837
250	0.485517	75000	-0.322527	-101.946364
251	0.483898	75000	-0.321903	-102.268267
252	0.482283	75000	-0.321315	-102.589582
253	0.480670	75000	-0.320611	-102.910193
254	0.479061	75000	-0.320038	-103.230231
255	0.477455	75000	-0.319302	-103.549533
256	0.475852	75000	-0.318726	-103.868259
257	0.474253	75000	-0.318107	-104.186365
258	0.472656	75000	-0.317465	-104.503830
259	0.471063	75000	-0.316888	-104.820718
260	0.469474	75000	-0.316190	-105.136909
261	0.467887	75000	-0.315562	-105.452471
262	0.466304	75000	-0.314917	-105.767388
263	0.464723	75000	-0.314353	-106.081741
264	0.463146	75000	-0.313665	-106.395405
265	0.461573	75000	-0.313079	-106.708484
266	0.460002	75000	-0.312480	-107.020965
267	0.458435	75000	-0.311852	-107.332817
268	0.456871	75000	-0.311153	-107.643970
269	0.455310	75000	-0.310599	-107.954569
270	0.453752	75000	-0.309941	-108.264510
271	0.452198	75000	-0.309261	-108.573772
272	0.450647	75000	-0.308674	-108.882446
273	0.449098	75000	-0.308105	-109.190551
274	0.447554	75000	-0.307479	-109.498030
275	0.446012	75000	-0.306806	-109.804836
276	0.444473	75000	-0.306196	-110.111032
277	0.442938	75000	-0.305476	-110.416508
278	0.441406	75000	-0.304936	-110.721444
279	0.439877	75000	-0.304339	-111.025783
280	0.438351	75000	-0.303749	-111.329532
281	0.436829	75000	-0.303176	-111.632708
282	0.435309	75000	-0.302515	-111.935223
283	0.433793	75000	-0.301802	-112.237025
284	0.432280	75000	-0.301236	-112.538261
285	0.430770	75000	-0.300554	-112.838814
286	0.429263	75000	-0.299975	-113.138789
287	0.427760	75000	-0.299459	-113.438248
288	0.426259	75000	-0.298762	-113.737010
289	0.424762	75000	-0.298184	-114.035195
290	0.423268	75000	-0.297422	-114.332617
291	0.421777	75000	-0.296881	-114.629498
292	0.420289	75000	-0.296358	-114.925857
293	0.418805	75000	-0.295686	-115.221543
294	0.417323	75000	-0.295077	-115.516620
295	0.415845	75000	-0.294398	-115.811018
296	0.414370	75000	-0.293869	-116.104887
297	0.412898	75000	-0.293246	-116.398133
298	0.411429	75000	-0.292608	-116.690742
299	0.409963	75000	-0.291986	-116.982728
300	0.408501	75000	-0.291410	-117.274138
301	0.407041	75000	-0.290871	-117.565009
302	0.405585	75000	-0.290109	-117.855118
303	0.404132	75000	-0.289643	-118.144761
304	0.402682	75000	-0.288978	-118.433740
305	0.401235	75000	-0.288322	-118.722061
306	0.399791	75000	-0.287754	-119.009815
307	0.398350	75000	-0.287012	-119.296827
308	0.396913	75000	-0.286543	-119.583370
309	0.395478	75000	-0.285820	-119.869190
310	0.394047	75000	-0.285276	-120.154466
311	0.392619	75000	-0.284688	-120.439154
312	0.391194	75000	-0.284058	-120.723212
313	0.389772	75000	-0.283375	-121.006587
314	0.388353	75000	-0.282852	-121.289438
315	0.386937	75000	-0.282206	-121.571644
316	0.385524	75000	-0.281728	-121.853373
317	0.384115	75000	-0.281044	-122.134417
318	0.382708	75000	-0.280347	-122.414764
319	0.381305	75000	-0.279864	-122.694628
320	0.379904	75000	-0.279252	-122.973879
321	0.378507	75000	-0.278601	-123.252480
322	0.377113	75000	-0.278068	-123.530549
323	0.375722	75000	-0.277406	-123.807955
324	0.374334	75000	-0.276857	-124.084812
325	0.372949	75000	-0.276285	-124.361098
326	0.371567	75000	-0.275663	-124.636761
327	0.370189	75000	-0.275098	-124.911859
328	0.368813	75000	-0.274557	-125.186416
329	0.367440	75000	-0.273894	-125.460310
330	0.366071	75000	-0.273197	-125.733507
331	0.364705	75000	-0.272617	-126.006124
332	0.363341	75000	-0.272070	-126.278194
333	0.361981	75000	-0.271479	-126.549673
334	0.360624	75000	-0.270827	-126.820500
335	0.359269	75000	-0.270312	-127.090811
336	0.357918	75000	-0.269622	-127.360433
337	0.356570	75000	-0.269061	-127.629493
338	0.355225	75000	-0.268588	-127.898082
339	0.353883	75000	-0.267918	-128.165999
340	0.352544	75000	-0.267268	-128.433267
341	0.351208	75000	-0.266676	-128.699943
342	0.349875	75000	-0.266086	-128.966030
343	0.348546	75000	-0.265444	-129.231474
344	0.347219	75000	-0.264909	-129.496383
345	0.345895	75000	-0.264358	-129.760741
346	0.344574	75000	-0.263761	-130.024502
347	0.343257	75000	-0.263169	-130.287671
348	0.341942	75000	-0.262541	-130.550211
349	0.340630	75000	-0.261954	-130.812166
350	0.339322	75000	-0.261317	-131.073483
351	0.338016	75000	-0.260771	-131.334254
352	0.336714	75000	-0.260225	-131.594479
353	0.335414	75000	-0.259636	-131.854115
354	0.334118	75000	-0.259105	-132.113220
355	0.332824	75000	-0.258467	-132.371687
356	0.331534	75000	-0.257763	-132.629450
357	0.330246	75000	-0.257260	-132.886710
358	0.328962	75000	-0.256689	-133.143399
359	0.327680	75000	-0.256036	-133.399435
360	0.326401	75000	-0.255576	-133.655011
361	0.325126	75000	-0.254966	-133.909977
362	0.323853	75000	-0.254423	-134.164400
363	0.322584	75000	-0.253773	-134.418174
364	0.321317	75000	-0.253141	-134.671314
365	0.320054	75000	-0.252570	-134.923884
366	0.318793	75000	-0.252073	-135.175957
367	0.317536	75000	-0.251462	-135.427419
368	0.316281	75000	-0.250873	-135.678293
369	0.315030	75000	-0.250184	-135.928476
370	0.313781	75000	-0.249729	-136.178205
371	0.312535	75000	-0.249156	-136.427361
372	0.311293	75000	-0.248487	-136.675848
373	0.310053	75000	-0.248000	-136.923849
374	0.308816	75000	-0.247341	-137.171190
375	0.307582	75000	-0.246879	-137.418069
376	0.306352	75000	-0.246251	-137.664320
377	0.305124	75000	-0.245673	-137.909992
378	0.303899	75000	-0.245011	-138.155004
379	0.302677	75000	-0.244487	-138.399490
380	0.301458	75000	-0.243907	-138.643397
381	0.300242	75000	-0.243276	-138.886674
382	0.299029	75000	-0.242760	-139.129433
383	0.297819	75000	-0.242185	-139.371618
384	0.296611	75000	-0.241674	-139.613293
385	0.295407	75000	-0.241065	-139.854358
386	0.294206	75000	-0.240564	-140.094922
387	0.293007	75000	-0.239998	-140.334920
388	0.291812	75000	-0.239432	-140.574352
389	0.290619	75000	-0.238832	-140.813184
390	0.289430	75000	-0.238264	-141.051447
391	0.288243	75000	-0.237701	-141.289148
392	0.287059	75000	-0.237000	-141.526149
393	0.285879	75000	-0.236613	-141.762762
394	0.284701	75000	-0.236002	-141.998764
395	0.283526	75000	-0.235411	-142.234174
396	0.282354	75000	-0.234927	-142.469101
397	0.281184	75000	-0.234255	-142.703357
398	0.280018	75000	-0.233754	-142.937110
399	0.278855	75000	-0.233109	-143.170220
400	0.277694	75000	-0.232615	-143.402835
401	0.276537	75000	-0.231995	-143.634829
402	0.275382	75000	-0.231409	-143.866239
403	0.274230	75000	-0.230916	-144.097154
404	0.273082	75000	-0.230353	-144.327507
405	0.271936	75000	-0.229780	-144.557287
406	0.270793	75000	-0.229156	-144.786444
407	0.269652	75000	-0.228770	-145.015214
408	0.268515	75000	-0.228050	-145.243265
409	0.267381	75000	-0.227444	-145.470708
410	0.266249	75000	-0.227001	-145.697709
411	0.265121	75000	-0.226460	-145.924169
412	0.263995	75000	-0.225847	-146.150016
413	0.262872	75000	-0.225401	-146.375417
414	0.261752	75000	-0.224823	-146.600241
415	0.260635	75000	-0.224153	-146.824394
416	0.259520	75000	-0.223646	-147.048040
417	0.258409	75000	-0.223083	-147.271123
418	0.257300	75000	-0.222519	-147.493642
419	0.256195	75000	-0.221972	-147.715614
420	0.255092	75000	-0.221380	-147.936994
421	0.253992	75000	-0.220874	-148.157868
422	0.252895	75000	-0.220322	-148.378190
423	0.251800	75000	-0.219732	-148.597922
424	0.250709	75000	-0.219152	-148.817074
425	0.249620	75000	-0.218691	-149.035765
426	0.248534	75000	-0.218149	-149.253914
427	0.247451	75000	-0.217609	-149.471522
428	0.246371	75000	-0.217006	-149.688529
429	0.245294	75000	-0.216537	-149.905066
430	0.244220	75000	-0.215934	-150.121000
431	0.243148	75000	-0.215425	-150.336424
432	0.242079	75000	-0.214884	-150.551309
433	0.241013	75000	-0.214322	-150.765630
434	0.239950	75000	-0.213646	-150.979276
435	0.238890	75000	-0.213196	-151.192472
436	0.237832	75000	-0.212631	-151.405103
437	0.236778	75000	-0.212076	-151.617179
438	0.235726	75000	-0.211584	-151.828763
439	0.234677	75000	-0.211010	-152.039772
440	0.233630	75000	-0.210364	-152.250137
441	0.232587	75000	-0.209844	-152.459981
442	0.231546	75000	-0.209375	-152.669356
443	0.230509	75000	-0.208780	-152.878136
444	0.229473	75000	-0.208198	-153.086334
445	0.228441	75000	-0.207747	-153.294081
446	0.227412	75000	-0.207137	-153.501217
447	0.226385	75000	-0.206651	-153.707868
448	0.225361	75000	-0.206084	-153.913953
449	0.224340	75000	-0.205594	-154.119546
450	0.223322	75000	-0.205055	-154.324601
451	0.222306	75000	-0.204611	-154.529212
452	0.221293	75000	-0.203976	-154.733189
453	0.220283	75000	-0.203403	-154.936591
454	0.219276	75000	-0.202883	-155.139475
455	0.218272	75000	-0.202311	-155.341786
456	0.217270	75000	-0.201733	-155.543519
457	0.216271	75000	-0.201403	-155.744922
458	0.215275	75000	-0.200708	-155.945629
459	0.214281	75000	-0.200132	-156.145762
460	0.213291	75000	-0.199683	-156.345445
461	0.212303	75000	-0.199232	-156.544677
462	0.211318	75000	-0.198533	-156.743209
463	0.210335	75000	-0.198170	-156.941380
464	0.209356	75000	-0.197513	-157.138893
465	0.208379	75000	-0.197061	-157.335953
466	0.207404	75000	-0.196485	-157.532439
467	0.206433	75000	-0.196071	-157.728510
468	0.205464	75000	-0.195516	-157.924026
469	0.204498	75000	-0.195031	-158.119058
470	0.203535	75000	-0.194460	-158.313518
471	0.202575	75000	-0.193840	-158.507358
472	0.201617	75000	-0.193411	-158.700769
473	0.200662	75000	-0.192921	-158.893690
474	0.199709	75000	-0.192456	-159.086146
475	0.198760	75000	-0.191801	-159.277947
476	0.197813	75000	-0.191282	-159.469230
477	0.196869	75000	-0.190746	-159.659976
478	0.195927	75000	-0.190251	-159.850227
479	0.194988	75000	-0.189769	-160.039996
480	0.194052	75000	-0.189133	-160.229128
481	0.193119	75000	-0.188717	-160.417845
482	0.192188	75000	-0.188097	-160.605942
483	0.191260	75000	-0.187683	-160.793624
484	0.190335	75000	-0.187168	-160.980792
485	0.189412	75000	-0.186411	-161.167203
486	0.188492	75000	-0.186004	-161.353206
487	0.187575	75000	-0.185511	-161.538717
488	0.186660	75000	-0.185162	-161.723879
489	0.185749	75000	-0.184590	-161.908469
490	0.184839	75000	-0.184012	-162.092480
491	0.183933	75000	-0.183396	-162.275876
492	0.183029	75000	-0.182882	-162.458759
493	0.182128	75000	-0.182430	-162.641189
494	0.181229	75000	-0.181878	-162.823067
495	0.180333	75000	-0.181533	-163.004599
496	0.179440	75000	-0.181007	-163.185606
497	0.178550	75000	-0.180374	-163.365980
498	0.177662	75000	-0.179884	-163.545864
499	0.176777	75000	-0.179401	-163.725265
500	0.175894	75000	-0.178868	-163.904133
501	0.175014	75000	-0.178489	-164.082622
502	0.174137	75000	-0.177903	-164.260526
503	0.173262	75000	-0.177344	-164.437869
504	0.172390	75000	-0.176954	-164.614824
505	0.171521	75000	-0.176291	-164.791115
506	0.170654	75000	-0.175873	-164.966988
507	0.169790	75000	-0.175330	-165.142318
508	0.168929	75000	-0.174835	-165.317153
509	0.168070	75000	-0.174321	-165.491474
510	0.167214	75000	-0.173743	-165.665217
511	0.166360	75000	-0.173255	-165.838472
512	0.165509	75000	-0.172773	-166.011245
513	0.164661	75000	-0.172319	-166.183564
514	0.163815	75000	-0.171754	-166.355318
515	0.162972	75000	-0.171246	-166.526564
516	0.162132	75000	-0.170783	-166.697347
517	0.161294	75000	-0.170418	-166.867766
518	0.160458	75000	-0.169709	-167.037475
519	0.159626	75000	-0.169208	-167.206683
520	0.158796	75000	-0.168726	-167.375409
521	0.157968	75000	-0.168329	-167.543738
522	0.157143	75000	-0.167733	-167.711472
523	0.156321	75000	-0.167294	-167.878766
524	0.155501	75000	-0.166805	-168.045571
525	0.154684	75000	-0.166276	-168.211847
526	0.153870	75000	-0.165748	-168.377596
527	0.153058	75000	-0.165230	-168.542825
528	0.152248	75000	-0.164712	-168.707537
529	0.151441	75000	-0.164385	-168.871922
530	0.150637	75000	-0.163835	-169.035757
531	0.149835	75000	-0.163385	-169.199142
532	0.149036	75000	-0.162812	-169.361954
533	0.148240	75000	-0.162467	-169.524422
534	0.147446	75000	-0.161779	-169.686201
535	0.146654	75000	-0.161359	-169.847559
536	0.145865	75000	-0.160911	-170.008470
537	0.145079	75000	-0.160441	-170.168910
538	0.144295	75000	-0.160004	-170.328914
539	0.143514	75000	-0.159527	-170.488441
540	0.142735	75000	-0.158837	-170.647278
541	0.141959	75000	-0.158451	-170.805729
542	0.141186	75000	-0.157992	-170.963720
543	0.140415	75000	-0.157515	-171.121236
544	0.139646	75000	-0.157028	-171.278264
545	0.138880	75000	-0.156529	-171.434793
546	0.138116	75000	-0.156120	-171.590913
547	0.137356	75000	-0.155628	-171.746541
548	0.136597	75000	-0.155122	-171.901663
549	0.135841	75000	-0.154672	-172.056335
550	0.135088	75000	-0.154218	-172.210553
551	0.134337	75000	-0.153653	-172.364206
552	0.133588	75000	-0.153023	-172.517229
553	0.132843	75000	-0.152724	-172.669953
554	0.132099	75000	-0.152145	-172.822098
555	0.131358	75000	-0.151698	-172.973796
556	0.130620	75000	-0.151297	-173.125093
557	0.129884	75000	-0.150891	-173.275984
558	0.129151	75000	-0.150133	-173.426117
559	0.128420	75000	-0.149737	-173.575854
560	0.127691	75000	-0.149350	-173.725204
561	0.126965	75000	-0.148847	-173.874050
562	0.126242	75000	-0.148599	-174.022650
563	0.125521	75000	-0.148037	-174.170687
564	0.124802	75000	-0.147534	-174.318221
565	0.124086	75000	-0.147114	-174.465335
566	0.123373	75000	-0.146612	-174.611947
567	0.122662	75000	-0.146109	-174.758056
568	0.121953	75000	-0.145711	-174.903767
569	0.121247	75000	-0.145235	-175.049002
570	0.120543	75000	-0.144711	-175.193712
571	0.119842	75000	-0.144227	-175.337940
572	0.119143	75000	-0.143689	-175.481629
573	0.118447	75000	-0.143190	-175.624819
574	0.117753	75000	-0.142723	-175.767542
575	0.117062	75000	-0.142244	-175.909786
576	0.116373	75000	-0.141963	-176.051750
577	0.115686	75000	-0.141501	-176.193251
578	0.115002	75000	-0.141114	-176.334365
579	0.114320	75000	-0.140627	-176.474992
580	0.113641	75000	-0.140034	-176.615025
581	0.112964	75000	-0.139635	-176.754660
582	0.112290	75000	-0.139042	-176.893702
583	0.111618	75000	-0.138671	-177.032373
584	0.110948	75000	-0.138440	-177.170813
585	0.110281	75000	-0.137691	-177.308505
586	0.109616	75000	-0.137219	-177.445724
587	0.108954	75000	-0.136908	-177.582631
588	0.108294	75000	-0.136521	-177.719152
589	0.107637	75000	-0.135945	-177.855097
590	0.106981	75000	-0.135527	-177.990624
591	0.106329	75000	-0.135231	-178.125855
592	0.105678	75000	-0.134726	-178.260581
593	0.105030	75000	-0.134178	-178.394759
594	0.104385	75000	-0.133534	-178.528293
595	0.103742	75000	-0.133195	-178.661489
596	0.103101	75000	-0.132826	-178.794314
597	0.102463	75000	-0.132340	-178.926654
598	0.101827	75000	-0.131823	-179.058477
599	0.101193	75000	-0.131379	-179.189856
600	0.100562	75000	-0.131053	-179.320910
601	0.099933	75000	-0.130420	-179.451330
602	0.099306	75000	-0.130133	-179.581462
603	0.098682	75000	-0.129732	-179.711195
604	0.098060	75000	-0.129171	-179.840366
605	0.097441	75000	-0.128683	-179.969049
606	0.096824	75000	-0.128394	-180.097443
607	0.096209	75000	-0.127897	-180.225339
608	0.095596	75000	-0.127380	-180.352720
609	0.094986	75000	-0.126845	-180.479565
610	0.094379	75000	-0.126584	-180.606149
611	0.093773	75000	-0.126126	-180.732275
612	0.093170	75000	-0.125757	-180.858032
613	0.092570	75000	-0.125133	-180.983165
614	0.091971	75000	-0.124810	-181.107975
615	0.091375	75000	-0.124334	-181.232309
616	0.090781	75000	-0.124142	-181.356452
617	0.090190	75000	-0.123504	-181.479956
618	0.089601	75000	-0.123111	-181.603067
619	0.089014	75000	-0.122517	-181.725584
620	0.088430	75000	-0.122455	-181.848039
621	0.087848	75000	-0.121684	-181.969723
622	0.087268	75000	-0.121341	-182.091064
623	0.086690	75000	-0.120914	-182.211978
624	0.086115	75000	-0.120468	-182.332446
625	0.085542	75000	-0.120162	-182.452608
626	0.084971	75000	-0.119733	-182.572341
627	0.084403	75000	-0.119248	-182.691589
628	0.083837	75000	-0.118861	-182.810450
629	0.083273	75000	-0.118481	-182.928931
630	0.082712	75000	-0.117972	-183.046903
631	0.082152	75000	-0.117563	-183.164467
632	0.081595	75000	-0.117062	-183.281529
633	0.081041	75000	-0.116817	-183.398346
634	0.080488	75000	-0.116462	-183.514808
635	0.079938	75000	-0.115838	-183.630646
636	0.079390	75000	-0.115511	-183.746157
637	0.078845	75000	-0.115084	-183.861242
638	0.078301	75000	-0.114633	-183.975875
639	0.077760	75000	-0.114265	-184.090140
640	0.077221	75000	-0.113808	-184.203948
641	0.076684	75000	-0.113325	-184.317273
642	0.076150	75000	-0.112975	-184.430248
643	0.075618	75000	-0.112397	-184.542644
644	0.075088	75000	-0.112313	-184.654958
645	0.074560	75000	-0.111911	-184.766869
646	0.074035	75000	-0.111487	-184.878355
647	0.073512	75000	-0.110825	-184.989181
648	0.072991	75000	-0.110564	-185.099745
649	0.072472	75000	-0.110096	-185.209841
650	0.071955	75000	-0.109667	-185.319508
651	0.071441	75000	-0.109312	-185.428820
652	0.070929	75000	-0.108863	-185.537683
653	0.070419	75000	-0.108608	-185.646292
654	0.069911	75000	-0.108056	-185.754348
655	0.069406	75000	-0.107769	-185.862117
656	0.068903	75000	-0.107378	-185.969495
657	0.068401	75000	-0.106716	-186.076211
658	0.067903	75000	-0.106437	-186.182648
659	0.067406	75000	-0.106151	-186.288799
660	0.066911	75000	-0.105703	-186.394503
661	0.066419	75000	-0.105250	-186.499753
662	0.065929	75000	-0.104835	-186.604588
663	0.065441	75000	-0.104672	-186.709260
664	0.064955	75000	-0.103993	-186.813253
665	0.064471	75000	-0.103783	-186.917036
666	0.063990	75000	-0.103317	-187.020353
667	0.063510	75000	-0.102859	-187.123212
668	0.063033	75000	-0.102689	-187.225901
669	0.062558	75000	-0.102095	-187.327997
670	0.062085	75000	-0.101770	-187.429767
671	0.061615	75000	-0.101368	-187.531135
672	0.061146	75000	-0.101069	-187.632204
673	0.060680	75000	-0.100552	-187.732756
674	0.060216	75000	-0.100151	-187.832907
675	0.059753	75000	-0.099975	-187.932882
676	0.059293	75000	-0.099630	-188.032511
677	0.058836	75000	-0.099075	-188.131587
678	0.058380	75000	-0.098630	-188.230217
679	0.057926	75000	-0.098459	-188.328676
680	0.057475	75000	-0.097811	-188.426487
681	0.057025	75000	-0.097686	-188.524172
682	0.056578	75000	-0.097054	-188.621226
683	0.056133	75000	-0.096871	-188.718097
684	0.055690	75000	-0.096364	-188.814461
685	0.055249	75000	-0.096073	-188.910534
686	0.054810	75000	-0.095699	-189.006232
687	0.054373	75000	-0.095412	-189.101645
688	0.053939	75000	-0.094874	-189.196519
689	0.053506	75000	-0.094825	-189.291344
690	0.053076	75000	-0.094237	-189.385581
691	0.052647	75000	-0.094037	-189.479619
692	0.052221	75000	-0.093723	-189.573341
693	0.051797	75000	-0.093325	-189.666667
694	0.051375	75000	-0.092836	-189.759503
695	0.050955	75000	-0.092329	-189.851832
696	0.050537	75000	-0.092012	-189.943844
697	0.050121	75000	-0.091908	-190.035752
698	0.049707	75000	-0.091414	-190.127166
699	0.049295	75000	-0.091053	-190.218219
700	0.048885	75000	-0.090678	-190.308897
701	0.048478	75000	-0.090468	-190.399366
702	0.048072	75000	-0.089835	-190.489200
703	0.047668	75000	-0.089772	-190.578973
704	0.047267	75000	-0.089248	-190.668220
705	0.046867	75000	-0.088929	-190.757149
706	0.046470	75000	-0.088535	-190.845685
707	0.046074	75000	-0.088431	-190.934116
708	0.045681	75000	-0.087805	-191.021921
709	0.045289	75000	-0.087528	-191.109448
710	0.044900	75000	-0.087099	-191.196547
711	0.044512	75000	-0.086861	-191.283408
712	0.044127	75000	-0.086328	-191.369736
713	0.043744	75000	-0.085983	-191.455719
714	0.043362	75000	-0.085502	-191.541221
715	0.042983	75000	-0.085459	-191.626680
716	0.042606	75000	-0.085013	-191.711693
717	0.042230	75000	-0.084698	-191.796391
718	0.041857	75000	-0.084493	-191.880884
719	0.041485	75000	-0.084283	-191.965167
720	0.041116	75000	-0.083937	-192.049104
721	0.040749	75000	-0.083336	-192.132440
722	0.040383	75000	-0.083394	-192.215833
723	0.040020	75000	-0.082843	-192.298676
724	0.039658	75000	-0.082782	-192.381458
725	0.039299	75000	-0.082218	-192.463676
726	0.038941	75000	-0.081872	-192.545548
727	0.038585	75000	-0.081531	-192.627079
728	0.038232	75000	-0.081227	-192.708306
729	0.037880	75000	-0.080965	-192.789271
730	0.037530	75000	-0.080491	-192.869762
731	0.037182	75000	-0.080373	-192.950135
732	0.036836	75000	-0.080069	-193.030204
733	0.036493	75000	-0.079775	-193.109979
734	0.036151	75000	-0.079516	-193.189495
735	0.035810	75000	-0.079243	-193.268738
736	0.035472	75000	-0.078646	-193.347384
737	0.035136	75000	-0.078521	-193.425905
738	0.034802	75000	-0.078031	-193.503936
739	0.034469	75000	-0.078338	-193.582274
740	0.034139	75000	-0.077506	-193.659780
741	0.033810	75000	-0.077333	-193.737113
742	0.033484	75000	-0.077280	-193.814393
743	0.033159	75000	-0.076510	-193.890903
744	0.032836	75000	-0.076745	-193.967648
745	0.032515	75000	-0.076511	-194.044159
746	0.032196	75000	-0.076147	-194.120306
747	0.031879	75000	-0.076349	-194.196655
748	0.031563	75000	-0.075569	-194.272224
749	0.031250	75000	-0.075177	-194.347401
750	0.030938	75000	-0.074817	-194.422218
751	0.030629	75000	-0.074440	-194.496657
752	0.030321	75000	-0.074299	-194.570956
753	0.030015	75000	-0.074709	-194.645665
754	0.029711	75000	-0.074171	-194.719836
755	0.029409	75000	-0.073603	-194.793439
756	0.029108	75000	-0.073170	-194.866608
757	0.028810	75000	-0.073256	-194.939864
758	0.028513	75000	-0.072837	-195.012701
759	0.028218	75000	-0.072606	-195.085307
760	0.027925	75000	-0.072238	-195.157545
761	0.027634	75000	-0.071955	-195.229499
762	0.027345	75000	-0.072062	-195.301562
763	0.027057	75000	-0.071320	-195.372882
764	0.026771	75000	-0.071413	-195.444295
765	0.026487	75000	-0.071226	-195.515521
766	0.026205	75000	-0.070882	-195.586403
767	0.025925	75000	-0.070914	-195.657317
768	0.025647	75000	-0.070070	-195.727388
769	0.025370	75000	-0.069968	-195.797356
770	0.025095	75000	-0.069861	-195.867218
771	0.024822	75000	-0.070399	-195.937617
772	0.024551	75000	-0.069714	-196.007330
773	0.024281	75000	-0.069242	-196.076573
774	0.024014	75000	-0.069352	-196.145925
775	0.023748	75000	-0.069128	-196.215053
776	0.023483	75000	-0.068887	-196.283941
777	0.023221	75000	-0.068673	-196.352613
778	0.022960	75000	-0.068471	-196.421084
779	0.022702	75000	-0.068827	-196.489911
780	0.022445	75000	-0.068218	-196.558129
781	0.022189	75000	-0.067930	-196.626059
782	0.021936	75000	-0.067817	-196.693876
783	0.021684	75000	-0.068326	-196.762202
784	0.021434	75000	-0.067892	-196.830094
785	0.021185	75000	-0.068217	-196.898311
786	0.020939	75000	-0.067413	-196.965724
787	0.020694	75000	-0.067797	-197.033521
788	0.020451	75000	-0.067571	-197.101092
789	0.020209	75000	-0.067001	-197.168093
790	0.019969	75000	-0.067337	-197.235430
791	0.019731	75000	-0.067189	-197.302618
792	0.019495	75000	-0.067794	-197.370412
793	0.019261	75000	-0.067352	-197.437764
794	0.019028	75000	-0.067406	-197.505170
795	0.018796	75000	-0.066560	-197.571730
796	0.018567	75000	-0.066460	-197.638189
797	0.018339	75000	-0.067433	-197.705622
798	0.018113	75000	-0.066872	-197.772495
799	0.017889	75000	-0.068409	-197.840903
800	0.017666	75000	-0.066983	-197.907887
801	0.017445	75000	-0.067232	-197.975119
802	0.017225	75000	-0.067024	-198.042142
803	0.017007	75000	-0.066986	-198.109128
804	0.016791	75000	-0.067301	-198.176429
805	0.016577	75000	-0.066812	-198.243241
806	0.016364	75000	-0.067306	-198.310547
807	0.016153	75000	-0.067490	-198.378037
808	0.015943	75000	-0.066668	-198.444704
809	0.015736	75000	-0.066736	-198.511440
810	0.015529	75000	-0.069083	-198.580523
811	0.015325	75000	-0.068141	-198.648664
812	0.015122	75000	-0.070483	-198.719147
813	0.014920	75000	-0.068013	-198.787160
814	0.014721	75000	-0.069310	-198.856470
815	0.014523	75000	-0.070575	-198.927045
816	0.014326	75000	-0.070250	-198.997295
817	0.014131	75000	-0.070610	-199.067905
818	0.013938	75000	-0.071198	-199.139103
819	0.013746	75000	-0.071435	-199.210538
820	0.013556	75000	-0.072000	-199.282538
821	0.013367	75000	-0.072882	-199.355420
822	0.013181	75000	-0.071434	-199.426855
823	0.012995	75000	-0.070804	-199.497659
824	0.012811	75000	-0.072374	-199.570033
825	0.012629	75000	-0.074362	-199.644395
826	0.012448	75000	-0.074196	-199.718591
827	0.012269	75000	-0.076879	-199.795470
828	0.012092	75000	-0.077593	-199.873063
829	0.011916	75000	-0.077994	-199.951057
830	0.011741	75000	-0.081089	-200.032147
831	0.011568	75000	-0.079886	-200.112032
832	0.011397	75000	-0.081531	-200.193563
833	0.011227	75000	-0.079940	-200.273503
834	0.011059	75000	-0.081279	-200.354782
835	0.010892	75000	-0.082476	-200.437257
836	0.010727	75000	-0.085430	-200.522687
837	0.010563	75000	-0.084828	-200.607516
838	0.010401	75000	-0.087222	-200.694738
839	0.010240	75000	-0.093032	-200.787770
840	0.010081	75000	-0.089717	-200.877487
841	0.009923	75000	-0.090112	-200.967599
842	0.009767	75000	-0.092890	-201.060489
843	0.009612	75000	-0.094764	-201.155253
844	0.009459	75000	-0.093283	-201.248536
845	0.009307	75000	-0.094913	-201.343449
846	0.009156	75000	-0.096119	-201.439568
847	0.009008	75000	-0.100435	-201.540003
848	0.008860	75000	-0.095231	-201.635235
849	0.008714	75000	-0.095938	-201.731172
850	0.008570	75000	-0.101528	-201.832700
851	0.008427	75000	-0.103322	-201.936022
852	0.008285	75000	-0.103337	-202.039359
853	0.008145	75000	-0.104731	-202.144090
854	0.008006	75000	-0.104189	-202.248279
855	0.007869	75000	-0.105058	-202.353338
856	0.007733	75000	-0.106304	-202.459642
857	0.007598	75000	-0.102867	-202.562508
858	0.007465	75000	-0.105922	-202.668430
859	0.007334	75000	-0.103958	-202.772388
860	0.007203	75000	-0.109635	-202.882023
861	0.007075	75000	-0.106949	-202.988972
862	0.006947	75000	-0.109639	-203.098611
863	0.006821	75000	-0.109833	-203.208444
864	0.006696	75000	-0.109882	-203.318326
865	0.006573	75000	-0.108172	-203.426498
866	0.006451	75000	-0.107705	-203.534203
867	0.006330	75000	-0.106585	-203.640788
868	0.006211	75000	-0.108163	-203.748951
869	0.006093	75000	-0.108087	-203.857038
870	0.005977	75000	-0.105918	-203.962957
871	0.005862	75000	-0.109768	-204.072725
872	0.005748	75000	-0.110136	-204.182860
873	0.005635	75000	-0.107569	-204.290429
874	0.005524	75000	-0.107229	-204.397658
875	0.005414	75000	-0.106948	-204.504606
876	0.005306	75000	-0.105533	-204.610138
877	0.005199	75000	-0.105219	-204.715357
878	0.005093	75000	-0.104637	-204.819994
879	0.004988	75000	-0.103388	-204.923382
880	0.004885	75000	-0.102197	-205.025580
881	0.004783	75000	-0.101532	-205.127112
882	0.004682	75000	-0.101547	-205.228659
883	0.004583	75000	-0.100460	-205.329118
884	0.004485	75000	-0.100484	-205.429602
885	0.004388	75000	-0.098781	-205.528383
886	0.004292	75000	-0.098537	-205.626921
887	0.004198	75000	-0.097178	-205.724098
888	0.004105	75000	-0.096838	-205.820936
889	0.004013	75000	-0.095822	-205.916758
890	0.003923	75000	-0.095545	-206.012303
891	0.003833	75000	-0.094165	-206.106467
892	0.003745	75000	-0.092530	-206.198997
893	0.003658	75000	-0.092980	-206.291977
894	0.003573	75000	-0.091794	-206.383771
895	0.003488	75000	-0.090389	-206.474160
896	0.003405	75000	-0.088738	-206.562898
897	0.003323	75000	-0.088255	-206.651153
898	0.003242	75000	-0.087180	-206.738333
899	0.003162	75000	-0.085789	-206.824123
900	0.003084	75000	-0.085098	-206.909221
901	0.003007	75000	-0.083638	-206.992859
902	0.002930	75000	-0.083057	-207.075915
903	0.002855	75000	-0.081819	-207.157734
904	0.002782	75000	-0.080587	-207.238321
905	0.002709	75000	-0.079354	-207.317675
906	0.002638	75000	-0.078601	-207.396276
907	0.002567	75000	-0.077719	-207.473995
908	0.002498	75000	-0.076177	-207.550172
909	0.002430	75000	-0.075037	-207.625209
910	0.002363	75000	-0.074218	-207.699428
911	0.002297	75000	-0.072979	-207.772406
912	0.002233	75000	-0.071907	-207.844313
913	0.002169	75000	-0.070637	-207.914950
914	0.002106	75000	-0.069443	-207.984392
915	0.002045	75000	-0.068291	-208.052683
916	0.001985	75000	-0.067411	-208.120094
917	0.001925	75000	-0.066053	-208.186148
918	0.001867	75000	-0.064796	-208.250944
919	0.001810	75000	-0.064085	-208.315029
920	0.001754	75000	-0.063040	-208.378069
921	0.001699	75000	-0.061768	-208.439837
922	0.001645	75000	-0.060519	-208.500356
923	0.001592	75000	-0.059314	-208.559670
924	0.001540	75000	-0.058564	-208.618234
925	0.001490	75000	-0.057199	-208.675433
926	0.001440	75000	-0.056392	-208.731826
927	0.001391	75000	-0.055229	-208.787055
928	0.001343	75000	-0.053846	-208.840901
929	0.001296	75000	-0.052955	-208.893855
930	0.001251	75000	-0.051971	-208.945826
931	0.001206	75000	-0.050819	-208.996645
932	0.001162	75000	-0.049705	-209.046350
933	0.001119	75000	-0.048647	-209.094998
934	0.001077	75000	-0.047742	-209.142740
935	0.001036	75000	-0.046488	-209.189228
936	0.000996	75000	-0.045653	-209.234881
937	0.000957	75000	-0.044492	-209.279373
938	0.000919	75000	-0.043504	-209.322877
939	0.000882	75000	-0.042416	-209.365293
940	0.000846	75000	-0.041374	-209.406667
941	0.000810	75000	-0.040324	-209.446991
942	0.000776	75000	-0.039326	-209.486317
943	0.000742	75000	-0.038420	-209.524737
944	0.000709	75000	-0.037451	-209.562189
945	0.000678	75000	-0.036422	-209.598611
946	0.000647	75000	-0.035395	-209.634006
947	0.000617	75000	-0.034491	-209.668496
948	0.000587	75000	-0.033468	-209.701964
949	0.000559	75000	-0.032464	-209.734428
950	0.000531	75000	-0.031577	-209.766005
951	0.000505	75000	-0.030583	-209.796588
952	0.000479	75000	-0.029667	-209.826255
953	0.000454	75000	-0.028762	-209.855017
954	0.000430	75000	-0.027899	-209.882916
955	0.000406	75000	-0.026944	-209.909860
956	0.000383	75000	-0.026049	-209.935909
957	0.000362	75000	-0.025173	-209.961082
958	0.000340	75000	-0.024280	-209.985362
959	0.000320	75000	-0.023402	-210.008764
960	0.000300	75000	-0.022560	-210.031324
961	0.000281	75000	-0.021704	-210.053028
962	0.000263	75000	-0.020852	-210.073880
963	0.000246	75000	-0.020080	-210.093960
964	0.000229	75000	-0.019258	-210.113218
965	0.000213	75000	-0.018452	-210.131670
966	0.000198	75000	-0.017662	-210.149331
967	0.000183	75000	-0.016893	-210.166225
968	0.000169	75000	-0.016115	-210.182340
969	0.000156	75000	-0.015329	-210.197669
970	0.000143	75000	-0.014611	-210.212279
971	0.000131	75000	-0.013835	-210.226114
972	0.000120	75000	-0.013157	-210.239271
973	0.000109	75000	-0.012421	-210.251692
974	0.000099	75000	-0.011746	-210.263438
975	0.000089	75000	-0.011040	-210.274477
976	0.000080	75000	-0.010379	-210.284856
977	0.000072	75000	-0.009728	-210.294584
978	0.000064	75000	-0.009104	-210.303688
979	0.000057	75000	-0.008464	-210.312153
980	0.000050	75000	-0.007853	-210.320006
981	0.000043	75000	-0.007262	-210.327268
982	0.000038	75000	-0.006680	-210.333947
983	0.000032	75000	-0.006115	-210.340062
984	0.000028	75000	-0.005573	-210.345636
985	0.000023	75000	-0.005038	-210.350674
986	0.000019	75000	-0.004528	-210.355202
987	0.000016	75000	-0.004040	-210.359243
988	0.000013	75000	-0.003561	-210.362803
989	0.000010	75000	-0.003109	-210.365912
990	0.000008	75000	-0.002678	-210.368590
991	0.000006	75000	-0.002262	-210.370852
992	0.000004	75000	-0.001876	-210.372728
993	0.000003	75000	-0.001517	-210.374245
994	0.000002	75000	-0.001180	-210.375425
995	0.000001	75000	-0.000873	-210.376298
996	0.000000	75000	-0.000600	-210.376898
997	0.000000	75000	-0.000363	-210.377261
998	0.000000	75000	-0.000170	-210.377432
999	0.000000	75000	-0.000036	-210.377468
Log marginal likelihood:	-210.377468
