Steppingstone sampler:
        No Stones:                  1000
        Start It:                   10000001
        It Per Stone:               100000
        Sample Freq:                1
        Dist:                       Beta(0.400000,1.000000)
Stone No	Power	N	Stone MLh	Running MLh
0	0.997502	75000	-0.141688	-0.141688
1	0.995007	75000	-0.141514	-0.283202
2	0.992517	75000	-0.141244	-0.424446
3	0.990030	75000	-0.141062	-0.565508
4	0.987547	75000	-0.140802	-0.706310
5	0.985067	75000	-0.140634	-0.846945
6	0.982592	75000	-0.140445	-0.987389
7	0.980120	75000	-0.140187	-1.127576
8	0.977652	75000	-0.139946	-1.267522
9	0.975187	75000	-0.139794	-1.407316
10	0.972726	75000	-0.139530	-1.546846
11	0.970269	75000	-0.139437	-1.686283
12	0.967816	75000	-0.139234	-1.825518
13	0.965367	75000	-0.139032	-1.964550
14	0.962921	75000	-0.138746	-2.103295
15	0.960479	75000	-0.138608	-2.241903
16	0.958040	75000	-0.138368	-2.380271
17	0.955606	75000	-0.138173	-2.518444
18	0.953175	75000	-0.137979	-2.656423
19	0.950747	75000	-0.137742	-2.794166
20	0.948324	75000	-0.137568	-2.931733
21	0.945904	75000	-0.137386	-3.069119
22	0.943488	75000	-0.137142	-3.206261
23	0.941076	75000	-0.136963	-3.343225
24	0.938667	75000	-0.136720	-3.479945
25	0.936262	75000	-0.136559	-3.616504
26	0.933861	75000	-0.136293	-3.752798
27	0.931463	75000	-0.136147	-3.888945
28	0.929069	75000	-0.135910	-4.024855
29	0.926679	75000	-0.135652	-4.160507
30	0.924293	75000	-0.135576	-4.296082
31	0.921910	75000	-0.135308	-4.431390
32	0.919531	75000	-0.135135	-4.566525
33	0.917155	75000	-0.134965	-4.701489
34	0.914783	75000	-0.134698	-4.836187
35	0.912415	75000	-0.134583	-4.970770
36	0.910051	75000	-0.134329	-5.105100
37	0.907690	75000	-0.134113	-5.239213
38	0.905333	75000	-0.133893	-5.373106
39	0.902980	75000	-0.133687	-5.506793
40	0.900630	75000	-0.133526	-5.640319
41	0.898284	75000	-0.133307	-5.773627
42	0.895942	75000	-0.133167	-5.906794
43	0.893603	75000	-0.132871	-6.039665
44	0.891268	75000	-0.132737	-6.172402
45	0.888937	75000	-0.132492	-6.304894
46	0.886609	75000	-0.132296	-6.437189
47	0.884285	75000	-0.132093	-6.569282
48	0.881965	75000	-0.131904	-6.701186
49	0.879648	75000	-0.131761	-6.832947
50	0.877335	75000	-0.131496	-6.964443
51	0.875026	75000	-0.131335	-7.095778
52	0.872720	75000	-0.131082	-7.226860
53	0.870418	75000	-0.130921	-7.357780
54	0.868120	75000	-0.130717	-7.488497
55	0.865825	75000	-0.130537	-7.619035
56	0.863534	75000	-0.130264	-7.749298
57	0.861246	75000	-0.130102	-7.879400
58	0.858962	75000	-0.129857	-8.009257
59	0.856682	75000	-0.129700	-8.138957
60	0.854405	75000	-0.129540	-8.268497
61	0.852132	75000	-0.129287	-8.397784
62	0.849863	75000	-0.129067	-8.526851
63	0.847597	75000	-0.128944	-8.655796
64	0.845335	75000	-0.128709	-8.784505
65	0.843077	75000	-0.128507	-8.913012
66	0.840822	75000	-0.128271	-9.041283
67	0.838571	75000	-0.128131	-9.169414
68	0.836323	75000	-0.127898	-9.297312
69	0.834079	75000	-0.127691	-9.425003
70	0.831839	75000	-0.127534	-9.552537
71	0.829602	75000	-0.127343	-9.679881
72	0.827369	75000	-0.127121	-9.807002
73	0.825140	75000	-0.126938	-9.933940
74	0.822914	75000	-0.126719	-10.060659
75	0.820691	75000	-0.126586	-10.187245
76	0.818473	75000	-0.126287	-10.313532
77	0.816258	75000	-0.126092	-10.439624
78	0.814046	75000	-0.125931	-10.565555
79	0.811838	75000	-0.125790	-10.691345
80	0.809634	75000	-0.125597	-10.816942
81	0.807433	75000	-0.125348	-10.942289
82	0.805236	75000	-0.125099	-11.067388
83	0.803043	75000	-0.124939	-11.192327
84	0.800853	75000	-0.124659	-11.316987
85	0.798667	75000	-0.124563	-11.441550
86	0.796484	75000	-0.124403	-11.565953
87	0.794305	75000	-0.124095	-11.690047
88	0.792129	75000	-0.123972	-11.814019
89	0.789957	75000	-0.123766	-11.937785
90	0.787789	75000	-0.123580	-12.061365
91	0.785624	75000	-0.123335	-12.184700
92	0.783463	75000	-0.123138	-12.307838
93	0.781305	75000	-0.122898	-12.430735
94	0.779151	75000	-0.122750	-12.553485
95	0.777000	75000	-0.122597	-12.676083
96	0.774853	75000	-0.122352	-12.798435
97	0.772710	75000	-0.122170	-12.920605
98	0.770570	75000	-0.122008	-13.042612
99	0.768433	75000	-0.121792	-13.164405
100	0.766301	75000	-0.121532	-13.285937
101	0.764172	75000	-0.121415	-13.407352
102	0.762046	75000	-0.121179	-13.528532
103	0.759924	75000	-0.121043	-13.649575
104	0.757805	75000	-0.120911	-13.770486
105	0.755690	75000	-0.120564	-13.891050
106	0.753579	75000	-0.120456	-14.011506
107	0.751471	75000	-0.120234	-14.131740
108	0.749366	75000	-0.120043	-14.251783
109	0.747266	75000	-0.119894	-14.371677
110	0.745168	75000	-0.119690	-14.491367
111	0.743075	75000	-0.119445	-14.610812
112	0.740984	75000	-0.119304	-14.730115
113	0.738898	75000	-0.119154	-14.849269
114	0.736815	75000	-0.118876	-14.968144
115	0.734735	75000	-0.118643	-15.086788
116	0.732659	75000	-0.118530	-15.205317
117	0.730586	75000	-0.118278	-15.323596
118	0.728517	75000	-0.118118	-15.441714
119	0.726452	75000	-0.117908	-15.559622
120	0.724390	75000	-0.117765	-15.677387
121	0.722331	75000	-0.117545	-15.794932
122	0.720276	75000	-0.117341	-15.912273
123	0.718225	75000	-0.117133	-16.029407
124	0.716177	75000	-0.116997	-16.146403
125	0.714132	75000	-0.116740	-16.263144
126	0.712091	75000	-0.116598	-16.379742
127	0.710054	75000	-0.116397	-16.496139
128	0.708020	75000	-0.116185	-16.612325
129	0.705989	75000	-0.116030	-16.728355
130	0.703962	75000	-0.115817	-16.844172
131	0.701939	75000	-0.115582	-16.959754
132	0.699919	75000	-0.115439	-17.075192
133	0.697902	75000	-0.115281	-17.190473
134	0.695889	75000	-0.115026	-17.305499
135	0.693880	75000	-0.114887	-17.420387
136	0.691874	75000	-0.114614	-17.535001
137	0.689871	75000	-0.114475	-17.649476
138	0.687872	75000	-0.114262	-17.763737
139	0.685877	75000	-0.114157	-17.877894
140	0.683885	75000	-0.113899	-17.991793
141	0.681896	75000	-0.113753	-18.105546
142	0.679911	75000	-0.113643	-18.219189
143	0.677929	75000	-0.113370	-18.332559
144	0.675951	75000	-0.113192	-18.445750
145	0.673976	75000	-0.113020	-18.558771
146	0.672005	75000	-0.112732	-18.671503
147	0.670037	75000	-0.112569	-18.784072
148	0.668073	75000	-0.112372	-18.896444
149	0.666112	75000	-0.112216	-19.008659
150	0.664155	75000	-0.111954	-19.120613
151	0.662201	75000	-0.111891	-19.232504
152	0.660250	75000	-0.111673	-19.344177
153	0.658303	75000	-0.111464	-19.455641
154	0.656359	75000	-0.111246	-19.566886
155	0.654419	75000	-0.111016	-19.677902
156	0.652483	75000	-0.110891	-19.788794
157	0.650549	75000	-0.110662	-19.899455
158	0.648619	75000	-0.110529	-20.009985
159	0.646693	75000	-0.110337	-20.120321
160	0.644770	75000	-0.110103	-20.230424
161	0.642851	75000	-0.110016	-20.340440
162	0.640934	75000	-0.109747	-20.450187
163	0.639022	75000	-0.109624	-20.559811
164	0.637113	75000	-0.109375	-20.669187
165	0.635207	75000	-0.109193	-20.778380
166	0.633304	75000	-0.109020	-20.887400
167	0.631405	75000	-0.108816	-20.996217
168	0.629510	75000	-0.108651	-21.104867
169	0.627618	75000	-0.108440	-21.213307
170	0.625729	75000	-0.108260	-21.321568
171	0.623844	75000	-0.108070	-21.429638
172	0.621962	75000	-0.107990	-21.537628
173	0.620083	75000	-0.107723	-21.645351
174	0.618208	75000	-0.107524	-21.752875
175	0.616337	75000	-0.107265	-21.860140
176	0.614468	75000	-0.107078	-21.967218
177	0.612604	75000	-0.106892	-22.074110
178	0.610742	75000	-0.106781	-22.180891
179	0.608884	75000	-0.106586	-22.287477
180	0.607029	75000	-0.106412	-22.393889
181	0.605178	75000	-0.106171	-22.500060
182	0.603330	75000	-0.106033	-22.606093
183	0.601486	75000	-0.105849	-22.711942
184	0.599645	75000	-0.105693	-22.817634
185	0.597807	75000	-0.105468	-22.923103
186	0.595973	75000	-0.105234	-23.028337
187	0.594142	75000	-0.105148	-23.133485
188	0.592314	75000	-0.104949	-23.238434
189	0.590490	75000	-0.104715	-23.343149
190	0.588669	75000	-0.104554	-23.447703
191	0.586852	75000	-0.104296	-23.551999
192	0.585038	75000	-0.104187	-23.656186
193	0.583227	75000	-0.104027	-23.760213
194	0.581420	75000	-0.103779	-23.863992
195	0.579616	75000	-0.103582	-23.967574
196	0.577815	75000	-0.103440	-24.071014
197	0.576018	75000	-0.103329	-24.174343
198	0.574224	75000	-0.103088	-24.277432
199	0.572433	75000	-0.102883	-24.380315
200	0.570646	75000	-0.102705	-24.483020
201	0.568862	75000	-0.102584	-24.585604
202	0.567082	75000	-0.102384	-24.687988
203	0.565305	75000	-0.102087	-24.790075
204	0.563531	75000	-0.101979	-24.892054
205	0.561761	75000	-0.101787	-24.993841
206	0.559993	75000	-0.101595	-25.095435
207	0.558230	75000	-0.101391	-25.196827
208	0.556469	75000	-0.101247	-25.298073
209	0.554712	75000	-0.101048	-25.399121
210	0.552958	75000	-0.100838	-25.499960
211	0.551208	75000	-0.100775	-25.600735
212	0.549461	75000	-0.100540	-25.701275
213	0.547717	75000	-0.100337	-25.801613
214	0.545977	75000	-0.100186	-25.901798
215	0.544240	75000	-0.099976	-26.001774
216	0.542506	75000	-0.099792	-26.101567
217	0.540775	75000	-0.099593	-26.201159
218	0.539048	75000	-0.099438	-26.300597
219	0.537324	75000	-0.099306	-26.399903
220	0.535604	75000	-0.099191	-26.499094
221	0.533887	75000	-0.098943	-26.598037
222	0.532173	75000	-0.098748	-26.696785
223	0.530462	75000	-0.098503	-26.795288
224	0.528755	75000	-0.098325	-26.893613
225	0.527051	75000	-0.098183	-26.991796
226	0.525350	75000	-0.097974	-27.089770
227	0.523653	75000	-0.097841	-27.187611
228	0.521958	75000	-0.097669	-27.285280
229	0.520268	75000	-0.097442	-27.382722
230	0.518580	75000	-0.097237	-27.479959
231	0.516896	75000	-0.097097	-27.577056
232	0.515215	75000	-0.096916	-27.673972
233	0.513537	75000	-0.096756	-27.770728
234	0.511863	75000	-0.096534	-27.867262
235	0.510192	75000	-0.096418	-27.963680
236	0.508524	75000	-0.096314	-28.059995
237	0.506859	75000	-0.096118	-28.156113
238	0.505198	75000	-0.095823	-28.251936
239	0.503540	75000	-0.095740	-28.347676
240	0.501885	75000	-0.095567	-28.443243
241	0.500234	75000	-0.095305	-28.538547
242	0.498586	75000	-0.095115	-28.633662
243	0.496941	75000	-0.094988	-28.728650
244	0.495299	75000	-0.094796	-28.823446
245	0.493660	75000	-0.094671	-28.918117
246	0.492025	75000	-0.094483	-29.012600
247	0.490393	75000	-0.094291	-29.106891
248	0.488765	75000	-0.094145	-29.201037
249	0.487139	75000	-0.093967	-29.295003
250	0.485517	75000	-0.093817	-29.388820
251	0.483898	75000	-0.093571	-29.482391
252	0.482283	75000	-0.093390	-29.575781
253	0.480670	75000	-0.093149	-29.668930
254	0.479061	75000	-0.093044	-29.761974
255	0.477455	75000	-0.092869	-29.854844
256	0.475852	75000	-0.092680	-29.947523
257	0.474253	75000	-0.092504	-30.040028
258	0.472656	75000	-0.092506	-30.132534
259	0.471063	75000	-0.092128	-30.224662
260	0.469474	75000	-0.092015	-30.316676
261	0.467887	75000	-0.091855	-30.408531
262	0.466304	75000	-0.091799	-30.500330
263	0.464723	75000	-0.091420	-30.591750
264	0.463146	75000	-0.091291	-30.683041
265	0.461573	75000	-0.091127	-30.774168
266	0.460002	75000	-0.091009	-30.865176
267	0.458435	75000	-0.090797	-30.955973
268	0.456871	75000	-0.090574	-31.046548
269	0.455310	75000	-0.090407	-31.136955
270	0.453752	75000	-0.090270	-31.227225
271	0.452198	75000	-0.090092	-31.317317
272	0.450647	75000	-0.089897	-31.407214
273	0.449098	75000	-0.089758	-31.496973
274	0.447554	75000	-0.089544	-31.586517
275	0.446012	75000	-0.089448	-31.675964
276	0.444473	75000	-0.089232	-31.765196
277	0.442938	75000	-0.089085	-31.854281
278	0.441406	75000	-0.088927	-31.943208
279	0.439877	75000	-0.088700	-32.031908
280	0.438351	75000	-0.088535	-32.120443
281	0.436829	75000	-0.088320	-32.208763
282	0.435309	75000	-0.088123	-32.296886
283	0.433793	75000	-0.088110	-32.384997
284	0.432280	75000	-0.087877	-32.472874
285	0.430770	75000	-0.087615	-32.560489
286	0.429263	75000	-0.087492	-32.647981
287	0.427760	75000	-0.087285	-32.735266
288	0.426259	75000	-0.087181	-32.822447
289	0.424762	75000	-0.086920	-32.909367
290	0.423268	75000	-0.086753	-32.996120
291	0.421777	75000	-0.086587	-33.082707
292	0.420289	75000	-0.086488	-33.169195
293	0.418805	75000	-0.086392	-33.255587
294	0.417323	75000	-0.086131	-33.341718
295	0.415845	75000	-0.085924	-33.427642
296	0.414370	75000	-0.085753	-33.513395
297	0.412898	75000	-0.085582	-33.598976
298	0.411429	75000	-0.085445	-33.684421
299	0.409963	75000	-0.085257	-33.769678
300	0.408501	75000	-0.085132	-33.854810
301	0.407041	75000	-0.084934	-33.939744
302	0.405585	75000	-0.084790	-34.024534
303	0.404132	75000	-0.084613	-34.109147
304	0.402682	75000	-0.084497	-34.193644
305	0.401235	75000	-0.084248	-34.277892
306	0.399791	75000	-0.084126	-34.362018
307	0.398350	75000	-0.083954	-34.445972
308	0.396913	75000	-0.083700	-34.529672
309	0.395478	75000	-0.083646	-34.613318
310	0.394047	75000	-0.083475	-34.696793
311	0.392619	75000	-0.083219	-34.780012
312	0.391194	75000	-0.083031	-34.863042
313	0.389772	75000	-0.082891	-34.945933
314	0.388353	75000	-0.082708	-35.028641
315	0.386937	75000	-0.082537	-35.111179
316	0.385524	75000	-0.082362	-35.193540
317	0.384115	75000	-0.082281	-35.275821
318	0.382708	75000	-0.082138	-35.357959
319	0.381305	75000	-0.081856	-35.439815
320	0.379904	75000	-0.081737	-35.521552
321	0.378507	75000	-0.081628	-35.603180
322	0.377113	75000	-0.081416	-35.684596
323	0.375722	75000	-0.081326	-35.765922
324	0.374334	75000	-0.081069	-35.846991
325	0.372949	75000	-0.080926	-35.927916
326	0.371567	75000	-0.080769	-36.008685
327	0.370189	75000	-0.080570	-36.089255
328	0.368813	75000	-0.080478	-36.169733
329	0.367440	75000	-0.080275	-36.250008
330	0.366071	75000	-0.080130	-36.330138
331	0.364705	75000	-0.079944	-36.410083
332	0.363341	75000	-0.079787	-36.489870
333	0.361981	75000	-0.079534	-36.569404
334	0.360624	75000	-0.079413	-36.648817
335	0.359269	75000	-0.079294	-36.728110
336	0.357918	75000	-0.079103	-36.807213
337	0.356570	75000	-0.078978	-36.886191
338	0.355225	75000	-0.078735	-36.964926
339	0.353883	75000	-0.078645	-37.043571
340	0.352544	75000	-0.078401	-37.121972
341	0.351208	75000	-0.078281	-37.200253
342	0.349875	75000	-0.078122	-37.278375
343	0.348546	75000	-0.078030	-37.356405
344	0.347219	75000	-0.077801	-37.434205
345	0.345895	75000	-0.077630	-37.511835
346	0.344574	75000	-0.077462	-37.589297
347	0.343257	75000	-0.077219	-37.666517
348	0.341942	75000	-0.077203	-37.743720
349	0.340630	75000	-0.077003	-37.820723
350	0.339322	75000	-0.076716	-37.897438
351	0.338016	75000	-0.076719	-37.974157
352	0.336714	75000	-0.076457	-38.050614
353	0.335414	75000	-0.076303	-38.126917
354	0.334118	75000	-0.076243	-38.203160
355	0.332824	75000	-0.076019	-38.279179
356	0.331534	75000	-0.075902	-38.355081
357	0.330246	75000	-0.075814	-38.430895
358	0.328962	75000	-0.075521	-38.506417
359	0.327680	75000	-0.075351	-38.581767
360	0.326401	75000	-0.075198	-38.656965
361	0.325126	75000	-0.075039	-38.732004
362	0.323853	75000	-0.074963	-38.806967
363	0.322584	75000	-0.074777	-38.881744
364	0.321317	75000	-0.074598	-38.956342
365	0.320054	75000	-0.074458	-39.030800
366	0.318793	75000	-0.074232	-39.105032
367	0.317536	75000	-0.074037	-39.179069
368	0.316281	75000	-0.073934	-39.253003
369	0.315030	75000	-0.073814	-39.326817
370	0.313781	75000	-0.073669	-39.400486
371	0.312535	75000	-0.073470	-39.473956
372	0.311293	75000	-0.073376	-39.547332
373	0.310053	75000	-0.073071	-39.620402
374	0.308816	75000	-0.072993	-39.693395
375	0.307582	75000	-0.072794	-39.766189
376	0.306352	75000	-0.072648	-39.838837
377	0.305124	75000	-0.072528	-39.911366
378	0.303899	75000	-0.072483	-39.983848
379	0.302677	75000	-0.072280	-40.056128
380	0.301458	75000	-0.072084	-40.128212
381	0.300242	75000	-0.071892	-40.200105
382	0.299029	75000	-0.071788	-40.271892
383	0.297819	75000	-0.071502	-40.343394
384	0.296611	75000	-0.071472	-40.414866
385	0.295407	75000	-0.071237	-40.486104
386	0.294206	75000	-0.071191	-40.557294
387	0.293007	75000	-0.071038	-40.628332
388	0.291812	75000	-0.070748	-40.699080
389	0.290619	75000	-0.070722	-40.769802
390	0.289430	75000	-0.070515	-40.840317
391	0.288243	75000	-0.070360	-40.910677
392	0.287059	75000	-0.070174	-40.980851
393	0.285879	75000	-0.069989	-41.050840
394	0.284701	75000	-0.069867	-41.120707
395	0.283526	75000	-0.069667	-41.190374
396	0.282354	75000	-0.069597	-41.259971
397	0.281184	75000	-0.069376	-41.329346
398	0.280018	75000	-0.069252	-41.398599
399	0.278855	75000	-0.069082	-41.467681
400	0.277694	75000	-0.068996	-41.536677
401	0.276537	75000	-0.068834	-41.605511
402	0.275382	75000	-0.068670	-41.674181
403	0.274230	75000	-0.068491	-41.742672
404	0.273082	75000	-0.068343	-41.811015
405	0.271936	75000	-0.068214	-41.879229
406	0.270793	75000	-0.067900	-41.947128
407	0.269652	75000	-0.067909	-42.015037
408	0.268515	75000	-0.067800	-42.082837
409	0.267381	75000	-0.067505	-42.150343
410	0.266249	75000	-0.067363	-42.217706
411	0.265121	75000	-0.067271	-42.284977
412	0.263995	75000	-0.067141	-42.352118
413	0.262872	75000	-0.066849	-42.418967
414	0.261752	75000	-0.066736	-42.485703
415	0.260635	75000	-0.066635	-42.552338
416	0.259520	75000	-0.066503	-42.618841
417	0.258409	75000	-0.066362	-42.685203
418	0.257300	75000	-0.066094	-42.751297
419	0.256195	75000	-0.066030	-42.817326
420	0.255092	75000	-0.065890	-42.883216
421	0.253992	75000	-0.065698	-42.948914
422	0.252895	75000	-0.065563	-43.014477
423	0.251800	75000	-0.065483	-43.079960
424	0.250709	75000	-0.065424	-43.145384
425	0.249620	75000	-0.065115	-43.210499
426	0.248534	75000	-0.064886	-43.275386
427	0.247451	75000	-0.064694	-43.340079
428	0.246371	75000	-0.064692	-43.404771
429	0.245294	75000	-0.064523	-43.469295
430	0.244220	75000	-0.064430	-43.533725
431	0.243148	75000	-0.064385	-43.598110
432	0.242079	75000	-0.064171	-43.662281
433	0.241013	75000	-0.063894	-43.726174
434	0.239950	75000	-0.063981	-43.790155
435	0.238890	75000	-0.063650	-43.853805
436	0.237832	75000	-0.063321	-43.917126
437	0.236778	75000	-0.063547	-43.980673
438	0.235726	75000	-0.063226	-44.043898
439	0.234677	75000	-0.063122	-44.107021
440	0.233630	75000	-0.062938	-44.169958
441	0.232587	75000	-0.062760	-44.232718
442	0.231546	75000	-0.062606	-44.295324
443	0.230509	75000	-0.062631	-44.357955
444	0.229473	75000	-0.062322	-44.420276
445	0.228441	75000	-0.062071	-44.482348
446	0.227412	75000	-0.061999	-44.544347
447	0.226385	75000	-0.061904	-44.606252
448	0.225361	75000	-0.061817	-44.668068
449	0.224340	75000	-0.061693	-44.729761
450	0.223322	75000	-0.061440	-44.791201
451	0.222306	75000	-0.061273	-44.852473
452	0.221293	75000	-0.061207	-44.913680
453	0.220283	75000	-0.061028	-44.974708
454	0.219276	75000	-0.060779	-45.035486
455	0.218272	75000	-0.060804	-45.096291
456	0.217270	75000	-0.060626	-45.156916
457	0.216271	75000	-0.060403	-45.217319
458	0.215275	75000	-0.060287	-45.277606
459	0.214281	75000	-0.060218	-45.337824
460	0.213291	75000	-0.059964	-45.397788
461	0.212303	75000	-0.059987	-45.457775
462	0.211318	75000	-0.059630	-45.517405
463	0.210335	75000	-0.059645	-45.577050
464	0.209356	75000	-0.059405	-45.636455
465	0.208379	75000	-0.059255	-45.695710
466	0.207404	75000	-0.059226	-45.754936
467	0.206433	75000	-0.058953	-45.813889
468	0.205464	75000	-0.058879	-45.872767
469	0.204498	75000	-0.058713	-45.931480
470	0.203535	75000	-0.058729	-45.990209
471	0.202575	75000	-0.058438	-46.048647
472	0.201617	75000	-0.058205	-46.106852
473	0.200662	75000	-0.058250	-46.165101
474	0.199709	75000	-0.058021	-46.223123
475	0.198760	75000	-0.057873	-46.280995
476	0.197813	75000	-0.057721	-46.338717
477	0.196869	75000	-0.057593	-46.396310
478	0.195927	75000	-0.057230	-46.453540
479	0.194988	75000	-0.057311	-46.510852
480	0.194052	75000	-0.057144	-46.567996
481	0.193119	75000	-0.057017	-46.625013
482	0.192188	75000	-0.056708	-46.681721
483	0.191260	75000	-0.056879	-46.738600
484	0.190335	75000	-0.056405	-46.795004
485	0.189412	75000	-0.056467	-46.851471
486	0.188492	75000	-0.056399	-46.907871
487	0.187575	75000	-0.056118	-46.963989
488	0.186660	75000	-0.056014	-47.020003
489	0.185749	75000	-0.055919	-47.075922
490	0.184839	75000	-0.055754	-47.131676
491	0.183933	75000	-0.055639	-47.187315
492	0.183029	75000	-0.055485	-47.242800
493	0.182128	75000	-0.055327	-47.298126
494	0.181229	75000	-0.055212	-47.353339
495	0.180333	75000	-0.055156	-47.408495
496	0.179440	75000	-0.054869	-47.463364
497	0.178550	75000	-0.054815	-47.518180
498	0.177662	75000	-0.054754	-47.572934
499	0.176777	75000	-0.054586	-47.627520
500	0.175894	75000	-0.054392	-47.681912
501	0.175014	75000	-0.054349	-47.736261
502	0.174137	75000	-0.054087	-47.790348
503	0.173262	75000	-0.053872	-47.844220
504	0.172390	75000	-0.053892	-47.898112
505	0.171521	75000	-0.053613	-47.951725
506	0.170654	75000	-0.053569	-48.005294
507	0.169790	75000	-0.053421	-48.058715
508	0.168929	75000	-0.053267	-48.111982
509	0.168070	75000	-0.053263	-48.165245
510	0.167214	75000	-0.053086	-48.218332
511	0.166360	75000	-0.052945	-48.271276
512	0.165509	75000	-0.052845	-48.324122
513	0.164661	75000	-0.052609	-48.376731
514	0.163815	75000	-0.052549	-48.429280
515	0.162972	75000	-0.052285	-48.481565
516	0.162132	75000	-0.052177	-48.533742
517	0.161294	75000	-0.052001	-48.585743
518	0.160458	75000	-0.051942	-48.637685
519	0.159626	75000	-0.051928	-48.689612
520	0.158796	75000	-0.051649	-48.741262
521	0.157968	75000	-0.051613	-48.792875
522	0.157143	75000	-0.051443	-48.844317
523	0.156321	75000	-0.051230	-48.895547
524	0.155501	75000	-0.051235	-48.946782
525	0.154684	75000	-0.051035	-48.997818
526	0.153870	75000	-0.050993	-49.048810
527	0.153058	75000	-0.050857	-49.099667
528	0.152248	75000	-0.050820	-49.150487
529	0.151441	75000	-0.050515	-49.201002
530	0.150637	75000	-0.050404	-49.251406
531	0.149835	75000	-0.050346	-49.301752
532	0.149036	75000	-0.050174	-49.351926
533	0.148240	75000	-0.050039	-49.401966
534	0.147446	75000	-0.049821	-49.451787
535	0.146654	75000	-0.049705	-49.501492
536	0.145865	75000	-0.049628	-49.551120
537	0.145079	75000	-0.049546	-49.600667
538	0.144295	75000	-0.049346	-49.650013
539	0.143514	75000	-0.049268	-49.699281
540	0.142735	75000	-0.049192	-49.748473
541	0.141959	75000	-0.048964	-49.797437
542	0.141186	75000	-0.048956	-49.846393
543	0.140415	75000	-0.048846	-49.895239
544	0.139646	75000	-0.048689	-49.943928
545	0.138880	75000	-0.048482	-49.992410
546	0.138116	75000	-0.048238	-50.040648
547	0.137356	75000	-0.048260	-50.088908
548	0.136597	75000	-0.048172	-50.137080
549	0.135841	75000	-0.048078	-50.185158
550	0.135088	75000	-0.047850	-50.233008
551	0.134337	75000	-0.047664	-50.280672
552	0.133588	75000	-0.047576	-50.328248
553	0.132843	75000	-0.047510	-50.375759
554	0.132099	75000	-0.047475	-50.423233
555	0.131358	75000	-0.047227	-50.470461
556	0.130620	75000	-0.047151	-50.517612
557	0.129884	75000	-0.046928	-50.564540
558	0.129151	75000	-0.046921	-50.611461
559	0.128420	75000	-0.046866	-50.658326
560	0.127691	75000	-0.046664	-50.704990
561	0.126965	75000	-0.046636	-50.751626
562	0.126242	75000	-0.046499	-50.798125
563	0.125521	75000	-0.046423	-50.844548
564	0.124802	75000	-0.046157	-50.890705
565	0.124086	75000	-0.045979	-50.936684
566	0.123373	75000	-0.046084	-50.982767
567	0.122662	75000	-0.045764	-51.028531
568	0.121953	75000	-0.045623	-51.074153
569	0.121247	75000	-0.045620	-51.119774
570	0.120543	75000	-0.045489	-51.165263
571	0.119842	75000	-0.045427	-51.210690
572	0.119143	75000	-0.045282	-51.255972
573	0.118447	75000	-0.045054	-51.301026
574	0.117753	75000	-0.045034	-51.346060
575	0.117062	75000	-0.044877	-51.390937
576	0.116373	75000	-0.044650	-51.435586
577	0.115686	75000	-0.044633	-51.480220
578	0.115002	75000	-0.044364	-51.524583
579	0.114320	75000	-0.044419	-51.569002
580	0.113641	75000	-0.044293	-51.613295
581	0.112964	75000	-0.044239	-51.657535
582	0.112290	75000	-0.044195	-51.701729
583	0.111618	75000	-0.043990	-51.745719
584	0.110948	75000	-0.043603	-51.789323
585	0.110281	75000	-0.043640	-51.832962
586	0.109616	75000	-0.043603	-51.876565
587	0.108954	75000	-0.043394	-51.919958
588	0.108294	75000	-0.043476	-51.963435
589	0.107637	75000	-0.043056	-52.006491
590	0.106981	75000	-0.043113	-52.049604
591	0.106329	75000	-0.043044	-52.092648
592	0.105678	75000	-0.042750	-52.135399
593	0.105030	75000	-0.042877	-52.178276
594	0.104385	75000	-0.042598	-52.220874
595	0.103742	75000	-0.042441	-52.263314
596	0.103101	75000	-0.042505	-52.305820
597	0.102463	75000	-0.042169	-52.347989
598	0.101827	75000	-0.042144	-52.390133
599	0.101193	75000	-0.042183	-52.432316
600	0.100562	75000	-0.042050	-52.474366
601	0.099933	75000	-0.041774	-52.516141
602	0.099306	75000	-0.041967	-52.558107
603	0.098682	75000	-0.041598	-52.599705
604	0.098060	75000	-0.041571	-52.641276
605	0.097441	75000	-0.041340	-52.682617
606	0.096824	75000	-0.041256	-52.723873
607	0.096209	75000	-0.041289	-52.765161
608	0.095596	75000	-0.041051	-52.806213
609	0.094986	75000	-0.040853	-52.847066
610	0.094379	75000	-0.040729	-52.887795
611	0.093773	75000	-0.040664	-52.928459
612	0.093170	75000	-0.040553	-52.969011
613	0.092570	75000	-0.040714	-53.009725
614	0.091971	75000	-0.040484	-53.050209
615	0.091375	75000	-0.040379	-53.090589
616	0.090781	75000	-0.040265	-53.130853
617	0.090190	75000	-0.040174	-53.171027
618	0.089601	75000	-0.040041	-53.211068
619	0.089014	75000	-0.039893	-53.250961
620	0.088430	75000	-0.039716	-53.290677
621	0.087848	75000	-0.039755	-53.330432
622	0.087268	75000	-0.039578	-53.370011
623	0.086690	75000	-0.039501	-53.409512
624	0.086115	75000	-0.039252	-53.448764
625	0.085542	75000	-0.039100	-53.487864
626	0.084971	75000	-0.039152	-53.527015
627	0.084403	75000	-0.039090	-53.566105
628	0.083837	75000	-0.039032	-53.605138
629	0.083273	75000	-0.039007	-53.644144
630	0.082712	75000	-0.038837	-53.682981
631	0.082152	75000	-0.038768	-53.721749
632	0.081595	75000	-0.038652	-53.760402
633	0.081041	75000	-0.038466	-53.798868
634	0.080488	75000	-0.038425	-53.837293
635	0.079938	75000	-0.038151	-53.875444
636	0.079390	75000	-0.038262	-53.913706
637	0.078845	75000	-0.037975	-53.951681
638	0.078301	75000	-0.037904	-53.989585
639	0.077760	75000	-0.038039	-54.027624
640	0.077221	75000	-0.037686	-54.065310
641	0.076684	75000	-0.037771	-54.103081
642	0.076150	75000	-0.037496	-54.140577
643	0.075618	75000	-0.037574	-54.178151
644	0.075088	75000	-0.037562	-54.215713
645	0.074560	75000	-0.037412	-54.253125
646	0.074035	75000	-0.037259	-54.290383
647	0.073512	75000	-0.037128	-54.327512
648	0.072991	75000	-0.036951	-54.364462
649	0.072472	75000	-0.036861	-54.401323
650	0.071955	75000	-0.036775	-54.438098
651	0.071441	75000	-0.036735	-54.474833
652	0.070929	75000	-0.036648	-54.511481
653	0.070419	75000	-0.036770	-54.548252
654	0.069911	75000	-0.036497	-54.584749
655	0.069406	75000	-0.036539	-54.621288
656	0.068903	75000	-0.036213	-54.657501
657	0.068401	75000	-0.036001	-54.693501
658	0.067903	75000	-0.036038	-54.729539
659	0.067406	75000	-0.035979	-54.765518
660	0.066911	75000	-0.035936	-54.801453
661	0.066419	75000	-0.035828	-54.837281
662	0.065929	75000	-0.035607	-54.872889
663	0.065441	75000	-0.035567	-54.908455
664	0.064955	75000	-0.035524	-54.943979
665	0.064471	75000	-0.035529	-54.979508
666	0.063990	75000	-0.035573	-55.015081
667	0.063510	75000	-0.035275	-55.050355
668	0.063033	75000	-0.035275	-55.085630
669	0.062558	75000	-0.035211	-55.120841
670	0.062085	75000	-0.035056	-55.155897
671	0.061615	75000	-0.034940	-55.190837
672	0.061146	75000	-0.035004	-55.225842
673	0.060680	75000	-0.034747	-55.260589
674	0.060216	75000	-0.034768	-55.295356
675	0.059753	75000	-0.034485	-55.329841
676	0.059293	75000	-0.034607	-55.364448
677	0.058836	75000	-0.034514	-55.398962
678	0.058380	75000	-0.034570	-55.433532
679	0.057926	75000	-0.034608	-55.468140
680	0.057475	75000	-0.034087	-55.502227
681	0.057025	75000	-0.034005	-55.536232
682	0.056578	75000	-0.034228	-55.570460
683	0.056133	75000	-0.034112	-55.604572
684	0.055690	75000	-0.034077	-55.638649
685	0.055249	75000	-0.033882	-55.672531
686	0.054810	75000	-0.033991	-55.706522
687	0.054373	75000	-0.033639	-55.740162
688	0.053939	75000	-0.033580	-55.773742
689	0.053506	75000	-0.033478	-55.807220
690	0.053076	75000	-0.033512	-55.840732
691	0.052647	75000	-0.033467	-55.874199
692	0.052221	75000	-0.033393	-55.907592
693	0.051797	75000	-0.033480	-55.941072
694	0.051375	75000	-0.033362	-55.974433
695	0.050955	75000	-0.033204	-56.007638
696	0.050537	75000	-0.032754	-56.040391
697	0.050121	75000	-0.033116	-56.073507
698	0.049707	75000	-0.033067	-56.106573
699	0.049295	75000	-0.033024	-56.139597
700	0.048885	75000	-0.033017	-56.172615
701	0.048478	75000	-0.032932	-56.205546
702	0.048072	75000	-0.032814	-56.238360
703	0.047668	75000	-0.032453	-56.270814
704	0.047267	75000	-0.032544	-56.303357
705	0.046867	75000	-0.032394	-56.335751
706	0.046470	75000	-0.032756	-56.368507
707	0.046074	75000	-0.032412	-56.400919
708	0.045681	75000	-0.032183	-56.433102
709	0.045289	75000	-0.032336	-56.465437
710	0.044900	75000	-0.032341	-56.497779
711	0.044512	75000	-0.032323	-56.530102
712	0.044127	75000	-0.032273	-56.562374
713	0.043744	75000	-0.031693	-56.594068
714	0.043362	75000	-0.031891	-56.625959
715	0.042983	75000	-0.032083	-56.658042
716	0.042606	75000	-0.031754	-56.689796
717	0.042230	75000	-0.031829	-56.721624
718	0.041857	75000	-0.031737	-56.753361
719	0.041485	75000	-0.031652	-56.785013
720	0.041116	75000	-0.031875	-56.816888
721	0.040749	75000	-0.031701	-56.848589
722	0.040383	75000	-0.031758	-56.880348
723	0.040020	75000	-0.031349	-56.911696
724	0.039658	75000	-0.031830	-56.943526
725	0.039299	75000	-0.031444	-56.974970
726	0.038941	75000	-0.031518	-57.006488
727	0.038585	75000	-0.031429	-57.037917
728	0.038232	75000	-0.031307	-57.069224
729	0.037880	75000	-0.031229	-57.100453
730	0.037530	75000	-0.031020	-57.131473
731	0.037182	75000	-0.031233	-57.162707
732	0.036836	75000	-0.031344	-57.194050
733	0.036493	75000	-0.031069	-57.225120
734	0.036151	75000	-0.031472	-57.256592
735	0.035810	75000	-0.031182	-57.287774
736	0.035472	75000	-0.031476	-57.319250
737	0.035136	75000	-0.031111	-57.350361
738	0.034802	75000	-0.031165	-57.381526
739	0.034469	75000	-0.031055	-57.412581
740	0.034139	75000	-0.030901	-57.443482
741	0.033810	75000	-0.031172	-57.474654
742	0.033484	75000	-0.031104	-57.505757
743	0.033159	75000	-0.031038	-57.536795
744	0.032836	75000	-0.031025	-57.567821
745	0.032515	75000	-0.030887	-57.598708
746	0.032196	75000	-0.031195	-57.629902
747	0.031879	75000	-0.031016	-57.660918
748	0.031563	75000	-0.031035	-57.691953
749	0.031250	75000	-0.031061	-57.723013
750	0.030938	75000	-0.031123	-57.754136
751	0.030629	75000	-0.030788	-57.784924
752	0.030321	75000	-0.030520	-57.815444
753	0.030015	75000	-0.030760	-57.846204
754	0.029711	75000	-0.030621	-57.876825
755	0.029409	75000	-0.031174	-57.907999
756	0.029108	75000	-0.031215	-57.939214
757	0.028810	75000	-0.030832	-57.970046
758	0.028513	75000	-0.030885	-58.000930
759	0.028218	75000	-0.030767	-58.031697
760	0.027925	75000	-0.030857	-58.062554
761	0.027634	75000	-0.030964	-58.093519
762	0.027345	75000	-0.030963	-58.124481
763	0.027057	75000	-0.031189	-58.155670
764	0.026771	75000	-0.031399	-58.187069
765	0.026487	75000	-0.031635	-58.218704
766	0.026205	75000	-0.030829	-58.249533
767	0.025925	75000	-0.031677	-58.281210
768	0.025647	75000	-0.031213	-58.312423
769	0.025370	75000	-0.031724	-58.344147
770	0.025095	75000	-0.031231	-58.375378
771	0.024822	75000	-0.031532	-58.406910
772	0.024551	75000	-0.031514	-58.438424
773	0.024281	75000	-0.031549	-58.469973
774	0.024014	75000	-0.032189	-58.502162
775	0.023748	75000	-0.032135	-58.534297
776	0.023483	75000	-0.031435	-58.565732
777	0.023221	75000	-0.031881	-58.597613
778	0.022960	75000	-0.032022	-58.629635
779	0.022702	75000	-0.032541	-58.662176
780	0.022445	75000	-0.032356	-58.694533
781	0.022189	75000	-0.031934	-58.726467
782	0.021936	75000	-0.031997	-58.758464
783	0.021684	75000	-0.032426	-58.790889
784	0.021434	75000	-0.032240	-58.823129
785	0.021185	75000	-0.032320	-58.855449
786	0.020939	75000	-0.032380	-58.887828
787	0.020694	75000	-0.032985	-58.920813
788	0.020451	75000	-0.033634	-58.954447
789	0.020209	75000	-0.032872	-58.987319
790	0.019969	75000	-0.032888	-59.020207
791	0.019731	75000	-0.033329	-59.053536
792	0.019495	75000	-0.033828	-59.087364
793	0.019261	75000	-0.033875	-59.121240
794	0.019028	75000	-0.034373	-59.155613
795	0.018796	75000	-0.034243	-59.189856
796	0.018567	75000	-0.034982	-59.224838
797	0.018339	75000	-0.034821	-59.259659
798	0.018113	75000	-0.034803	-59.294462
799	0.017889	75000	-0.035323	-59.329785
800	0.017666	75000	-0.035661	-59.365446
801	0.017445	75000	-0.037336	-59.402782
802	0.017225	75000	-0.036273	-59.439056
803	0.017007	75000	-0.036480	-59.475535
804	0.016791	75000	-0.036970	-59.512505
805	0.016577	75000	-0.037425	-59.549930
806	0.016364	75000	-0.037643	-59.587573
807	0.016153	75000	-0.036420	-59.623993
808	0.015943	75000	-0.038151	-59.662144
809	0.015736	75000	-0.038220	-59.700364
810	0.015529	75000	-0.038490	-59.738854
811	0.015325	75000	-0.040570	-59.779423
812	0.015122	75000	-0.040343	-59.819766
813	0.014920	75000	-0.042222	-59.861988
814	0.014721	75000	-0.042148	-59.904136
815	0.014523	75000	-0.040010	-59.944146
816	0.014326	75000	-0.042037	-59.986183
817	0.014131	75000	-0.043263	-60.029445
818	0.013938	75000	-0.046377	-60.075823
819	0.013746	75000	-0.043176	-60.118998
820	0.013556	75000	-0.044763	-60.163762
821	0.013367	75000	-0.046013	-60.209775
822	0.013181	75000	-0.050732	-60.260506
823	0.012995	75000	-0.047831	-60.308337
824	0.012811	75000	-0.049224	-60.357561
825	0.012629	75000	-0.048906	-60.406468
826	0.012448	75000	-0.050323	-60.456790
827	0.012269	75000	-0.054103	-60.510893
828	0.012092	75000	-0.053602	-60.564495
829	0.011916	75000	-0.053333	-60.617829
830	0.011741	75000	-0.054805	-60.672634
831	0.011568	75000	-0.054789	-60.727423
832	0.011397	75000	-0.055774	-60.783197
833	0.011227	75000	-0.060853	-60.844049
834	0.011059	75000	-0.060568	-60.904617
835	0.010892	75000	-0.061483	-60.966100
836	0.010727	75000	-0.060610	-61.026711
837	0.010563	75000	-0.061344	-61.088055
838	0.010401	75000	-0.065382	-61.153437
839	0.010240	75000	-0.067660	-61.221096
840	0.010081	75000	-0.068557	-61.289653
841	0.009923	75000	-0.071785	-61.361438
842	0.009767	75000	-0.072622	-61.434060
843	0.009612	75000	-0.073417	-61.507477
844	0.009459	75000	-0.076169	-61.583646
845	0.009307	75000	-0.073989	-61.657634
846	0.009156	75000	-0.076503	-61.734138
847	0.009008	75000	-0.078905	-61.813043
848	0.008860	75000	-0.083132	-61.896175
849	0.008714	75000	-0.080681	-61.976856
850	0.008570	75000	-0.082398	-62.059254
851	0.008427	75000	-0.082149	-62.141403
852	0.008285	75000	-0.089317	-62.230720
853	0.008145	75000	-0.088182	-62.318902
854	0.008006	75000	-0.086802	-62.405704
855	0.007869	75000	-0.091229	-62.496932
856	0.007733	75000	-0.091665	-62.588597
857	0.007598	75000	-0.089624	-62.678221
858	0.007465	75000	-0.093461	-62.771682
859	0.007334	75000	-0.095464	-62.867146
860	0.007203	75000	-0.095816	-62.962962
861	0.007075	75000	-0.097581	-63.060543
862	0.006947	75000	-0.094955	-63.155498
863	0.006821	75000	-0.095603	-63.251101
864	0.006696	75000	-0.097329	-63.348430
865	0.006573	75000	-0.099365	-63.447795
866	0.006451	75000	-0.097064	-63.544859
867	0.006330	75000	-0.099979	-63.644838
868	0.006211	75000	-0.096423	-63.741261
869	0.006093	75000	-0.098261	-63.839522
870	0.005977	75000	-0.100085	-63.939607
871	0.005862	75000	-0.098032	-64.037638
872	0.005748	75000	-0.097736	-64.135374
873	0.005635	75000	-0.097232	-64.232606
874	0.005524	75000	-0.098817	-64.331422
875	0.005414	75000	-0.098006	-64.429428
876	0.005306	75000	-0.097065	-64.526493
877	0.005199	75000	-0.096211	-64.622704
878	0.005093	75000	-0.096938	-64.719643
879	0.004988	75000	-0.096833	-64.816476
880	0.004885	75000	-0.093870	-64.910346
881	0.004783	75000	-0.096011	-65.006357
882	0.004682	75000	-0.093629	-65.099986
883	0.004583	75000	-0.094132	-65.194118
884	0.004485	75000	-0.092533	-65.286651
885	0.004388	75000	-0.092470	-65.379121
886	0.004292	75000	-0.091700	-65.470821
887	0.004198	75000	-0.091319	-65.562140
888	0.004105	75000	-0.090371	-65.652511
889	0.004013	75000	-0.090058	-65.742569
890	0.003923	75000	-0.088081	-65.830650
891	0.003833	75000	-0.087599	-65.918249
892	0.003745	75000	-0.086975	-66.005224
893	0.003658	75000	-0.086375	-66.091599
894	0.003573	75000	-0.085035	-66.176634
895	0.003488	75000	-0.084710	-66.261344
896	0.003405	75000	-0.083114	-66.344458
897	0.003323	75000	-0.082078	-66.426537
898	0.003242	75000	-0.081580	-66.508117
899	0.003162	75000	-0.080527	-66.588643
900	0.003084	75000	-0.079609	-66.668252
901	0.003007	75000	-0.078562	-66.746814
902	0.002930	75000	-0.077563	-66.824376
903	0.002855	75000	-0.076521	-66.900898
904	0.002782	75000	-0.075137	-66.976035
905	0.002709	75000	-0.074683	-67.050718
906	0.002638	75000	-0.073278	-67.123997
907	0.002567	75000	-0.072242	-67.196238
908	0.002498	75000	-0.071048	-67.267286
909	0.002430	75000	-0.070319	-67.337605
910	0.002363	75000	-0.069288	-67.406893
911	0.002297	75000	-0.068168	-67.475060
912	0.002233	75000	-0.067246	-67.542306
913	0.002169	75000	-0.066047	-67.608353
914	0.002106	75000	-0.064832	-67.673185
915	0.002045	75000	-0.063996	-67.737181
916	0.001985	75000	-0.063036	-67.800217
917	0.001925	75000	-0.062015	-67.862232
918	0.001867	75000	-0.060787	-67.923019
919	0.001810	75000	-0.059777	-67.982796
920	0.001754	75000	-0.058848	-68.041644
921	0.001699	75000	-0.057770	-68.099414
922	0.001645	75000	-0.056852	-68.156266
923	0.001592	75000	-0.055912	-68.212178
924	0.001540	75000	-0.054758	-68.266936
925	0.001490	75000	-0.053874	-68.320810
926	0.001440	75000	-0.052798	-68.373608
927	0.001391	75000	-0.051674	-68.425283
928	0.001343	75000	-0.050803	-68.476086
929	0.001296	75000	-0.049771	-68.525857
930	0.001251	75000	-0.048655	-68.574512
931	0.001206	75000	-0.047662	-68.622175
932	0.001162	75000	-0.046773	-68.668947
933	0.001119	75000	-0.045734	-68.714681
934	0.001077	75000	-0.044810	-68.759491
935	0.001036	75000	-0.043802	-68.803293
936	0.000996	75000	-0.042833	-68.846126
937	0.000957	75000	-0.041755	-68.887881
938	0.000919	75000	-0.040863	-68.928744
939	0.000882	75000	-0.039887	-68.968631
940	0.000846	75000	-0.038805	-69.007437
941	0.000810	75000	-0.037993	-69.045430
942	0.000776	75000	-0.037067	-69.082497
943	0.000742	75000	-0.036070	-69.118567
944	0.000709	75000	-0.035165	-69.153732
945	0.000678	75000	-0.034243	-69.187976
946	0.000647	75000	-0.033261	-69.221236
947	0.000617	75000	-0.032362	-69.253598
948	0.000587	75000	-0.031524	-69.285122
949	0.000559	75000	-0.030649	-69.315772
950	0.000531	75000	-0.029594	-69.345366
951	0.000505	75000	-0.028761	-69.374127
952	0.000479	75000	-0.027911	-69.402038
953	0.000454	75000	-0.027098	-69.429136
954	0.000430	75000	-0.026184	-69.455320
955	0.000406	75000	-0.025374	-69.480695
956	0.000383	75000	-0.024505	-69.505199
957	0.000362	75000	-0.023678	-69.528877
958	0.000340	75000	-0.022853	-69.551730
959	0.000320	75000	-0.022044	-69.573774
960	0.000300	75000	-0.021240	-69.595014
961	0.000281	75000	-0.020426	-69.615440
962	0.000263	75000	-0.019629	-69.635069
963	0.000246	75000	-0.018886	-69.653955
964	0.000229	75000	-0.018089	-69.672045
965	0.000213	75000	-0.017395	-69.689440
966	0.000198	75000	-0.016605	-69.706045
967	0.000183	75000	-0.015924	-69.721969
968	0.000169	75000	-0.015191	-69.737160
969	0.000156	75000	-0.014420	-69.751579
970	0.000143	75000	-0.013752	-69.765331
971	0.000131	75000	-0.013079	-69.778409
972	0.000120	75000	-0.012360	-69.790769
973	0.000109	75000	-0.011703	-69.802472
974	0.000099	75000	-0.011058	-69.813530
975	0.000089	75000	-0.010399	-69.823930
976	0.000080	75000	-0.009761	-69.833691
977	0.000072	75000	-0.009150	-69.842840
978	0.000064	75000	-0.008573	-69.851413
979	0.000057	75000	-0.007976	-69.859390
980	0.000050	75000	-0.007406	-69.866795
981	0.000043	75000	-0.006841	-69.873636
982	0.000038	75000	-0.006282	-69.879918
983	0.000032	75000	-0.005776	-69.885694
984	0.000028	75000	-0.005236	-69.890930
985	0.000023	75000	-0.004737	-69.895667
986	0.000019	75000	-0.004271	-69.899938
987	0.000016	75000	-0.003801	-69.903739
988	0.000013	75000	-0.003355	-69.907094
989	0.000010	75000	-0.002926	-69.910020
990	0.000008	75000	-0.002519	-69.912540
991	0.000006	75000	-0.002133	-69.914672
992	0.000004	75000	-0.001768	-69.916441
993	0.000003	75000	-0.001423	-69.917864
994	0.000002	75000	-0.001110	-69.918974
995	0.000001	75000	-0.000821	-69.919796
996	0.000000	75000	-0.000565	-69.920361
997	0.000000	75000	-0.000342	-69.920703
998	0.000000	75000	-0.000160	-69.920863
999	0.000000	75000	-0.000034	-69.920897
Log marginal likelihood:	-69.920897
