Steppingstone sampler:
        No Stones:                  1000
        Start It:                   10000001
        It Per Stone:               100000
        Sample Freq:                1
        Dist:                       Beta(0.400000,1.000000)
Stone No	Power	N	Stone MLh	Running MLh
0	0.997502	75000	0.253404	0.253404
1	0.995007	75000	0.253061	0.506466
2	0.992517	75000	0.252592	0.759057
3	0.990030	75000	0.252228	1.011285
4	0.987547	75000	0.251867	1.263152
5	0.985067	75000	0.251482	1.514634
6	0.982592	75000	0.251088	1.765722
7	0.980120	75000	0.250661	2.016383
8	0.977652	75000	0.250281	2.266664
9	0.975187	75000	0.249904	2.516567
10	0.972726	75000	0.249519	2.766087
11	0.970269	75000	0.249162	3.015249
12	0.967816	75000	0.248736	3.263985
13	0.965367	75000	0.248414	3.512399
14	0.962921	75000	0.248037	3.760436
15	0.960479	75000	0.247574	4.008010
16	0.958040	75000	0.247246	4.255256
17	0.955606	75000	0.246819	4.502076
18	0.953175	75000	0.246484	4.748560
19	0.950747	75000	0.246061	4.994621
20	0.948324	75000	0.245646	5.240267
21	0.945904	75000	0.245263	5.485530
22	0.943488	75000	0.244906	5.730435
23	0.941076	75000	0.244580	5.975015
24	0.938667	75000	0.244156	6.219171
25	0.936262	75000	0.243777	6.462948
26	0.933861	75000	0.243418	6.706366
27	0.931463	75000	0.243029	6.949396
28	0.929069	75000	0.242590	7.191986
29	0.926679	75000	0.242301	7.434287
30	0.924293	75000	0.241899	7.676186
31	0.921910	75000	0.241495	7.917681
32	0.919531	75000	0.241123	8.158803
33	0.917155	75000	0.240686	8.399490
34	0.914783	75000	0.240287	8.639777
35	0.912415	75000	0.239932	8.879709
36	0.910051	75000	0.239569	9.119279
37	0.907690	75000	0.239223	9.358502
38	0.905333	75000	0.238853	9.597354
39	0.902980	75000	0.238436	9.835790
40	0.900630	75000	0.238104	10.073894
41	0.898284	75000	0.237702	10.311596
42	0.895942	75000	0.237288	10.548884
43	0.893603	75000	0.236933	10.785817
44	0.891268	75000	0.236566	11.022383
45	0.888937	75000	0.236121	11.258504
46	0.886609	75000	0.235778	11.494281
47	0.884285	75000	0.235475	11.729756
48	0.881965	75000	0.235082	11.964838
49	0.879648	75000	0.234655	12.199493
50	0.877335	75000	0.234305	12.433798
51	0.875026	75000	0.233950	12.667748
52	0.872720	75000	0.233567	12.901314
53	0.870418	75000	0.233148	13.134463
54	0.868120	75000	0.232814	13.367276
55	0.865825	75000	0.232402	13.599678
56	0.863534	75000	0.232074	13.831752
57	0.861246	75000	0.231672	14.063425
58	0.858962	75000	0.231238	14.294662
59	0.856682	75000	0.230851	14.525513
60	0.854405	75000	0.230546	14.756059
61	0.852132	75000	0.230153	14.986213
62	0.849863	75000	0.229771	15.215984
63	0.847597	75000	0.229411	15.445396
64	0.845335	75000	0.229021	15.674417
65	0.843077	75000	0.228622	15.903039
66	0.840822	75000	0.228233	16.131271
67	0.838571	75000	0.227834	16.359106
68	0.836323	75000	0.227550	16.586656
69	0.834079	75000	0.227149	16.813805
70	0.831839	75000	0.226818	17.040623
71	0.829602	75000	0.226389	17.267013
72	0.827369	75000	0.226041	17.493053
73	0.825140	75000	0.225669	17.718723
74	0.822914	75000	0.225296	17.944019
75	0.820691	75000	0.224886	18.168905
76	0.818473	75000	0.224508	18.393413
77	0.816258	75000	0.224163	18.617576
78	0.814046	75000	0.223759	18.841335
79	0.811838	75000	0.223452	19.064788
80	0.809634	75000	0.223069	19.287857
81	0.807433	75000	0.222752	19.510608
82	0.805236	75000	0.222353	19.732961
83	0.803043	75000	0.221899	19.954861
84	0.800853	75000	0.221567	20.176428
85	0.798667	75000	0.221275	20.397703
86	0.796484	75000	0.220809	20.618511
87	0.794305	75000	0.220474	20.838985
88	0.792129	75000	0.220114	21.059099
89	0.789957	75000	0.219739	21.278837
90	0.787789	75000	0.219334	21.498171
91	0.785624	75000	0.219009	21.717180
92	0.783463	75000	0.218683	21.935864
93	0.781305	75000	0.218233	22.154097
94	0.779151	75000	0.217845	22.371942
95	0.777000	75000	0.217528	22.589470
96	0.774853	75000	0.217132	22.806602
97	0.772710	75000	0.216755	23.023357
98	0.770570	75000	0.216333	23.239690
99	0.768433	75000	0.216085	23.455775
100	0.766301	75000	0.215708	23.671483
101	0.764172	75000	0.215366	23.886849
102	0.762046	75000	0.215012	24.101861
103	0.759924	75000	0.214552	24.316413
104	0.757805	75000	0.214204	24.530618
105	0.755690	75000	0.213826	24.744444
106	0.753579	75000	0.213468	24.957911
107	0.751471	75000	0.213102	25.171013
108	0.749366	75000	0.212750	25.383763
109	0.747266	75000	0.212363	25.596126
110	0.745168	75000	0.211991	25.808117
111	0.743075	75000	0.211629	26.019747
112	0.740984	75000	0.211265	26.231012
113	0.738898	75000	0.210922	26.441933
114	0.736815	75000	0.210491	26.652424
115	0.734735	75000	0.210234	26.862658
116	0.732659	75000	0.209891	27.072548
117	0.730586	75000	0.209471	27.282020
118	0.728517	75000	0.209124	27.491144
119	0.726452	75000	0.208727	27.699871
120	0.724390	75000	0.208334	27.908205
121	0.722331	75000	0.208063	28.116269
122	0.720276	75000	0.207612	28.323880
123	0.718225	75000	0.207275	28.531156
124	0.716177	75000	0.206870	28.738025
125	0.714132	75000	0.206589	28.944614
126	0.712091	75000	0.206201	29.150815
127	0.710054	75000	0.205812	29.356627
128	0.708020	75000	0.205413	29.562040
129	0.705989	75000	0.205122	29.767162
130	0.703962	75000	0.204713	29.971875
131	0.701939	75000	0.204320	30.176195
132	0.699919	75000	0.204002	30.380197
133	0.697902	75000	0.203579	30.583776
134	0.695889	75000	0.203279	30.787056
135	0.693880	75000	0.202894	30.989949
136	0.691874	75000	0.202602	31.192551
137	0.689871	75000	0.202129	31.394680
138	0.687872	75000	0.201826	31.596506
139	0.685877	75000	0.201486	31.797992
140	0.683885	75000	0.201104	31.999096
141	0.681896	75000	0.200753	32.199850
142	0.679911	75000	0.200438	32.400287
143	0.677929	75000	0.200081	32.600368
144	0.675951	75000	0.199726	32.800094
145	0.673976	75000	0.199345	32.999439
146	0.672005	75000	0.198961	33.198400
147	0.670037	75000	0.198673	33.397073
148	0.668073	75000	0.198240	33.595313
149	0.666112	75000	0.197919	33.793232
150	0.664155	75000	0.197487	33.990719
151	0.662201	75000	0.197165	34.187884
152	0.660250	75000	0.196880	34.384763
153	0.658303	75000	0.196381	34.581144
154	0.656359	75000	0.196126	34.777270
155	0.654419	75000	0.195760	34.973030
156	0.652483	75000	0.195386	35.168416
157	0.650549	75000	0.195008	35.363424
158	0.648619	75000	0.194686	35.558110
159	0.646693	75000	0.194274	35.752384
160	0.644770	75000	0.193950	35.946334
161	0.642851	75000	0.193683	36.140017
162	0.640934	75000	0.193286	36.333303
163	0.639022	75000	0.192945	36.526248
164	0.637113	75000	0.192515	36.718763
165	0.635207	75000	0.192200	36.910963
166	0.633304	75000	0.191854	37.102817
167	0.631405	75000	0.191480	37.294297
168	0.629510	75000	0.191132	37.485430
169	0.627618	75000	0.190752	37.676182
170	0.625729	75000	0.190427	37.866609
171	0.623844	75000	0.190151	38.056760
172	0.621962	75000	0.189720	38.246480
173	0.620083	75000	0.189409	38.435889
174	0.618208	75000	0.189029	38.624918
175	0.616337	75000	0.188726	38.813643
176	0.614468	75000	0.188266	39.001909
177	0.612604	75000	0.187969	39.189878
178	0.610742	75000	0.187623	39.377501
179	0.608884	75000	0.187288	39.564789
180	0.607029	75000	0.186920	39.751709
181	0.605178	75000	0.186617	39.938326
182	0.603330	75000	0.186210	40.124536
183	0.601486	75000	0.185879	40.310416
184	0.599645	75000	0.185489	40.495904
185	0.597807	75000	0.185129	40.681033
186	0.595973	75000	0.184757	40.865791
187	0.594142	75000	0.184504	41.050294
188	0.592314	75000	0.184086	41.234380
189	0.590490	75000	0.183783	41.418164
190	0.588669	75000	0.183341	41.601505
191	0.586852	75000	0.183084	41.784589
192	0.585038	75000	0.182666	41.967255
193	0.583227	75000	0.182386	42.149641
194	0.581420	75000	0.182014	42.331654
195	0.579616	75000	0.181626	42.513281
196	0.577815	75000	0.181292	42.694573
197	0.576018	75000	0.180969	42.875542
198	0.574224	75000	0.180650	43.056192
199	0.572433	75000	0.180229	43.236421
200	0.570646	75000	0.179878	43.416299
201	0.568862	75000	0.179550	43.595849
202	0.567082	75000	0.179179	43.775028
203	0.565305	75000	0.178927	43.953956
204	0.563531	75000	0.178549	44.132505
205	0.561761	75000	0.178127	44.310632
206	0.559993	75000	0.177818	44.488450
207	0.558230	75000	0.177512	44.665962
208	0.556469	75000	0.177152	44.843114
209	0.554712	75000	0.176821	45.019936
210	0.552958	75000	0.176466	45.196401
211	0.551208	75000	0.176192	45.372593
212	0.549461	75000	0.175705	45.548298
213	0.547717	75000	0.175420	45.723718
214	0.545977	75000	0.175083	45.898801
215	0.544240	75000	0.174712	46.073513
216	0.542506	75000	0.174364	46.247877
217	0.540775	75000	0.174043	46.421920
218	0.539048	75000	0.173721	46.595641
219	0.537324	75000	0.173327	46.768968
220	0.535604	75000	0.173009	46.941977
221	0.533887	75000	0.172602	47.114578
222	0.532173	75000	0.172339	47.286918
223	0.530462	75000	0.171977	47.458895
224	0.528755	75000	0.171560	47.630456
225	0.527051	75000	0.171329	47.801785
226	0.525350	75000	0.170949	47.972734
227	0.523653	75000	0.170608	48.143342
228	0.521958	75000	0.170231	48.313573
229	0.520268	75000	0.169908	48.483480
230	0.518580	75000	0.169546	48.653026
231	0.516896	75000	0.169213	48.822239
232	0.515215	75000	0.168913	48.991152
233	0.513537	75000	0.168495	49.159647
234	0.511863	75000	0.168173	49.327820
235	0.510192	75000	0.167854	49.495673
236	0.508524	75000	0.167547	49.663220
237	0.506859	75000	0.167179	49.830399
238	0.505198	75000	0.166868	49.997267
239	0.503540	75000	0.166540	50.163807
240	0.501885	75000	0.166119	50.329925
241	0.500234	75000	0.165879	50.495804
242	0.498586	75000	0.165486	50.661290
243	0.496941	75000	0.165128	50.826417
244	0.495299	75000	0.164830	50.991248
245	0.493660	75000	0.164507	51.155754
246	0.492025	75000	0.164198	51.319952
247	0.490393	75000	0.163835	51.483788
248	0.488765	75000	0.163491	51.647278
249	0.487139	75000	0.163117	51.810395
250	0.485517	75000	0.162822	51.973217
251	0.483898	75000	0.162477	52.135694
252	0.482283	75000	0.162130	52.297824
253	0.480670	75000	0.161745	52.459570
254	0.479061	75000	0.161460	52.621030
255	0.477455	75000	0.161107	52.782137
256	0.475852	75000	0.160732	52.942869
257	0.474253	75000	0.160484	53.103353
258	0.472656	75000	0.160084	53.263436
259	0.471063	75000	0.159736	53.423172
260	0.469474	75000	0.159458	53.582630
261	0.467887	75000	0.159098	53.741729
262	0.466304	75000	0.158755	53.900483
263	0.464723	75000	0.158442	54.058925
264	0.463146	75000	0.158040	54.216965
265	0.461573	75000	0.157801	54.374766
266	0.460002	75000	0.157494	54.532260
267	0.458435	75000	0.157029	54.689289
268	0.456871	75000	0.156735	54.846024
269	0.455310	75000	0.156393	55.002417
270	0.453752	75000	0.156091	55.158508
271	0.452198	75000	0.155692	55.314200
272	0.450647	75000	0.155415	55.469615
273	0.449098	75000	0.155066	55.624681
274	0.447554	75000	0.154708	55.779389
275	0.446012	75000	0.154482	55.933871
276	0.444473	75000	0.154091	56.087962
277	0.442938	75000	0.153839	56.241801
278	0.441406	75000	0.153376	56.395177
279	0.439877	75000	0.153073	56.548251
280	0.438351	75000	0.152720	56.700971
281	0.436829	75000	0.152436	56.853407
282	0.435309	75000	0.152183	57.005590
283	0.433793	75000	0.151759	57.157348
284	0.432280	75000	0.151446	57.308795
285	0.430770	75000	0.151156	57.459951
286	0.429263	75000	0.150822	57.610772
287	0.427760	75000	0.150484	57.761257
288	0.426259	75000	0.150215	57.911472
289	0.424762	75000	0.149810	58.061281
290	0.423268	75000	0.149591	58.210872
291	0.421777	75000	0.149106	58.359978
292	0.420289	75000	0.148819	58.508797
293	0.418805	75000	0.148469	58.657265
294	0.417323	75000	0.148178	58.805443
295	0.415845	75000	0.147846	58.953289
296	0.414370	75000	0.147506	59.100794
297	0.412898	75000	0.147155	59.247950
298	0.411429	75000	0.146930	59.394880
299	0.409963	75000	0.146583	59.541463
300	0.408501	75000	0.146155	59.687617
301	0.407041	75000	0.145848	59.833465
302	0.405585	75000	0.145601	59.979066
303	0.404132	75000	0.145227	60.124293
304	0.402682	75000	0.144965	60.269257
305	0.401235	75000	0.144539	60.413797
306	0.399791	75000	0.144192	60.557988
307	0.398350	75000	0.143930	60.701918
308	0.396913	75000	0.143598	60.845516
309	0.395478	75000	0.143279	60.988795
310	0.394047	75000	0.142890	61.131685
311	0.392619	75000	0.142615	61.274300
312	0.391194	75000	0.142339	61.416639
313	0.389772	75000	0.141977	61.558615
314	0.388353	75000	0.141682	61.700297
315	0.386937	75000	0.141160	61.841457
316	0.385524	75000	0.141064	61.982521
317	0.384115	75000	0.140750	62.123271
318	0.382708	75000	0.140365	62.263636
319	0.381305	75000	0.139947	62.403583
320	0.379904	75000	0.139776	62.543360
321	0.378507	75000	0.139457	62.682817
322	0.377113	75000	0.139076	62.821893
323	0.375722	75000	0.138728	62.960622
324	0.374334	75000	0.138418	63.099039
325	0.372949	75000	0.138078	63.237117
326	0.371567	75000	0.137734	63.374851
327	0.370189	75000	0.137540	63.512390
328	0.368813	75000	0.137119	63.649509
329	0.367440	75000	0.136829	63.786338
330	0.366071	75000	0.136403	63.922742
331	0.364705	75000	0.136153	64.058895
332	0.363341	75000	0.135892	64.194787
333	0.361981	75000	0.135615	64.330402
334	0.360624	75000	0.135237	64.465639
335	0.359269	75000	0.134769	64.600408
336	0.357918	75000	0.134608	64.735016
337	0.356570	75000	0.134222	64.869238
338	0.355225	75000	0.133959	65.003196
339	0.353883	75000	0.133669	65.136865
340	0.352544	75000	0.133301	65.270166
341	0.351208	75000	0.132927	65.403093
342	0.349875	75000	0.132716	65.535809
343	0.348546	75000	0.132357	65.668166
344	0.347219	75000	0.131990	65.800156
345	0.345895	75000	0.131688	65.931844
346	0.344574	75000	0.131395	66.063240
347	0.343257	75000	0.131070	66.194310
348	0.341942	75000	0.130715	66.325025
349	0.340630	75000	0.130360	66.455385
350	0.339322	75000	0.130104	66.585489
351	0.338016	75000	0.129758	66.715247
352	0.336714	75000	0.129502	66.844749
353	0.335414	75000	0.129200	66.973949
354	0.334118	75000	0.128902	67.102851
355	0.332824	75000	0.128505	67.231356
356	0.331534	75000	0.128349	67.359705
357	0.330246	75000	0.127997	67.487702
358	0.328962	75000	0.127598	67.615300
359	0.327680	75000	0.127272	67.742572
360	0.326401	75000	0.126956	67.869528
361	0.325126	75000	0.126734	67.996262
362	0.323853	75000	0.126372	68.122634
363	0.322584	75000	0.126050	68.248684
364	0.321317	75000	0.125673	68.374357
365	0.320054	75000	0.125379	68.499737
366	0.318793	75000	0.125132	68.624869
367	0.317536	75000	0.124852	68.749720
368	0.316281	75000	0.124474	68.874194
369	0.315030	75000	0.124165	68.998360
370	0.313781	75000	0.123929	69.122288
371	0.312535	75000	0.123567	69.245855
372	0.311293	75000	0.123177	69.369032
373	0.310053	75000	0.122918	69.491950
374	0.308816	75000	0.122598	69.614548
375	0.307582	75000	0.122403	69.736951
376	0.306352	75000	0.121949	69.858900
377	0.305124	75000	0.121628	69.980528
378	0.303899	75000	0.121270	70.101798
379	0.302677	75000	0.121008	70.222806
380	0.301458	75000	0.120796	70.343602
381	0.300242	75000	0.120433	70.464035
382	0.299029	75000	0.120225	70.584259
383	0.297819	75000	0.119857	70.704116
384	0.296611	75000	0.119459	70.823575
385	0.295407	75000	0.119252	70.942827
386	0.294206	75000	0.118931	71.061758
387	0.293007	75000	0.118495	71.180253
388	0.291812	75000	0.118258	71.298512
389	0.290619	75000	0.117971	71.416483
390	0.289430	75000	0.117709	71.534191
391	0.288243	75000	0.117324	71.651515
392	0.287059	75000	0.117062	71.768577
393	0.285879	75000	0.116715	71.885293
394	0.284701	75000	0.116395	72.001687
395	0.283526	75000	0.116147	72.117834
396	0.282354	75000	0.115799	72.233634
397	0.281184	75000	0.115560	72.349193
398	0.280018	75000	0.115208	72.464402
399	0.278855	75000	0.114929	72.579331
400	0.277694	75000	0.114585	72.693915
401	0.276537	75000	0.114258	72.808174
402	0.275382	75000	0.113945	72.922119
403	0.274230	75000	0.113618	73.035736
404	0.273082	75000	0.113267	73.149003
405	0.271936	75000	0.113209	73.262211
406	0.270793	75000	0.112814	73.375025
407	0.269652	75000	0.112541	73.487566
408	0.268515	75000	0.112215	73.599782
409	0.267381	75000	0.111793	73.711575
410	0.266249	75000	0.111527	73.823102
411	0.265121	75000	0.111226	73.934328
412	0.263995	75000	0.110952	74.045280
413	0.262872	75000	0.110730	74.156009
414	0.261752	75000	0.110305	74.266315
415	0.260635	75000	0.110022	74.376337
416	0.259520	75000	0.109730	74.486067
417	0.258409	75000	0.109590	74.595657
418	0.257300	75000	0.109210	74.704867
419	0.256195	75000	0.108817	74.813684
420	0.255092	75000	0.108605	74.922289
421	0.253992	75000	0.108238	75.030528
422	0.252895	75000	0.107934	75.138462
423	0.251800	75000	0.107671	75.246133
424	0.250709	75000	0.107345	75.353479
425	0.249620	75000	0.107121	75.460600
426	0.248534	75000	0.106831	75.567431
427	0.247451	75000	0.106514	75.673945
428	0.246371	75000	0.106103	75.780048
429	0.245294	75000	0.105897	75.885945
430	0.244220	75000	0.105519	75.991463
431	0.243148	75000	0.105210	76.096673
432	0.242079	75000	0.105070	76.201743
433	0.241013	75000	0.104708	76.306451
434	0.239950	75000	0.104457	76.410908
435	0.238890	75000	0.104032	76.514940
436	0.237832	75000	0.103713	76.618653
437	0.236778	75000	0.103512	76.722165
438	0.235726	75000	0.103136	76.825301
439	0.234677	75000	0.102844	76.928145
440	0.233630	75000	0.102661	77.030806
441	0.232587	75000	0.102316	77.133122
442	0.231546	75000	0.101944	77.235065
443	0.230509	75000	0.101703	77.336768
444	0.229473	75000	0.101487	77.438255
445	0.228441	75000	0.101113	77.539368
446	0.227412	75000	0.100807	77.640174
447	0.226385	75000	0.100571	77.740746
448	0.225361	75000	0.100140	77.840885
449	0.224340	75000	0.099957	77.940842
450	0.223322	75000	0.099751	78.040593
451	0.222306	75000	0.099329	78.139922
452	0.221293	75000	0.099095	78.239017
453	0.220283	75000	0.098810	78.337827
454	0.219276	75000	0.098489	78.436316
455	0.218272	75000	0.098131	78.534446
456	0.217270	75000	0.097897	78.632344
457	0.216271	75000	0.097529	78.729873
458	0.215275	75000	0.097278	78.827151
459	0.214281	75000	0.097111	78.924262
460	0.213291	75000	0.096743	79.021005
461	0.212303	75000	0.096479	79.117484
462	0.211318	75000	0.096040	79.213523
463	0.210335	75000	0.095888	79.309411
464	0.209356	75000	0.095580	79.404991
465	0.208379	75000	0.095419	79.500410
466	0.207404	75000	0.094826	79.595237
467	0.206433	75000	0.094662	79.689899
468	0.205464	75000	0.094297	79.784195
469	0.204498	75000	0.094090	79.878286
470	0.203535	75000	0.093779	79.972064
471	0.202575	75000	0.093496	80.065560
472	0.201617	75000	0.093236	80.158796
473	0.200662	75000	0.092867	80.251663
474	0.199709	75000	0.092586	80.344249
475	0.198760	75000	0.092293	80.436543
476	0.197813	75000	0.092075	80.528618
477	0.196869	75000	0.091681	80.620299
478	0.195927	75000	0.091415	80.711714
479	0.194988	75000	0.091133	80.802847
480	0.194052	75000	0.090773	80.893620
481	0.193119	75000	0.090783	80.984403
482	0.192188	75000	0.090402	81.074805
483	0.191260	75000	0.089894	81.164700
484	0.190335	75000	0.089759	81.254458
485	0.189412	75000	0.089420	81.343878
486	0.188492	75000	0.089151	81.433029
487	0.187575	75000	0.088969	81.521998
488	0.186660	75000	0.088710	81.610708
489	0.185749	75000	0.088378	81.699085
490	0.184839	75000	0.087996	81.787081
491	0.183933	75000	0.087845	81.874926
492	0.183029	75000	0.087392	81.962318
493	0.182128	75000	0.087256	82.049574
494	0.181229	75000	0.086904	82.136478
495	0.180333	75000	0.086713	82.223192
496	0.179440	75000	0.086335	82.309526
497	0.178550	75000	0.085954	82.395480
498	0.177662	75000	0.085844	82.481325
499	0.176777	75000	0.085581	82.566905
500	0.175894	75000	0.085188	82.652093
501	0.175014	75000	0.085039	82.737132
502	0.174137	75000	0.084720	82.821852
503	0.173262	75000	0.084419	82.906271
504	0.172390	75000	0.084130	82.990401
505	0.171521	75000	0.083836	83.074237
506	0.170654	75000	0.083527	83.157764
507	0.169790	75000	0.083337	83.241101
508	0.168929	75000	0.082945	83.324046
509	0.168070	75000	0.082627	83.406673
510	0.167214	75000	0.082585	83.489258
511	0.166360	75000	0.082116	83.571375
512	0.165509	75000	0.081811	83.653185
513	0.164661	75000	0.081516	83.734701
514	0.163815	75000	0.081393	83.816094
515	0.162972	75000	0.080840	83.896934
516	0.162132	75000	0.080576	83.977511
517	0.161294	75000	0.080377	84.057887
518	0.160458	75000	0.080089	84.137977
519	0.159626	75000	0.079819	84.217796
520	0.158796	75000	0.079711	84.297507
521	0.157968	75000	0.079399	84.376905
522	0.157143	75000	0.079092	84.455997
523	0.156321	75000	0.078738	84.534735
524	0.155501	75000	0.078473	84.613207
525	0.154684	75000	0.078148	84.691355
526	0.153870	75000	0.078022	84.769377
527	0.153058	75000	0.077794	84.847171
528	0.152248	75000	0.077380	84.924551
529	0.151441	75000	0.077124	85.001676
530	0.150637	75000	0.076750	85.078426
531	0.149835	75000	0.076508	85.154934
532	0.149036	75000	0.076475	85.231409
533	0.148240	75000	0.076007	85.307416
534	0.147446	75000	0.075684	85.383100
535	0.146654	75000	0.075455	85.458554
536	0.145865	75000	0.075046	85.533600
537	0.145079	75000	0.075017	85.608617
538	0.144295	75000	0.074636	85.683254
539	0.143514	75000	0.074366	85.757619
540	0.142735	75000	0.074108	85.831727
541	0.141959	75000	0.073862	85.905589
542	0.141186	75000	0.073566	85.979155
543	0.140415	75000	0.073176	86.052331
544	0.139646	75000	0.072866	86.125197
545	0.138880	75000	0.072799	86.197996
546	0.138116	75000	0.072419	86.270415
547	0.137356	75000	0.071968	86.342384
548	0.136597	75000	0.071876	86.414260
549	0.135841	75000	0.071631	86.485890
550	0.135088	75000	0.071317	86.557207
551	0.134337	75000	0.071046	86.628254
552	0.133588	75000	0.070905	86.699158
553	0.132843	75000	0.070572	86.769731
554	0.132099	75000	0.070290	86.840020
555	0.131358	75000	0.070046	86.910066
556	0.130620	75000	0.069786	86.979852
557	0.129884	75000	0.069579	87.049431
558	0.129151	75000	0.069233	87.118663
559	0.128420	75000	0.068999	87.187662
560	0.127691	75000	0.068501	87.256163
561	0.126965	75000	0.068425	87.324588
562	0.126242	75000	0.068074	87.392662
563	0.125521	75000	0.067897	87.460559
564	0.124802	75000	0.067681	87.528241
565	0.124086	75000	0.067276	87.595516
566	0.123373	75000	0.067208	87.662724
567	0.122662	75000	0.066808	87.729532
568	0.121953	75000	0.066442	87.795974
569	0.121247	75000	0.066368	87.862341
570	0.120543	75000	0.065886	87.928227
571	0.119842	75000	0.065735	87.993962
572	0.119143	75000	0.065426	88.059388
573	0.118447	75000	0.065155	88.124542
574	0.117753	75000	0.064887	88.189429
575	0.117062	75000	0.064606	88.254035
576	0.116373	75000	0.064365	88.318400
577	0.115686	75000	0.064030	88.382430
578	0.115002	75000	0.063770	88.446200
579	0.114320	75000	0.063504	88.509704
580	0.113641	75000	0.063313	88.573016
581	0.112964	75000	0.062984	88.636001
582	0.112290	75000	0.062817	88.698817
583	0.111618	75000	0.062387	88.761204
584	0.110948	75000	0.062129	88.823333
585	0.110281	75000	0.062013	88.885346
586	0.109616	75000	0.061642	88.946988
587	0.108954	75000	0.061382	89.008370
588	0.108294	75000	0.061167	89.069538
589	0.107637	75000	0.060911	89.130448
590	0.106981	75000	0.060696	89.191144
591	0.106329	75000	0.060449	89.251593
592	0.105678	75000	0.060040	89.311633
593	0.105030	75000	0.059766	89.371399
594	0.104385	75000	0.059616	89.431015
595	0.103742	75000	0.059226	89.490242
596	0.103101	75000	0.058912	89.549153
597	0.102463	75000	0.058865	89.608019
598	0.101827	75000	0.058481	89.666499
599	0.101193	75000	0.058044	89.724543
600	0.100562	75000	0.058104	89.782647
601	0.099933	75000	0.057815	89.840463
602	0.099306	75000	0.057372	89.897835
603	0.098682	75000	0.057056	89.954890
604	0.098060	75000	0.057034	90.011925
605	0.097441	75000	0.056585	90.068510
606	0.096824	75000	0.056541	90.125051
607	0.096209	75000	0.056140	90.181190
608	0.095596	75000	0.055854	90.237045
609	0.094986	75000	0.055601	90.292646
610	0.094379	75000	0.055358	90.348004
611	0.093773	75000	0.055146	90.403150
612	0.093170	75000	0.054885	90.458035
613	0.092570	75000	0.054576	90.512610
614	0.091971	75000	0.054316	90.566927
615	0.091375	75000	0.054242	90.621168
616	0.090781	75000	0.053765	90.674933
617	0.090190	75000	0.053703	90.728636
618	0.089601	75000	0.053473	90.782109
619	0.089014	75000	0.053169	90.835278
620	0.088430	75000	0.052737	90.888015
621	0.087848	75000	0.052485	90.940500
622	0.087268	75000	0.052285	90.992785
623	0.086690	75000	0.052128	91.044913
624	0.086115	75000	0.051797	91.096710
625	0.085542	75000	0.051442	91.148152
626	0.084971	75000	0.051136	91.199287
627	0.084403	75000	0.051014	91.250302
628	0.083837	75000	0.050764	91.301066
629	0.083273	75000	0.050442	91.351508
630	0.082712	75000	0.050249	91.401757
631	0.082152	75000	0.049864	91.451621
632	0.081595	75000	0.049638	91.501259
633	0.081041	75000	0.049563	91.550822
634	0.080488	75000	0.049163	91.599985
635	0.079938	75000	0.049036	91.649021
636	0.079390	75000	0.048540	91.697562
637	0.078845	75000	0.048332	91.745894
638	0.078301	75000	0.047997	91.793891
639	0.077760	75000	0.047961	91.841852
640	0.077221	75000	0.047623	91.889475
641	0.076684	75000	0.047363	91.936838
642	0.076150	75000	0.047101	91.983939
643	0.075618	75000	0.046962	92.030901
644	0.075088	75000	0.046517	92.077418
645	0.074560	75000	0.046317	92.123735
646	0.074035	75000	0.046038	92.169772
647	0.073512	75000	0.045864	92.215636
648	0.072991	75000	0.045625	92.261261
649	0.072472	75000	0.045345	92.306605
650	0.071955	75000	0.045132	92.351737
651	0.071441	75000	0.044855	92.396593
652	0.070929	75000	0.044514	92.441107
653	0.070419	75000	0.044364	92.485471
654	0.069911	75000	0.044225	92.529696
655	0.069406	75000	0.043774	92.573470
656	0.068903	75000	0.043561	92.617031
657	0.068401	75000	0.043061	92.660091
658	0.067903	75000	0.043180	92.703271
659	0.067406	75000	0.042910	92.746181
660	0.066911	75000	0.042576	92.788757
661	0.066419	75000	0.042339	92.831095
662	0.065929	75000	0.042102	92.873197
663	0.065441	75000	0.041736	92.914933
664	0.064955	75000	0.041434	92.956367
665	0.064471	75000	0.041250	92.997617
666	0.063990	75000	0.041159	93.038776
667	0.063510	75000	0.040742	93.079518
668	0.063033	75000	0.040354	93.119872
669	0.062558	75000	0.040270	93.160142
670	0.062085	75000	0.040169	93.200311
671	0.061615	75000	0.039760	93.240071
672	0.061146	75000	0.039669	93.279740
673	0.060680	75000	0.039237	93.318977
674	0.060216	75000	0.039011	93.357987
675	0.059753	75000	0.038799	93.396787
676	0.059293	75000	0.038434	93.435221
677	0.058836	75000	0.038200	93.473420
678	0.058380	75000	0.038073	93.511494
679	0.057926	75000	0.037900	93.549393
680	0.057475	75000	0.037650	93.587044
681	0.057025	75000	0.037378	93.624422
682	0.056578	75000	0.037061	93.661483
683	0.056133	75000	0.036655	93.698138
684	0.055690	75000	0.036554	93.734692
685	0.055249	75000	0.036386	93.771078
686	0.054810	75000	0.036033	93.807111
687	0.054373	75000	0.035735	93.842847
688	0.053939	75000	0.035537	93.878383
689	0.053506	75000	0.035246	93.913630
690	0.053076	75000	0.034832	93.948461
691	0.052647	75000	0.034667	93.983129
692	0.052221	75000	0.034563	94.017692
693	0.051797	75000	0.034174	94.051866
694	0.051375	75000	0.033894	94.085760
695	0.050955	75000	0.033800	94.119560
696	0.050537	75000	0.033263	94.152823
697	0.050121	75000	0.033090	94.185914
698	0.049707	75000	0.033000	94.218914
699	0.049295	75000	0.032627	94.251540
700	0.048885	75000	0.032354	94.283895
701	0.048478	75000	0.032145	94.316040
702	0.048072	75000	0.031872	94.347912
703	0.047668	75000	0.031662	94.379574
704	0.047267	75000	0.031485	94.411059
705	0.046867	75000	0.031086	94.442146
706	0.046470	75000	0.030626	94.472772
707	0.046074	75000	0.030781	94.503553
708	0.045681	75000	0.030136	94.533689
709	0.045289	75000	0.030205	94.563894
710	0.044900	75000	0.030028	94.593922
711	0.044512	75000	0.029870	94.623792
712	0.044127	75000	0.029587	94.653379
713	0.043744	75000	0.028883	94.682263
714	0.043362	75000	0.028763	94.711026
715	0.042983	75000	0.028529	94.739555
716	0.042606	75000	0.028368	94.767923
717	0.042230	75000	0.028285	94.796208
718	0.041857	75000	0.027837	94.824045
719	0.041485	75000	0.027465	94.851510
720	0.041116	75000	0.027372	94.878882
721	0.040749	75000	0.027091	94.905973
722	0.040383	75000	0.026885	94.932858
723	0.040020	75000	0.026628	94.959486
724	0.039658	75000	0.026100	94.985586
725	0.039299	75000	0.026063	95.011649
726	0.038941	75000	0.025781	95.037430
727	0.038585	75000	0.025647	95.063077
728	0.038232	75000	0.025318	95.088395
729	0.037880	75000	0.024942	95.113337
730	0.037530	75000	0.024871	95.138208
731	0.037182	75000	0.024399	95.162607
732	0.036836	75000	0.024423	95.187030
733	0.036493	75000	0.024178	95.211208
734	0.036151	75000	0.023728	95.234937
735	0.035810	75000	0.023410	95.258346
736	0.035472	75000	0.023442	95.281788
737	0.035136	75000	0.022912	95.304700
738	0.034802	75000	0.022799	95.327499
739	0.034469	75000	0.022250	95.349748
740	0.034139	75000	0.022322	95.372070
741	0.033810	75000	0.021720	95.393790
742	0.033484	75000	0.021480	95.415271
743	0.033159	75000	0.021423	95.436694
744	0.032836	75000	0.021081	95.457775
745	0.032515	75000	0.020782	95.478557
746	0.032196	75000	0.020655	95.499211
747	0.031879	75000	0.020310	95.519522
748	0.031563	75000	0.020257	95.539779
749	0.031250	75000	0.019818	95.559597
750	0.030938	75000	0.019776	95.579373
751	0.030629	75000	0.019124	95.598497
752	0.030321	75000	0.018778	95.617274
753	0.030015	75000	0.018575	95.635850
754	0.029711	75000	0.018611	95.654461
755	0.029409	75000	0.017819	95.672280
756	0.029108	75000	0.017779	95.690059
757	0.028810	75000	0.017629	95.707688
758	0.028513	75000	0.017243	95.724930
759	0.028218	75000	0.016951	95.741881
760	0.027925	75000	0.016691	95.758572
761	0.027634	75000	0.016367	95.774939
762	0.027345	75000	0.016199	95.791138
763	0.027057	75000	0.015884	95.807022
764	0.026771	75000	0.015806	95.822828
765	0.026487	75000	0.015633	95.838461
766	0.026205	75000	0.014944	95.853404
767	0.025925	75000	0.014792	95.868196
768	0.025647	75000	0.014525	95.882721
769	0.025370	75000	0.014378	95.897099
770	0.025095	75000	0.013768	95.910867
771	0.024822	75000	0.013769	95.924636
772	0.024551	75000	0.013203	95.937839
773	0.024281	75000	0.013185	95.951024
774	0.024014	75000	0.012613	95.963637
775	0.023748	75000	0.012338	95.975975
776	0.023483	75000	0.011998	95.987973
777	0.023221	75000	0.011894	95.999867
778	0.022960	75000	0.011780	96.011647
779	0.022702	75000	0.010816	96.022463
780	0.022445	75000	0.010825	96.033288
781	0.022189	75000	0.010725	96.044012
782	0.021936	75000	0.009887	96.053900
783	0.021684	75000	0.010008	96.063908
784	0.021434	75000	0.009823	96.073730
785	0.021185	75000	0.009753	96.083483
786	0.020939	75000	0.008718	96.092201
787	0.020694	75000	0.008521	96.100722
788	0.020451	75000	0.008479	96.109202
789	0.020209	75000	0.008000	96.117201
790	0.019969	75000	0.007960	96.125161
791	0.019731	75000	0.007221	96.132382
792	0.019495	75000	0.007100	96.139482
793	0.019261	75000	0.006445	96.145928
794	0.019028	75000	0.006417	96.152345
795	0.018796	75000	0.005596	96.157940
796	0.018567	75000	0.005701	96.163641
797	0.018339	75000	0.005499	96.169140
798	0.018113	75000	0.005814	96.174954
799	0.017889	75000	0.004520	96.179474
800	0.017666	75000	0.003846	96.183320
801	0.017445	75000	0.003810	96.187130
802	0.017225	75000	0.003290	96.190420
803	0.017007	75000	0.002899	96.193319
804	0.016791	75000	0.002908	96.196227
805	0.016577	75000	0.002074	96.198301
806	0.016364	75000	0.002270	96.200571
807	0.016153	75000	0.001599	96.202170
808	0.015943	75000	0.000882	96.203052
809	0.015736	75000	0.001205	96.204257
810	0.015529	75000	-0.000206	96.204052
811	0.015325	75000	-0.000058	96.203994
812	0.015122	75000	-0.001326	96.202668
813	0.014920	75000	-0.001196	96.201472
814	0.014721	75000	-0.001100	96.200372
815	0.014523	75000	-0.002311	96.198061
816	0.014326	75000	-0.001831	96.196230
817	0.014131	75000	-0.002500	96.193730
818	0.013938	75000	-0.003408	96.190322
819	0.013746	75000	-0.004166	96.186156
820	0.013556	75000	-0.004741	96.181415
821	0.013367	75000	-0.004520	96.176895
822	0.013181	75000	-0.005887	96.171009
823	0.012995	75000	-0.006050	96.164959
824	0.012811	75000	-0.006086	96.158873
825	0.012629	75000	-0.006045	96.152828
826	0.012448	75000	-0.007625	96.145203
827	0.012269	75000	-0.007504	96.137699
828	0.012092	75000	-0.009049	96.128650
829	0.011916	75000	-0.008962	96.119688
830	0.011741	75000	-0.010434	96.109254
831	0.011568	75000	-0.010871	96.098383
832	0.011397	75000	-0.012330	96.086053
833	0.011227	75000	-0.011568	96.074485
834	0.011059	75000	-0.012814	96.061671
835	0.010892	75000	-0.013355	96.048316
836	0.010727	75000	-0.013789	96.034527
837	0.010563	75000	-0.014240	96.020287
838	0.010401	75000	-0.014573	96.005715
839	0.010240	75000	-0.015685	95.990030
840	0.010081	75000	-0.017515	95.972514
841	0.009923	75000	-0.020189	95.952326
842	0.009767	75000	-0.019915	95.932410
843	0.009612	75000	-0.020688	95.911722
844	0.009459	75000	-0.019748	95.891974
845	0.009307	75000	-0.022362	95.869612
846	0.009156	75000	-0.023364	95.846249
847	0.009008	75000	-0.024477	95.821772
848	0.008860	75000	-0.023196	95.798575
849	0.008714	75000	-0.025718	95.772857
850	0.008570	75000	-0.026431	95.746426
851	0.008427	75000	-0.028537	95.717888
852	0.008285	75000	-0.028077	95.689812
853	0.008145	75000	-0.033670	95.656142
854	0.008006	75000	-0.033316	95.622826
855	0.007869	75000	-0.032924	95.589902
856	0.007733	75000	-0.033936	95.555966
857	0.007598	75000	-0.035442	95.520524
858	0.007465	75000	-0.040274	95.480250
859	0.007334	75000	-0.040525	95.439725
860	0.007203	75000	-0.042085	95.397640
861	0.007075	75000	-0.043429	95.354211
862	0.006947	75000	-0.046138	95.308073
863	0.006821	75000	-0.044314	95.263759
864	0.006696	75000	-0.047358	95.216402
865	0.006573	75000	-0.049503	95.166898
866	0.006451	75000	-0.048055	95.118844
867	0.006330	75000	-0.051387	95.067456
868	0.006211	75000	-0.054949	95.012508
869	0.006093	75000	-0.056705	94.955802
870	0.005977	75000	-0.057083	94.898720
871	0.005862	75000	-0.058664	94.840056
872	0.005748	75000	-0.061850	94.778206
873	0.005635	75000	-0.062296	94.715910
874	0.005524	75000	-0.064152	94.651758
875	0.005414	75000	-0.069105	94.582653
876	0.005306	75000	-0.069657	94.512995
877	0.005199	75000	-0.070335	94.442660
878	0.005093	75000	-0.072720	94.369940
879	0.004988	75000	-0.075998	94.293943
880	0.004885	75000	-0.075302	94.218641
881	0.004783	75000	-0.078863	94.139778
882	0.004682	75000	-0.079463	94.060315
883	0.004583	75000	-0.082530	93.977785
884	0.004485	75000	-0.083515	93.894270
885	0.004388	75000	-0.083475	93.810795
886	0.004292	75000	-0.086130	93.724666
887	0.004198	75000	-0.086178	93.638488
888	0.004105	75000	-0.088730	93.549757
889	0.004013	75000	-0.087423	93.462334
890	0.003923	75000	-0.088978	93.373356
891	0.003833	75000	-0.091349	93.282007
892	0.003745	75000	-0.090571	93.191435
893	0.003658	75000	-0.091615	93.099820
894	0.003573	75000	-0.093559	93.006261
895	0.003488	75000	-0.093943	92.912318
896	0.003405	75000	-0.095541	92.816777
897	0.003323	75000	-0.097930	92.718847
898	0.003242	75000	-0.097260	92.621587
899	0.003162	75000	-0.095699	92.525887
900	0.003084	75000	-0.095594	92.430293
901	0.003007	75000	-0.095031	92.335262
902	0.002930	75000	-0.097382	92.237881
903	0.002855	75000	-0.097338	92.140543
904	0.002782	75000	-0.095290	92.045253
905	0.002709	75000	-0.097543	91.947710
906	0.002638	75000	-0.096734	91.850976
907	0.002567	75000	-0.095997	91.754980
908	0.002498	75000	-0.095405	91.659574
909	0.002430	75000	-0.094618	91.564957
910	0.002363	75000	-0.095390	91.469567
911	0.002297	75000	-0.093582	91.375985
912	0.002233	75000	-0.093319	91.282666
913	0.002169	75000	-0.091476	91.191190
914	0.002106	75000	-0.091916	91.099274
915	0.002045	75000	-0.091050	91.008224
916	0.001985	75000	-0.089683	90.918541
917	0.001925	75000	-0.089845	90.828696
918	0.001867	75000	-0.087868	90.740828
919	0.001810	75000	-0.087615	90.653213
920	0.001754	75000	-0.086170	90.567042
921	0.001699	75000	-0.086101	90.480941
922	0.001645	75000	-0.084785	90.396156
923	0.001592	75000	-0.083783	90.312374
924	0.001540	75000	-0.082228	90.230146
925	0.001490	75000	-0.079963	90.150183
926	0.001440	75000	-0.080108	90.070075
927	0.001391	75000	-0.078744	89.991331
928	0.001343	75000	-0.077538	89.913793
929	0.001296	75000	-0.075887	89.837906
930	0.001251	75000	-0.074516	89.763390
931	0.001206	75000	-0.073272	89.690118
932	0.001162	75000	-0.072104	89.618014
933	0.001119	75000	-0.071397	89.546617
934	0.001077	75000	-0.070114	89.476503
935	0.001036	75000	-0.068503	89.408000
936	0.000996	75000	-0.066512	89.341487
937	0.000957	75000	-0.065943	89.275544
938	0.000919	75000	-0.064226	89.211318
939	0.000882	75000	-0.063419	89.147900
940	0.000846	75000	-0.061551	89.086348
941	0.000810	75000	-0.060693	89.025655
942	0.000776	75000	-0.058883	88.966772
943	0.000742	75000	-0.057421	88.909351
944	0.000709	75000	-0.056445	88.852906
945	0.000678	75000	-0.054860	88.798046
946	0.000647	75000	-0.053431	88.744615
947	0.000617	75000	-0.052032	88.692583
948	0.000587	75000	-0.050775	88.641808
949	0.000559	75000	-0.049246	88.592562
950	0.000531	75000	-0.047941	88.544621
951	0.000505	75000	-0.046961	88.497661
952	0.000479	75000	-0.045233	88.452428
953	0.000454	75000	-0.044028	88.408400
954	0.000430	75000	-0.042609	88.365791
955	0.000406	75000	-0.041187	88.324603
956	0.000383	75000	-0.040073	88.284530
957	0.000362	75000	-0.038922	88.245608
958	0.000340	75000	-0.037342	88.208266
959	0.000320	75000	-0.036089	88.172177
960	0.000300	75000	-0.034878	88.137299
961	0.000281	75000	-0.033571	88.103728
962	0.000263	75000	-0.032293	88.071435
963	0.000246	75000	-0.030993	88.040443
964	0.000229	75000	-0.029791	88.010651
965	0.000213	75000	-0.028568	87.982083
966	0.000198	75000	-0.027548	87.954535
967	0.000183	75000	-0.026228	87.928307
968	0.000169	75000	-0.024975	87.903332
969	0.000156	75000	-0.023923	87.879409
970	0.000143	75000	-0.022773	87.856636
971	0.000131	75000	-0.021596	87.835040
972	0.000120	75000	-0.020502	87.814538
973	0.000109	75000	-0.019386	87.795152
974	0.000099	75000	-0.018318	87.776834
975	0.000089	75000	-0.017266	87.759568
976	0.000080	75000	-0.016190	87.743377
977	0.000072	75000	-0.015165	87.728212
978	0.000064	75000	-0.014175	87.714037
979	0.000057	75000	-0.013213	87.700824
980	0.000050	75000	-0.012237	87.688588
981	0.000043	75000	-0.011368	87.677220
982	0.000038	75000	-0.010470	87.666750
983	0.000032	75000	-0.009575	87.657175
984	0.000028	75000	-0.008745	87.648430
985	0.000023	75000	-0.007895	87.640536
986	0.000019	75000	-0.007128	87.633407
987	0.000016	75000	-0.006320	87.627087
988	0.000013	75000	-0.005585	87.621502
989	0.000010	75000	-0.004874	87.616628
990	0.000008	75000	-0.004195	87.612434
991	0.000006	75000	-0.003550	87.608884
992	0.000004	75000	-0.002946	87.605938
993	0.000003	75000	-0.002376	87.603562
994	0.000002	75000	-0.001847	87.601714
995	0.000001	75000	-0.001369	87.600345
996	0.000000	75000	-0.000938	87.599407
997	0.000000	75000	-0.000566	87.598841
998	0.000000	75000	-0.000267	87.598574
999	0.000000	75000	-0.000057	87.598517
Log marginal likelihood:	87.598517
