Steppingstone sampler:
        No Stones:                  1000
        Start It:                   10000001
        It Per Stone:               100000
        Sample Freq:                1
        Dist:                       Beta(0.400000,1.000000)
Stone No	Power	N	Stone MLh	Running MLh
0	0.997502	75000	0.228947	0.228947
1	0.995007	75000	0.228590	0.457537
2	0.992517	75000	0.228304	0.685841
3	0.990030	75000	0.227929	0.913770
4	0.987547	75000	0.227527	1.141296
5	0.985067	75000	0.227244	1.368540
6	0.982592	75000	0.226850	1.595390
7	0.980120	75000	0.226480	1.821870
8	0.977652	75000	0.226145	2.048015
9	0.975187	75000	0.225888	2.273903
10	0.972726	75000	0.225486	2.499389
11	0.970269	75000	0.225128	2.724517
12	0.967816	75000	0.224757	2.949274
13	0.965367	75000	0.224445	3.173719
14	0.962921	75000	0.224069	3.397788
15	0.960479	75000	0.223761	3.621549
16	0.958040	75000	0.223345	3.844893
17	0.955606	75000	0.223052	4.067945
18	0.953175	75000	0.222666	4.290611
19	0.950747	75000	0.222390	4.513001
20	0.948324	75000	0.222029	4.735029
21	0.945904	75000	0.221692	4.956722
22	0.943488	75000	0.221242	5.177964
23	0.941076	75000	0.220931	5.398895
24	0.938667	75000	0.220599	5.619493
25	0.936262	75000	0.220277	5.839771
26	0.933861	75000	0.219935	6.059706
27	0.931463	75000	0.219586	6.279292
28	0.929069	75000	0.219220	6.498511
29	0.926679	75000	0.218847	6.717358
30	0.924293	75000	0.218527	6.935885
31	0.921910	75000	0.218156	7.154041
32	0.919531	75000	0.217859	7.371900
33	0.917155	75000	0.217550	7.589450
34	0.914783	75000	0.217106	7.806557
35	0.912415	75000	0.216814	8.023371
36	0.910051	75000	0.216526	8.239897
37	0.907690	75000	0.216169	8.456067
38	0.905333	75000	0.215785	8.671852
39	0.902980	75000	0.215452	8.887304
40	0.900630	75000	0.215068	9.102372
41	0.898284	75000	0.214739	9.317112
42	0.895942	75000	0.214386	9.531497
43	0.893603	75000	0.214071	9.745568
44	0.891268	75000	0.213783	9.959351
45	0.888937	75000	0.213414	10.172765
46	0.886609	75000	0.213075	10.385840
47	0.884285	75000	0.212663	10.598503
48	0.881965	75000	0.212433	10.810936
49	0.879648	75000	0.211983	11.022919
50	0.877335	75000	0.211714	11.234633
51	0.875026	75000	0.211376	11.446009
52	0.872720	75000	0.210925	11.656934
53	0.870418	75000	0.210682	11.867616
54	0.868120	75000	0.210317	12.077933
55	0.865825	75000	0.209935	12.287869
56	0.863534	75000	0.209645	12.497514
57	0.861246	75000	0.209279	12.706792
58	0.858962	75000	0.208977	12.915770
59	0.856682	75000	0.208613	13.124383
60	0.854405	75000	0.208289	13.332672
61	0.852132	75000	0.207882	13.540554
62	0.849863	75000	0.207638	13.748192
63	0.847597	75000	0.207231	13.955423
64	0.845335	75000	0.206913	14.162336
65	0.843077	75000	0.206582	14.368918
66	0.840822	75000	0.206237	14.575155
67	0.838571	75000	0.205928	14.781083
68	0.836323	75000	0.205590	14.986673
69	0.834079	75000	0.205258	15.191931
70	0.831839	75000	0.204986	15.396917
71	0.829602	75000	0.204572	15.601490
72	0.827369	75000	0.204164	15.805653
73	0.825140	75000	0.203896	16.009549
74	0.822914	75000	0.203509	16.213059
75	0.820691	75000	0.203155	16.416214
76	0.818473	75000	0.202865	16.619078
77	0.816258	75000	0.202531	16.821609
78	0.814046	75000	0.202195	17.023804
79	0.811838	75000	0.201889	17.225692
80	0.809634	75000	0.201589	17.427281
81	0.807433	75000	0.201192	17.628473
82	0.805236	75000	0.200848	17.829321
83	0.803043	75000	0.200505	18.029826
84	0.800853	75000	0.200219	18.230045
85	0.798667	75000	0.199833	18.429878
86	0.796484	75000	0.199513	18.629391
87	0.794305	75000	0.199167	18.828558
88	0.792129	75000	0.198884	19.027442
89	0.789957	75000	0.198550	19.225992
90	0.787789	75000	0.198172	19.424164
91	0.785624	75000	0.197782	19.621945
92	0.783463	75000	0.197508	19.819453
93	0.781305	75000	0.197143	20.016596
94	0.779151	75000	0.196816	20.213412
95	0.777000	75000	0.196462	20.409874
96	0.774853	75000	0.196169	20.606043
97	0.772710	75000	0.195821	20.801864
98	0.770570	75000	0.195537	20.997400
99	0.768433	75000	0.195158	21.192559
100	0.766301	75000	0.194811	21.387370
101	0.764172	75000	0.194474	21.581843
102	0.762046	75000	0.194212	21.776055
103	0.759924	75000	0.193787	21.969842
104	0.757805	75000	0.193541	22.163383
105	0.755690	75000	0.193196	22.356579
106	0.753579	75000	0.192834	22.549413
107	0.751471	75000	0.192505	22.741918
108	0.749366	75000	0.192142	22.934059
109	0.747266	75000	0.191839	23.125898
110	0.745168	75000	0.191494	23.317392
111	0.743075	75000	0.191169	23.508560
112	0.740984	75000	0.190873	23.699434
113	0.738898	75000	0.190519	23.889953
114	0.736815	75000	0.190106	24.080059
115	0.734735	75000	0.189840	24.269899
116	0.732659	75000	0.189533	24.459432
117	0.730586	75000	0.189193	24.648625
118	0.728517	75000	0.188861	24.837486
119	0.726452	75000	0.188502	25.025988
120	0.724390	75000	0.188222	25.214210
121	0.722331	75000	0.187867	25.402077
122	0.720276	75000	0.187548	25.589624
123	0.718225	75000	0.187168	25.776792
124	0.716177	75000	0.186873	25.963665
125	0.714132	75000	0.186542	26.150207
126	0.712091	75000	0.186281	26.336488
127	0.710054	75000	0.185989	26.522477
128	0.708020	75000	0.185611	26.708088
129	0.705989	75000	0.185249	26.893337
130	0.703962	75000	0.184978	27.078315
131	0.701939	75000	0.184613	27.262928
132	0.699919	75000	0.184247	27.447174
133	0.697902	75000	0.183911	27.631086
134	0.695889	75000	0.183645	27.814731
135	0.693880	75000	0.183299	27.998030
136	0.691874	75000	0.182925	28.180955
137	0.689871	75000	0.182632	28.363587
138	0.687872	75000	0.182342	28.545929
139	0.685877	75000	0.182025	28.727954
140	0.683885	75000	0.181617	28.909572
141	0.681896	75000	0.181338	29.090910
142	0.679911	75000	0.181014	29.271924
143	0.677929	75000	0.180723	29.452647
144	0.675951	75000	0.180351	29.632998
145	0.673976	75000	0.180018	29.813016
146	0.672005	75000	0.179660	29.992676
147	0.670037	75000	0.179380	30.172056
148	0.668073	75000	0.179053	30.351109
149	0.666112	75000	0.178768	30.529877
150	0.664155	75000	0.178420	30.708297
151	0.662201	75000	0.178065	30.886362
152	0.660250	75000	0.177738	31.064100
153	0.658303	75000	0.177409	31.241509
154	0.656359	75000	0.177121	31.418630
155	0.654419	75000	0.176764	31.595393
156	0.652483	75000	0.176477	31.771870
157	0.650549	75000	0.176224	31.948095
158	0.648619	75000	0.175761	32.123856
159	0.646693	75000	0.175559	32.299415
160	0.644770	75000	0.175135	32.474549
161	0.642851	75000	0.174970	32.649520
162	0.640934	75000	0.174519	32.824038
163	0.639022	75000	0.174180	32.998219
164	0.637113	75000	0.173890	33.172108
165	0.635207	75000	0.173605	33.345714
166	0.633304	75000	0.173191	33.518905
167	0.631405	75000	0.172911	33.691816
168	0.629510	75000	0.172611	33.864427
169	0.627618	75000	0.172346	34.036773
170	0.625729	75000	0.172015	34.208788
171	0.623844	75000	0.171631	34.380419
172	0.621962	75000	0.171325	34.551744
173	0.620083	75000	0.171043	34.722786
174	0.618208	75000	0.170648	34.893434
175	0.616337	75000	0.170348	35.063782
176	0.614468	75000	0.170083	35.233865
177	0.612604	75000	0.169750	35.403614
178	0.610742	75000	0.169461	35.573075
179	0.608884	75000	0.169142	35.742217
180	0.607029	75000	0.168720	35.910937
181	0.605178	75000	0.168515	36.079452
182	0.603330	75000	0.168115	36.247568
183	0.601486	75000	0.167786	36.415353
184	0.599645	75000	0.167473	36.582827
185	0.597807	75000	0.167149	36.749976
186	0.595973	75000	0.166854	36.916830
187	0.594142	75000	0.166498	37.083328
188	0.592314	75000	0.166270	37.249599
189	0.590490	75000	0.165943	37.415542
190	0.588669	75000	0.165659	37.581201
191	0.586852	75000	0.165259	37.746460
192	0.585038	75000	0.164946	37.911406
193	0.583227	75000	0.164589	38.075996
194	0.581420	75000	0.164264	38.240260
195	0.579616	75000	0.163970	38.404230
196	0.577815	75000	0.163770	38.568000
197	0.576018	75000	0.163410	38.731410
198	0.574224	75000	0.163090	38.894500
199	0.572433	75000	0.162715	39.057214
200	0.570646	75000	0.162429	39.219644
201	0.568862	75000	0.162154	39.381797
202	0.567082	75000	0.161847	39.543644
203	0.565305	75000	0.161473	39.705118
204	0.563531	75000	0.161198	39.866316
205	0.561761	75000	0.160856	40.027171
206	0.559993	75000	0.160589	40.187760
207	0.558230	75000	0.160273	40.348034
208	0.556469	75000	0.159930	40.507964
209	0.554712	75000	0.159537	40.667501
210	0.552958	75000	0.159325	40.826826
211	0.551208	75000	0.159018	40.985845
212	0.549461	75000	0.158659	41.144503
213	0.547717	75000	0.158342	41.302845
214	0.545977	75000	0.158006	41.460851
215	0.544240	75000	0.157696	41.618548
216	0.542506	75000	0.157406	41.775954
217	0.540775	75000	0.157133	41.933087
218	0.539048	75000	0.156709	42.089796
219	0.537324	75000	0.156439	42.246235
220	0.535604	75000	0.156280	42.402515
221	0.533887	75000	0.155805	42.558320
222	0.532173	75000	0.155586	42.713906
223	0.530462	75000	0.155281	42.869187
224	0.528755	75000	0.154860	43.024047
225	0.527051	75000	0.154652	43.178699
226	0.525350	75000	0.154352	43.333052
227	0.523653	75000	0.154006	43.487058
228	0.521958	75000	0.153692	43.640750
229	0.520268	75000	0.153347	43.794097
230	0.518580	75000	0.153005	43.947102
231	0.516896	75000	0.152747	44.099849
232	0.515215	75000	0.152425	44.252274
233	0.513537	75000	0.152046	44.404320
234	0.511863	75000	0.151852	44.556173
235	0.510192	75000	0.151544	44.707717
236	0.508524	75000	0.151262	44.858978
237	0.506859	75000	0.150881	45.009859
238	0.505198	75000	0.150603	45.160461
239	0.503540	75000	0.150379	45.310840
240	0.501885	75000	0.150062	45.460902
241	0.500234	75000	0.149652	45.610554
242	0.498586	75000	0.149436	45.759990
243	0.496941	75000	0.149065	45.909055
244	0.495299	75000	0.148720	46.057775
245	0.493660	75000	0.148457	46.206232
246	0.492025	75000	0.148165	46.354397
247	0.490393	75000	0.147838	46.502235
248	0.488765	75000	0.147581	46.649816
249	0.487139	75000	0.147261	46.797077
250	0.485517	75000	0.146959	46.944036
251	0.483898	75000	0.146659	47.090695
252	0.482283	75000	0.146350	47.237045
253	0.480670	75000	0.146024	47.383069
254	0.479061	75000	0.145608	47.528677
255	0.477455	75000	0.145368	47.674045
256	0.475852	75000	0.145077	47.819123
257	0.474253	75000	0.144850	47.963972
258	0.472656	75000	0.144461	48.108433
259	0.471063	75000	0.144167	48.252600
260	0.469474	75000	0.143915	48.396515
261	0.467887	75000	0.143562	48.540077
262	0.466304	75000	0.143216	48.683293
263	0.464723	75000	0.143014	48.826307
264	0.463146	75000	0.142586	48.968893
265	0.461573	75000	0.142386	49.111279
266	0.460002	75000	0.142092	49.253371
267	0.458435	75000	0.141719	49.395090
268	0.456871	75000	0.141508	49.536597
269	0.455310	75000	0.141081	49.677678
270	0.453752	75000	0.140856	49.818534
271	0.452198	75000	0.140535	49.959070
272	0.450647	75000	0.140333	50.099402
273	0.449098	75000	0.139942	50.239344
274	0.447554	75000	0.139711	50.379056
275	0.446012	75000	0.139299	50.518355
276	0.444473	75000	0.139109	50.657464
277	0.442938	75000	0.138708	50.796171
278	0.441406	75000	0.138447	50.934618
279	0.439877	75000	0.138133	51.072750
280	0.438351	75000	0.137830	51.210581
281	0.436829	75000	0.137516	51.348096
282	0.435309	75000	0.137181	51.485277
283	0.433793	75000	0.136923	51.622200
284	0.432280	75000	0.136647	51.758847
285	0.430770	75000	0.136399	51.895245
286	0.429263	75000	0.136041	52.031286
287	0.427760	75000	0.135738	52.167025
288	0.426259	75000	0.135411	52.302435
289	0.424762	75000	0.135117	52.437552
290	0.423268	75000	0.134837	52.572390
291	0.421777	75000	0.134538	52.706927
292	0.420289	75000	0.134325	52.841252
293	0.418805	75000	0.133938	52.975191
294	0.417323	75000	0.133674	53.108865
295	0.415845	75000	0.133405	53.242270
296	0.414370	75000	0.133086	53.375356
297	0.412898	75000	0.132840	53.508196
298	0.411429	75000	0.132523	53.640719
299	0.409963	75000	0.132086	53.772804
300	0.408501	75000	0.131900	53.904705
301	0.407041	75000	0.131669	54.036374
302	0.405585	75000	0.131340	54.167714
303	0.404132	75000	0.130976	54.298690
304	0.402682	75000	0.130719	54.429410
305	0.401235	75000	0.130428	54.559837
306	0.399791	75000	0.130126	54.689963
307	0.398350	75000	0.129788	54.819751
308	0.396913	75000	0.129416	54.949167
309	0.395478	75000	0.129191	55.078359
310	0.394047	75000	0.128917	55.207276
311	0.392619	75000	0.128699	55.335975
312	0.391194	75000	0.128343	55.464318
313	0.389772	75000	0.128197	55.592515
314	0.388353	75000	0.127735	55.720251
315	0.386937	75000	0.127437	55.847687
316	0.385524	75000	0.127082	55.974769
317	0.384115	75000	0.126888	56.101657
318	0.382708	75000	0.126508	56.228165
319	0.381305	75000	0.126347	56.354513
320	0.379904	75000	0.125926	56.480439
321	0.378507	75000	0.125712	56.606150
322	0.377113	75000	0.125397	56.731547
323	0.375722	75000	0.125114	56.856662
324	0.374334	75000	0.124781	56.981443
325	0.372949	75000	0.124578	57.106021
326	0.371567	75000	0.124299	57.230320
327	0.370189	75000	0.123865	57.354186
328	0.368813	75000	0.123586	57.477772
329	0.367440	75000	0.123385	57.601157
330	0.366071	75000	0.123087	57.724244
331	0.364705	75000	0.122710	57.846954
332	0.363341	75000	0.122550	57.969504
333	0.361981	75000	0.122235	58.091739
334	0.360624	75000	0.121891	58.213630
335	0.359269	75000	0.121552	58.335182
336	0.357918	75000	0.121315	58.456497
337	0.356570	75000	0.121045	58.577543
338	0.355225	75000	0.120785	58.698327
339	0.353883	75000	0.120431	58.818758
340	0.352544	75000	0.120226	58.938984
341	0.351208	75000	0.119903	59.058887
342	0.349875	75000	0.119669	59.178555
343	0.348546	75000	0.119443	59.297998
344	0.347219	75000	0.119147	59.417145
345	0.345895	75000	0.118773	59.535918
346	0.344574	75000	0.118461	59.654379
347	0.343257	75000	0.118249	59.772628
348	0.341942	75000	0.117876	59.890504
349	0.340630	75000	0.117602	60.008106
350	0.339322	75000	0.117356	60.125462
351	0.338016	75000	0.117082	60.242544
352	0.336714	75000	0.116795	60.359339
353	0.335414	75000	0.116487	60.475826
354	0.334118	75000	0.116235	60.592061
355	0.332824	75000	0.115935	60.707996
356	0.331534	75000	0.115674	60.823669
357	0.330246	75000	0.115235	60.938905
358	0.328962	75000	0.115001	61.053906
359	0.327680	75000	0.114886	61.168792
360	0.326401	75000	0.114476	61.283268
361	0.325126	75000	0.114109	61.397378
362	0.323853	75000	0.113885	61.511262
363	0.322584	75000	0.113616	61.624879
364	0.321317	75000	0.113349	61.738228
365	0.320054	75000	0.113146	61.851373
366	0.318793	75000	0.112725	61.964098
367	0.317536	75000	0.112471	62.076569
368	0.316281	75000	0.112155	62.188724
369	0.315030	75000	0.111880	62.300603
370	0.313781	75000	0.111720	62.412324
371	0.312535	75000	0.111346	62.523669
372	0.311293	75000	0.111146	62.634815
373	0.310053	75000	0.110761	62.745576
374	0.308816	75000	0.110473	62.856050
375	0.307582	75000	0.110217	62.966267
376	0.306352	75000	0.109910	63.076177
377	0.305124	75000	0.109707	63.185883
378	0.303899	75000	0.109361	63.295244
379	0.302677	75000	0.109048	63.404292
380	0.301458	75000	0.108821	63.513113
381	0.300242	75000	0.108471	63.621583
382	0.299029	75000	0.108303	63.729886
383	0.297819	75000	0.107980	63.837866
384	0.296611	75000	0.107769	63.945635
385	0.295407	75000	0.107477	64.053112
386	0.294206	75000	0.107108	64.160221
387	0.293007	75000	0.106869	64.267090
388	0.291812	75000	0.106585	64.373675
389	0.290619	75000	0.106279	64.479954
390	0.289430	75000	0.106021	64.585975
391	0.288243	75000	0.105632	64.691608
392	0.287059	75000	0.105440	64.797048
393	0.285879	75000	0.105238	64.902286
394	0.284701	75000	0.104936	65.007222
395	0.283526	75000	0.104699	65.111921
396	0.282354	75000	0.104354	65.216275
397	0.281184	75000	0.104023	65.320298
398	0.280018	75000	0.103786	65.424084
399	0.278855	75000	0.103443	65.527527
400	0.277694	75000	0.103232	65.630759
401	0.276537	75000	0.103000	65.733759
402	0.275382	75000	0.102634	65.836392
403	0.274230	75000	0.102332	65.938724
404	0.273082	75000	0.102063	66.040788
405	0.271936	75000	0.101856	66.142644
406	0.270793	75000	0.101583	66.244227
407	0.269652	75000	0.101328	66.345555
408	0.268515	75000	0.101019	66.446575
409	0.267381	75000	0.100900	66.547475
410	0.266249	75000	0.100515	66.647991
411	0.265121	75000	0.100167	66.748158
412	0.263995	75000	0.099893	66.848051
413	0.262872	75000	0.099646	66.947697
414	0.261752	75000	0.099362	67.047059
415	0.260635	75000	0.099064	67.146124
416	0.259520	75000	0.098821	67.244945
417	0.258409	75000	0.098569	67.343513
418	0.257300	75000	0.098359	67.441872
419	0.256195	75000	0.098040	67.539912
420	0.255092	75000	0.097751	67.637662
421	0.253992	75000	0.097473	67.735135
422	0.252895	75000	0.097131	67.832266
423	0.251800	75000	0.096845	67.929110
424	0.250709	75000	0.096719	68.025829
425	0.249620	75000	0.096362	68.122190
426	0.248534	75000	0.096166	68.218356
427	0.247451	75000	0.095963	68.314319
428	0.246371	75000	0.095586	68.409905
429	0.245294	75000	0.095232	68.505137
430	0.244220	75000	0.095040	68.600176
431	0.243148	75000	0.094747	68.694924
432	0.242079	75000	0.094449	68.789372
433	0.241013	75000	0.094210	68.883582
434	0.239950	75000	0.093891	68.977472
435	0.238890	75000	0.093840	69.071312
436	0.237832	75000	0.093363	69.164675
437	0.236778	75000	0.093191	69.257866
438	0.235726	75000	0.092801	69.350668
439	0.234677	75000	0.092621	69.443289
440	0.233630	75000	0.092330	69.535619
441	0.232587	75000	0.091938	69.627557
442	0.231546	75000	0.091789	69.719346
443	0.230509	75000	0.091533	69.810879
444	0.229473	75000	0.091175	69.902053
445	0.228441	75000	0.090988	69.993041
446	0.227412	75000	0.090659	70.083700
447	0.226385	75000	0.090383	70.174083
448	0.225361	75000	0.090123	70.264206
449	0.224340	75000	0.089889	70.354096
450	0.223322	75000	0.089691	70.443787
451	0.222306	75000	0.089495	70.533282
452	0.221293	75000	0.089180	70.622462
453	0.220283	75000	0.088840	70.711302
454	0.219276	75000	0.088606	70.799908
455	0.218272	75000	0.088414	70.888323
456	0.217270	75000	0.088079	70.976402
457	0.216271	75000	0.087745	71.064147
458	0.215275	75000	0.087423	71.151570
459	0.214281	75000	0.087351	71.238921
460	0.213291	75000	0.087081	71.326002
461	0.212303	75000	0.086692	71.412694
462	0.211318	75000	0.086608	71.499302
463	0.210335	75000	0.086174	71.585477
464	0.209356	75000	0.085978	71.671455
465	0.208379	75000	0.085694	71.757149
466	0.207404	75000	0.085552	71.842701
467	0.206433	75000	0.084894	71.927595
468	0.205464	75000	0.084895	72.012490
469	0.204498	75000	0.084734	72.097223
470	0.203535	75000	0.084469	72.181692
471	0.202575	75000	0.084164	72.265856
472	0.201617	75000	0.083701	72.349558
473	0.200662	75000	0.083617	72.433175
474	0.199709	75000	0.083344	72.516519
475	0.198760	75000	0.083112	72.599630
476	0.197813	75000	0.082924	72.682555
477	0.196869	75000	0.082446	72.765001
478	0.195927	75000	0.082245	72.847246
479	0.194988	75000	0.081971	72.929217
480	0.194052	75000	0.081708	73.010925
481	0.193119	75000	0.081421	73.092346
482	0.192188	75000	0.081169	73.173515
483	0.191260	75000	0.081027	73.254543
484	0.190335	75000	0.080666	73.335209
485	0.189412	75000	0.080382	73.415591
486	0.188492	75000	0.080234	73.495825
487	0.187575	75000	0.079877	73.575702
488	0.186660	75000	0.079597	73.655299
489	0.185749	75000	0.079448	73.734747
490	0.184839	75000	0.079143	73.813890
491	0.183933	75000	0.078839	73.892729
492	0.183029	75000	0.078563	73.971293
493	0.182128	75000	0.078369	74.049662
494	0.181229	75000	0.078138	74.127800
495	0.180333	75000	0.077739	74.205539
496	0.179440	75000	0.077577	74.283116
497	0.178550	75000	0.077263	74.360379
498	0.177662	75000	0.077006	74.437384
499	0.176777	75000	0.076720	74.514104
500	0.175894	75000	0.076456	74.590561
501	0.175014	75000	0.076322	74.666883
502	0.174137	75000	0.076117	74.743000
503	0.173262	75000	0.075705	74.818705
504	0.172390	75000	0.075462	74.894168
505	0.171521	75000	0.075327	74.969495
506	0.170654	75000	0.075063	75.044558
507	0.169790	75000	0.074868	75.119426
508	0.168929	75000	0.074459	75.193885
509	0.168070	75000	0.074154	75.268039
510	0.167214	75000	0.073916	75.341955
511	0.166360	75000	0.073814	75.415770
512	0.165509	75000	0.073313	75.489083
513	0.164661	75000	0.073043	75.562126
514	0.163815	75000	0.072976	75.635102
515	0.162972	75000	0.072732	75.707834
516	0.162132	75000	0.072514	75.780348
517	0.161294	75000	0.072077	75.852425
518	0.160458	75000	0.071922	75.924347
519	0.159626	75000	0.071740	75.996087
520	0.158796	75000	0.071356	76.067444
521	0.157968	75000	0.071254	76.138697
522	0.157143	75000	0.070966	76.209663
523	0.156321	75000	0.070706	76.280369
524	0.155501	75000	0.070338	76.350707
525	0.154684	75000	0.070236	76.420943
526	0.153870	75000	0.069772	76.490714
527	0.153058	75000	0.069580	76.560295
528	0.152248	75000	0.069502	76.629796
529	0.151441	75000	0.069097	76.698893
530	0.150637	75000	0.068744	76.767637
531	0.149835	75000	0.068592	76.836228
532	0.149036	75000	0.068366	76.904594
533	0.148240	75000	0.068259	76.972853
534	0.147446	75000	0.067998	77.040850
535	0.146654	75000	0.067531	77.108381
536	0.145865	75000	0.067319	77.175700
537	0.145079	75000	0.067117	77.242817
538	0.144295	75000	0.066961	77.309777
539	0.143514	75000	0.066673	77.376450
540	0.142735	75000	0.066360	77.442810
541	0.141959	75000	0.066090	77.508900
542	0.141186	75000	0.065842	77.574742
543	0.140415	75000	0.065685	77.640427
544	0.139646	75000	0.065401	77.705828
545	0.138880	75000	0.065072	77.770900
546	0.138116	75000	0.064892	77.835792
547	0.137356	75000	0.064722	77.900515
548	0.136597	75000	0.064313	77.964827
549	0.135841	75000	0.064024	78.028851
550	0.135088	75000	0.063914	78.092765
551	0.134337	75000	0.063521	78.156286
552	0.133588	75000	0.063409	78.219695
553	0.132843	75000	0.063059	78.282754
554	0.132099	75000	0.062875	78.345629
555	0.131358	75000	0.062611	78.408239
556	0.130620	75000	0.062458	78.470697
557	0.129884	75000	0.062210	78.532907
558	0.129151	75000	0.061954	78.594860
559	0.128420	75000	0.061619	78.656479
560	0.127691	75000	0.061253	78.717732
561	0.126965	75000	0.061063	78.778795
562	0.126242	75000	0.060980	78.839775
563	0.125521	75000	0.060689	78.900465
564	0.124802	75000	0.060588	78.961053
565	0.124086	75000	0.060169	79.021222
566	0.123373	75000	0.059896	79.081117
567	0.122662	75000	0.059814	79.140932
568	0.121953	75000	0.059323	79.200255
569	0.121247	75000	0.059294	79.259549
570	0.120543	75000	0.059018	79.318566
571	0.119842	75000	0.058647	79.377213
572	0.119143	75000	0.058494	79.435707
573	0.118447	75000	0.058210	79.493917
574	0.117753	75000	0.058031	79.551948
575	0.117062	75000	0.057740	79.609689
576	0.116373	75000	0.057612	79.667301
577	0.115686	75000	0.057274	79.724575
578	0.115002	75000	0.056980	79.781555
579	0.114320	75000	0.056800	79.838356
580	0.113641	75000	0.056516	79.894872
581	0.112964	75000	0.056143	79.951015
582	0.112290	75000	0.056019	80.007034
583	0.111618	75000	0.055775	80.062809
584	0.110948	75000	0.055632	80.118441
585	0.110281	75000	0.055204	80.173645
586	0.109616	75000	0.055030	80.228675
587	0.108954	75000	0.054746	80.283421
588	0.108294	75000	0.054574	80.337995
589	0.107637	75000	0.054355	80.392350
590	0.106981	75000	0.054051	80.446401
591	0.106329	75000	0.053874	80.500276
592	0.105678	75000	0.053708	80.553983
593	0.105030	75000	0.053461	80.607444
594	0.104385	75000	0.053298	80.660742
595	0.103742	75000	0.052912	80.713654
596	0.103101	75000	0.052519	80.766173
597	0.102463	75000	0.052461	80.818634
598	0.101827	75000	0.052028	80.870662
599	0.101193	75000	0.051888	80.922550
600	0.100562	75000	0.051629	80.974179
601	0.099933	75000	0.051454	81.025633
602	0.099306	75000	0.051234	81.076867
603	0.098682	75000	0.050969	81.127836
604	0.098060	75000	0.050735	81.178571
605	0.097441	75000	0.050635	81.229206
606	0.096824	75000	0.050185	81.279391
607	0.096209	75000	0.049979	81.329370
608	0.095596	75000	0.049718	81.379088
609	0.094986	75000	0.049531	81.428619
610	0.094379	75000	0.049263	81.477882
611	0.093773	75000	0.048878	81.526760
612	0.093170	75000	0.048813	81.575573
613	0.092570	75000	0.048521	81.624093
614	0.091971	75000	0.048478	81.672571
615	0.091375	75000	0.048205	81.720776
616	0.090781	75000	0.048025	81.768800
617	0.090190	75000	0.047510	81.816310
618	0.089601	75000	0.047529	81.863839
619	0.089014	75000	0.047002	81.910840
620	0.088430	75000	0.046874	81.957715
621	0.087848	75000	0.046779	82.004494
622	0.087268	75000	0.046614	82.051107
623	0.086690	75000	0.046166	82.097273
624	0.086115	75000	0.045969	82.143242
625	0.085542	75000	0.045571	82.188814
626	0.084971	75000	0.045497	82.234311
627	0.084403	75000	0.045166	82.279476
628	0.083837	75000	0.044954	82.324430
629	0.083273	75000	0.044870	82.369301
630	0.082712	75000	0.044535	82.413836
631	0.082152	75000	0.044276	82.458111
632	0.081595	75000	0.044020	82.502131
633	0.081041	75000	0.043791	82.545922
634	0.080488	75000	0.043360	82.589282
635	0.079938	75000	0.043328	82.632610
636	0.079390	75000	0.042977	82.675587
637	0.078845	75000	0.042796	82.718382
638	0.078301	75000	0.042627	82.761009
639	0.077760	75000	0.042211	82.803220
640	0.077221	75000	0.042257	82.845476
641	0.076684	75000	0.042018	82.887494
642	0.076150	75000	0.041701	82.929195
643	0.075618	75000	0.041473	82.970669
644	0.075088	75000	0.041299	83.011967
645	0.074560	75000	0.040974	83.052942
646	0.074035	75000	0.040602	83.093543
647	0.073512	75000	0.040408	83.133951
648	0.072991	75000	0.040225	83.174177
649	0.072472	75000	0.040056	83.214233
650	0.071955	75000	0.039800	83.254033
651	0.071441	75000	0.039684	83.293717
652	0.070929	75000	0.039261	83.332978
653	0.070419	75000	0.039281	83.372259
654	0.069911	75000	0.038972	83.411231
655	0.069406	75000	0.038714	83.449944
656	0.068903	75000	0.038400	83.488344
657	0.068401	75000	0.038120	83.526464
658	0.067903	75000	0.037836	83.564300
659	0.067406	75000	0.037678	83.601978
660	0.066911	75000	0.037536	83.639514
661	0.066419	75000	0.037099	83.676613
662	0.065929	75000	0.037064	83.713676
663	0.065441	75000	0.036639	83.750315
664	0.064955	75000	0.036448	83.786763
665	0.064471	75000	0.036679	83.823442
666	0.063990	75000	0.036020	83.859461
667	0.063510	75000	0.035840	83.895301
668	0.063033	75000	0.035463	83.930764
669	0.062558	75000	0.035337	83.966101
670	0.062085	75000	0.034790	84.000891
671	0.061615	75000	0.035001	84.035892
672	0.061146	75000	0.034478	84.070371
673	0.060680	75000	0.034419	84.104790
674	0.060216	75000	0.034245	84.139035
675	0.059753	75000	0.034023	84.173058
676	0.059293	75000	0.033726	84.206783
677	0.058836	75000	0.033605	84.240388
678	0.058380	75000	0.033194	84.273582
679	0.057926	75000	0.032942	84.306524
680	0.057475	75000	0.032874	84.339397
681	0.057025	75000	0.032373	84.371771
682	0.056578	75000	0.032227	84.403998
683	0.056133	75000	0.031983	84.435981
684	0.055690	75000	0.031819	84.467800
685	0.055249	75000	0.031436	84.499236
686	0.054810	75000	0.031162	84.530398
687	0.054373	75000	0.030890	84.561288
688	0.053939	75000	0.030678	84.591965
689	0.053506	75000	0.030659	84.622625
690	0.053076	75000	0.030349	84.652973
691	0.052647	75000	0.030202	84.683175
692	0.052221	75000	0.029632	84.712807
693	0.051797	75000	0.029324	84.742131
694	0.051375	75000	0.029496	84.771627
695	0.050955	75000	0.029068	84.800695
696	0.050537	75000	0.028932	84.829627
697	0.050121	75000	0.028778	84.858406
698	0.049707	75000	0.028463	84.886868
699	0.049295	75000	0.028170	84.915038
700	0.048885	75000	0.028117	84.943156
701	0.048478	75000	0.027835	84.970991
702	0.048072	75000	0.027638	84.998629
703	0.047668	75000	0.027295	85.025924
704	0.047267	75000	0.027039	85.052963
705	0.046867	75000	0.026890	85.079853
706	0.046470	75000	0.026363	85.106216
707	0.046074	75000	0.026362	85.132578
708	0.045681	75000	0.026142	85.158720
709	0.045289	75000	0.025883	85.184603
710	0.044900	75000	0.025749	85.210352
711	0.044512	75000	0.025399	85.235750
712	0.044127	75000	0.025101	85.260851
713	0.043744	75000	0.024770	85.285621
714	0.043362	75000	0.024754	85.310376
715	0.042983	75000	0.023940	85.334316
716	0.042606	75000	0.024256	85.358572
717	0.042230	75000	0.023853	85.382425
718	0.041857	75000	0.023446	85.405872
719	0.041485	75000	0.023428	85.429300
720	0.041116	75000	0.023172	85.452471
721	0.040749	75000	0.022649	85.475120
722	0.040383	75000	0.022581	85.497702
723	0.040020	75000	0.022324	85.520025
724	0.039658	75000	0.022022	85.542048
725	0.039299	75000	0.021821	85.563868
726	0.038941	75000	0.021762	85.585630
727	0.038585	75000	0.021354	85.606984
728	0.038232	75000	0.021233	85.628218
729	0.037880	75000	0.020718	85.648936
730	0.037530	75000	0.020561	85.669497
731	0.037182	75000	0.020119	85.689616
732	0.036836	75000	0.020048	85.709663
733	0.036493	75000	0.019679	85.729342
734	0.036151	75000	0.019559	85.748901
735	0.035810	75000	0.019260	85.768161
736	0.035472	75000	0.018998	85.787159
737	0.035136	75000	0.018800	85.805958
738	0.034802	75000	0.018523	85.824481
739	0.034469	75000	0.018253	85.842734
740	0.034139	75000	0.018146	85.860881
741	0.033810	75000	0.017560	85.878441
742	0.033484	75000	0.017447	85.895888
743	0.033159	75000	0.017068	85.912956
744	0.032836	75000	0.016652	85.929608
745	0.032515	75000	0.016471	85.946079
746	0.032196	75000	0.016333	85.962412
747	0.031879	75000	0.016011	85.978423
748	0.031563	75000	0.015740	85.994163
749	0.031250	75000	0.015233	86.009395
750	0.030938	75000	0.014894	86.024290
751	0.030629	75000	0.014856	86.039146
752	0.030321	75000	0.014855	86.054001
753	0.030015	75000	0.014724	86.068725
754	0.029711	75000	0.014088	86.082813
755	0.029409	75000	0.013877	86.096690
756	0.029108	75000	0.013360	86.110050
757	0.028810	75000	0.013416	86.123466
758	0.028513	75000	0.012787	86.136253
759	0.028218	75000	0.012947	86.149200
760	0.027925	75000	0.012332	86.161532
761	0.027634	75000	0.012281	86.173813
762	0.027345	75000	0.012312	86.186125
763	0.027057	75000	0.011626	86.197751
764	0.026771	75000	0.011492	86.209243
765	0.026487	75000	0.011259	86.220502
766	0.026205	75000	0.010866	86.231368
767	0.025925	75000	0.009953	86.241321
768	0.025647	75000	0.009714	86.251036
769	0.025370	75000	0.009714	86.260750
770	0.025095	75000	0.009234	86.269984
771	0.024822	75000	0.008625	86.278610
772	0.024551	75000	0.008550	86.287159
773	0.024281	75000	0.008450	86.295609
774	0.024014	75000	0.007672	86.303281
775	0.023748	75000	0.008086	86.311367
776	0.023483	75000	0.007543	86.318910
777	0.023221	75000	0.007438	86.326349
778	0.022960	75000	0.006811	86.333159
779	0.022702	75000	0.006584	86.339744
780	0.022445	75000	0.006323	86.346066
781	0.022189	75000	0.005317	86.351384
782	0.021936	75000	0.004808	86.356192
783	0.021684	75000	0.005388	86.361581
784	0.021434	75000	0.004647	86.366228
785	0.021185	75000	0.003513	86.369741
786	0.020939	75000	0.003925	86.373665
787	0.020694	75000	0.003654	86.377319
788	0.020451	75000	0.003381	86.380700
789	0.020209	75000	0.002231	86.382931
790	0.019969	75000	0.001324	86.384255
791	0.019731	75000	0.001670	86.385924
792	0.019495	75000	0.000901	86.386825
793	0.019261	75000	0.000505	86.387331
794	0.019028	75000	0.000239	86.387570
795	0.018796	75000	0.000056	86.387626
796	0.018567	75000	0.000023	86.387649
797	0.018339	75000	-0.001871	86.385778
798	0.018113	75000	-0.001650	86.384128
799	0.017889	75000	-0.000870	86.383257
800	0.017666	75000	-0.002230	86.381027
801	0.017445	75000	-0.002695	86.378332
802	0.017225	75000	-0.002874	86.375459
803	0.017007	75000	-0.004897	86.370562
804	0.016791	75000	-0.004928	86.365634
805	0.016577	75000	-0.005903	86.359732
806	0.016364	75000	-0.005789	86.353943
807	0.016153	75000	-0.006295	86.347649
808	0.015943	75000	-0.006811	86.340837
809	0.015736	75000	-0.007796	86.333042
810	0.015529	75000	-0.009208	86.323834
811	0.015325	75000	-0.010218	86.313615
812	0.015122	75000	-0.010337	86.303278
813	0.014920	75000	-0.010466	86.292812
814	0.014721	75000	-0.011722	86.281090
815	0.014523	75000	-0.012529	86.268561
816	0.014326	75000	-0.011969	86.256592
817	0.014131	75000	-0.016122	86.240469
818	0.013938	75000	-0.015636	86.224833
819	0.013746	75000	-0.015960	86.208874
820	0.013556	75000	-0.016198	86.192676
821	0.013367	75000	-0.019057	86.173619
822	0.013181	75000	-0.017453	86.156165
823	0.012995	75000	-0.021825	86.134340
824	0.012811	75000	-0.021430	86.112910
825	0.012629	75000	-0.022387	86.090523
826	0.012448	75000	-0.022882	86.067641
827	0.012269	75000	-0.023980	86.043661
828	0.012092	75000	-0.027230	86.016430
829	0.011916	75000	-0.028466	85.987964
830	0.011741	75000	-0.026626	85.961338
831	0.011568	75000	-0.028313	85.933025
832	0.011397	75000	-0.031255	85.901770
833	0.011227	75000	-0.034244	85.867526
834	0.011059	75000	-0.038866	85.828660
835	0.010892	75000	-0.039332	85.789328
836	0.010727	75000	-0.039263	85.750065
837	0.010563	75000	-0.037830	85.712235
838	0.010401	75000	-0.042156	85.670079
839	0.010240	75000	-0.049180	85.620900
840	0.010081	75000	-0.043915	85.576985
841	0.009923	75000	-0.050800	85.526185
842	0.009767	75000	-0.050703	85.475482
843	0.009612	75000	-0.050215	85.425268
844	0.009459	75000	-0.055050	85.370218
845	0.009307	75000	-0.059598	85.310620
846	0.009156	75000	-0.056832	85.253788
847	0.009008	75000	-0.058323	85.195465
848	0.008860	75000	-0.063331	85.132134
849	0.008714	75000	-0.064419	85.067715
850	0.008570	75000	-0.069438	84.998277
851	0.008427	75000	-0.067115	84.931162
852	0.008285	75000	-0.074224	84.856938
853	0.008145	75000	-0.073120	84.783818
854	0.008006	75000	-0.069687	84.714131
855	0.007869	75000	-0.073838	84.640293
856	0.007733	75000	-0.078596	84.561696
857	0.007598	75000	-0.076894	84.484803
858	0.007465	75000	-0.077296	84.407507
859	0.007334	75000	-0.081709	84.325797
860	0.007203	75000	-0.080939	84.244858
861	0.007075	75000	-0.083573	84.161285
862	0.006947	75000	-0.085349	84.075935
863	0.006821	75000	-0.082183	83.993753
864	0.006696	75000	-0.083704	83.910048
865	0.006573	75000	-0.087078	83.822970
866	0.006451	75000	-0.086850	83.736120
867	0.006330	75000	-0.088767	83.647353
868	0.006211	75000	-0.089358	83.557995
869	0.006093	75000	-0.086353	83.471641
870	0.005977	75000	-0.087577	83.384064
871	0.005862	75000	-0.089421	83.294643
872	0.005748	75000	-0.086699	83.207944
873	0.005635	75000	-0.089067	83.118877
874	0.005524	75000	-0.088487	83.030390
875	0.005414	75000	-0.089788	82.940602
876	0.005306	75000	-0.089171	82.851431
877	0.005199	75000	-0.088848	82.762583
878	0.005093	75000	-0.088301	82.674281
879	0.004988	75000	-0.086813	82.587469
880	0.004885	75000	-0.088637	82.498831
881	0.004783	75000	-0.087254	82.411577
882	0.004682	75000	-0.086635	82.324942
883	0.004583	75000	-0.084798	82.240145
884	0.004485	75000	-0.086026	82.154118
885	0.004388	75000	-0.084780	82.069338
886	0.004292	75000	-0.083827	81.985511
887	0.004198	75000	-0.083646	81.901865
888	0.004105	75000	-0.082636	81.819229
889	0.004013	75000	-0.081941	81.737287
890	0.003923	75000	-0.081521	81.655766
891	0.003833	75000	-0.080629	81.575137
892	0.003745	75000	-0.080838	81.494299
893	0.003658	75000	-0.079647	81.414652
894	0.003573	75000	-0.078486	81.336166
895	0.003488	75000	-0.078243	81.257923
896	0.003405	75000	-0.077571	81.180352
897	0.003323	75000	-0.076661	81.103691
898	0.003242	75000	-0.075135	81.028555
899	0.003162	75000	-0.074256	80.954299
900	0.003084	75000	-0.073495	80.880804
901	0.003007	75000	-0.072561	80.808243
902	0.002930	75000	-0.071683	80.736560
903	0.002855	75000	-0.071293	80.665267
904	0.002782	75000	-0.069789	80.595478
905	0.002709	75000	-0.068884	80.526594
906	0.002638	75000	-0.067744	80.458850
907	0.002567	75000	-0.067228	80.391622
908	0.002498	75000	-0.066263	80.325359
909	0.002430	75000	-0.065446	80.259914
910	0.002363	75000	-0.064372	80.195542
911	0.002297	75000	-0.063746	80.131795
912	0.002233	75000	-0.062264	80.069531
913	0.002169	75000	-0.061650	80.007881
914	0.002106	75000	-0.060177	79.947705
915	0.002045	75000	-0.059604	79.888100
916	0.001985	75000	-0.058834	79.829266
917	0.001925	75000	-0.057716	79.771551
918	0.001867	75000	-0.056920	79.714631
919	0.001810	75000	-0.055911	79.658720
920	0.001754	75000	-0.054894	79.603826
921	0.001699	75000	-0.053985	79.549841
922	0.001645	75000	-0.052878	79.496963
923	0.001592	75000	-0.052202	79.444761
924	0.001540	75000	-0.051131	79.393630
925	0.001490	75000	-0.050127	79.343503
926	0.001440	75000	-0.049057	79.294446
927	0.001391	75000	-0.048179	79.246267
928	0.001343	75000	-0.047206	79.199060
929	0.001296	75000	-0.046475	79.152586
930	0.001251	75000	-0.045416	79.107169
931	0.001206	75000	-0.044342	79.062827
932	0.001162	75000	-0.043589	79.019238
933	0.001119	75000	-0.042749	78.976489
934	0.001077	75000	-0.041615	78.934874
935	0.001036	75000	-0.040725	78.894149
936	0.000996	75000	-0.039975	78.854174
937	0.000957	75000	-0.039047	78.815127
938	0.000919	75000	-0.038014	78.777113
939	0.000882	75000	-0.037133	78.739979
940	0.000846	75000	-0.036410	78.703569
941	0.000810	75000	-0.035377	78.668192
942	0.000776	75000	-0.034616	78.633576
943	0.000742	75000	-0.033582	78.599994
944	0.000709	75000	-0.032806	78.567188
945	0.000678	75000	-0.031926	78.535262
946	0.000647	75000	-0.031143	78.504120
947	0.000617	75000	-0.030370	78.473749
948	0.000587	75000	-0.029474	78.444276
949	0.000559	75000	-0.028620	78.415656
950	0.000531	75000	-0.027736	78.387920
951	0.000505	75000	-0.026910	78.361010
952	0.000479	75000	-0.026140	78.334870
953	0.000454	75000	-0.025242	78.309628
954	0.000430	75000	-0.024514	78.285114
955	0.000406	75000	-0.023653	78.261461
956	0.000383	75000	-0.022945	78.238516
957	0.000362	75000	-0.022191	78.216325
958	0.000340	75000	-0.021339	78.194986
959	0.000320	75000	-0.020577	78.174410
960	0.000300	75000	-0.019836	78.154574
961	0.000281	75000	-0.019057	78.135516
962	0.000263	75000	-0.018388	78.117128
963	0.000246	75000	-0.017635	78.099493
964	0.000229	75000	-0.016910	78.082583
965	0.000213	75000	-0.016245	78.066338
966	0.000198	75000	-0.015544	78.050795
967	0.000183	75000	-0.014878	78.035917
968	0.000169	75000	-0.014145	78.021772
969	0.000156	75000	-0.013521	78.008251
970	0.000143	75000	-0.012919	77.995332
971	0.000131	75000	-0.012222	77.983109
972	0.000120	75000	-0.011578	77.971532
973	0.000109	75000	-0.010947	77.960585
974	0.000099	75000	-0.010324	77.950261
975	0.000089	75000	-0.009725	77.940536
976	0.000080	75000	-0.009162	77.931374
977	0.000072	75000	-0.008565	77.922809
978	0.000064	75000	-0.008010	77.914800
979	0.000057	75000	-0.007453	77.907347
980	0.000050	75000	-0.006916	77.900431
981	0.000043	75000	-0.006389	77.894042
982	0.000038	75000	-0.005887	77.888155
983	0.000032	75000	-0.005381	77.882774
984	0.000028	75000	-0.004902	77.877872
985	0.000023	75000	-0.004438	77.873435
986	0.000019	75000	-0.003988	77.869447
987	0.000016	75000	-0.003556	77.865891
988	0.000013	75000	-0.003133	77.862758
989	0.000010	75000	-0.002736	77.860022
990	0.000008	75000	-0.002357	77.857666
991	0.000006	75000	-0.001996	77.855669
992	0.000004	75000	-0.001652	77.854018
993	0.000003	75000	-0.001336	77.852682
994	0.000002	75000	-0.001039	77.851643
995	0.000001	75000	-0.000769	77.850875
996	0.000000	75000	-0.000528	77.850347
997	0.000000	75000	-0.000320	77.850027
998	0.000000	75000	-0.000150	77.849877
999	0.000000	75000	-0.000032	77.849845
Log marginal likelihood:	77.849845
