Steppingstone sampler:
        No Stones:                  1000
        Start It:                   10000001
        It Per Stone:               100000
        Sample Freq:                1
        Dist:                       Beta(0.400000,1.000000)
Stone No	Power	N	Stone MLh	Running MLh
0	0.997502	75000	-0.603944	-0.603944
1	0.995007	75000	-0.603027	-1.206971
2	0.992517	75000	-0.602125	-1.809096
3	0.990030	75000	-0.601224	-2.410320
4	0.987547	75000	-0.600304	-3.010623
5	0.985067	75000	-0.599407	-3.610030
6	0.982592	75000	-0.598478	-4.208508
7	0.980120	75000	-0.597623	-4.806131
8	0.977652	75000	-0.596708	-5.402839
9	0.975187	75000	-0.595829	-5.998669
10	0.972726	75000	-0.594967	-6.593635
11	0.970269	75000	-0.594060	-7.187695
12	0.967816	75000	-0.593102	-7.780798
13	0.965367	75000	-0.592289	-8.373087
14	0.962921	75000	-0.591322	-8.964409
15	0.960479	75000	-0.590475	-9.554884
16	0.958040	75000	-0.589637	-10.144521
17	0.955606	75000	-0.588621	-10.733142
18	0.953175	75000	-0.587786	-11.320928
19	0.950747	75000	-0.586888	-11.907817
20	0.948324	75000	-0.585988	-12.493804
21	0.945904	75000	-0.585146	-13.078950
22	0.943488	75000	-0.584175	-13.663125
23	0.941076	75000	-0.583332	-14.246457
24	0.938667	75000	-0.582442	-14.828899
25	0.936262	75000	-0.581574	-15.410473
26	0.933861	75000	-0.580582	-15.991055
27	0.931463	75000	-0.579790	-16.570845
28	0.929069	75000	-0.578814	-17.149659
29	0.926679	75000	-0.577991	-17.727651
30	0.924293	75000	-0.577129	-18.304780
31	0.921910	75000	-0.576260	-18.881040
32	0.919531	75000	-0.575379	-19.456419
33	0.917155	75000	-0.574511	-20.030930
34	0.914783	75000	-0.573588	-20.604518
35	0.912415	75000	-0.572659	-21.177177
36	0.910051	75000	-0.571759	-21.748936
37	0.907690	75000	-0.570909	-22.319845
38	0.905333	75000	-0.570098	-22.889942
39	0.902980	75000	-0.569128	-23.459070
40	0.900630	75000	-0.568286	-24.027356
41	0.898284	75000	-0.567390	-24.594746
42	0.895942	75000	-0.566515	-25.161261
43	0.893603	75000	-0.565595	-25.726856
44	0.891268	75000	-0.564858	-26.291714
45	0.888937	75000	-0.563866	-26.855580
46	0.886609	75000	-0.563007	-27.418587
47	0.884285	75000	-0.562122	-27.980708
48	0.881965	75000	-0.561196	-28.541905
49	0.879648	75000	-0.560338	-29.102243
50	0.877335	75000	-0.559456	-29.661698
51	0.875026	75000	-0.558599	-30.220297
52	0.872720	75000	-0.557715	-30.778012
53	0.870418	75000	-0.556837	-31.334850
54	0.868120	75000	-0.556029	-31.890878
55	0.865825	75000	-0.555073	-32.445951
56	0.863534	75000	-0.554282	-33.000233
57	0.861246	75000	-0.553352	-33.553585
58	0.858962	75000	-0.552492	-34.106077
59	0.856682	75000	-0.551620	-34.657697
60	0.854405	75000	-0.550717	-35.208414
61	0.852132	75000	-0.549867	-35.758282
62	0.849863	75000	-0.549077	-36.307359
63	0.847597	75000	-0.548136	-36.855495
64	0.845335	75000	-0.547217	-37.402712
65	0.843077	75000	-0.546390	-37.949102
66	0.840822	75000	-0.545520	-38.494623
67	0.838571	75000	-0.544681	-39.039304
68	0.836323	75000	-0.543768	-39.583072
69	0.834079	75000	-0.542956	-40.126028
70	0.831839	75000	-0.542044	-40.668072
71	0.829602	75000	-0.541178	-41.209250
72	0.827369	75000	-0.540327	-41.749577
73	0.825140	75000	-0.539457	-42.289033
74	0.822914	75000	-0.538628	-42.827661
75	0.820691	75000	-0.537663	-43.365324
76	0.818473	75000	-0.536826	-43.902150
77	0.816258	75000	-0.535973	-44.438123
78	0.814046	75000	-0.535140	-44.973263
79	0.811838	75000	-0.534243	-45.507506
80	0.809634	75000	-0.533431	-46.040937
81	0.807433	75000	-0.532517	-46.573454
82	0.805236	75000	-0.531631	-47.105085
83	0.803043	75000	-0.530754	-47.635839
84	0.800853	75000	-0.530033	-48.165872
85	0.798667	75000	-0.529073	-48.694945
86	0.796484	75000	-0.528271	-49.223216
87	0.794305	75000	-0.527334	-49.750550
88	0.792129	75000	-0.526464	-50.277014
89	0.789957	75000	-0.525683	-50.802697
90	0.787789	75000	-0.524732	-51.327429
91	0.785624	75000	-0.523959	-51.851389
92	0.783463	75000	-0.523106	-52.374494
93	0.781305	75000	-0.522184	-52.896679
94	0.779151	75000	-0.521381	-53.418060
95	0.777000	75000	-0.520627	-53.938686
96	0.774853	75000	-0.519680	-54.458366
97	0.772710	75000	-0.518838	-54.977204
98	0.770570	75000	-0.517998	-55.495202
99	0.768433	75000	-0.517042	-56.012244
100	0.766301	75000	-0.516285	-56.528529
101	0.764172	75000	-0.515337	-57.043866
102	0.762046	75000	-0.514596	-57.558462
103	0.759924	75000	-0.513713	-58.072176
104	0.757805	75000	-0.512765	-58.584940
105	0.755690	75000	-0.511981	-59.096922
106	0.753579	75000	-0.511157	-59.608079
107	0.751471	75000	-0.510325	-60.118404
108	0.749366	75000	-0.509412	-60.627815
109	0.747266	75000	-0.508590	-61.136405
110	0.745168	75000	-0.507697	-61.644102
111	0.743075	75000	-0.506890	-62.150992
112	0.740984	75000	-0.506095	-62.657087
113	0.738898	75000	-0.505181	-63.162268
114	0.736815	75000	-0.504374	-63.666643
115	0.734735	75000	-0.503498	-64.170141
116	0.732659	75000	-0.502656	-64.672797
117	0.730586	75000	-0.501793	-65.174590
118	0.728517	75000	-0.500961	-65.675551
119	0.726452	75000	-0.500218	-66.175769
120	0.724390	75000	-0.499248	-66.675017
121	0.722331	75000	-0.498449	-67.173465
122	0.720276	75000	-0.497603	-67.671068
123	0.718225	75000	-0.496698	-68.167766
124	0.716177	75000	-0.495865	-68.663631
125	0.714132	75000	-0.495029	-69.158659
126	0.712091	75000	-0.494251	-69.652911
127	0.710054	75000	-0.493428	-70.146339
128	0.708020	75000	-0.492550	-70.638889
129	0.705989	75000	-0.491707	-71.130595
130	0.703962	75000	-0.490854	-71.621449
131	0.701939	75000	-0.490065	-72.111514
132	0.699919	75000	-0.489201	-72.600715
133	0.697902	75000	-0.488267	-73.088982
134	0.695889	75000	-0.487475	-73.576457
135	0.693880	75000	-0.486750	-74.063207
136	0.691874	75000	-0.485831	-74.549037
137	0.689871	75000	-0.485064	-75.034102
138	0.687872	75000	-0.484154	-75.518255
139	0.685877	75000	-0.483356	-76.001612
140	0.683885	75000	-0.482480	-76.484091
141	0.681896	75000	-0.481750	-76.965841
142	0.679911	75000	-0.480878	-77.446719
143	0.677929	75000	-0.479998	-77.926717
144	0.675951	75000	-0.479181	-78.405898
145	0.673976	75000	-0.478357	-78.884255
146	0.672005	75000	-0.477504	-79.361759
147	0.670037	75000	-0.476660	-79.838419
148	0.668073	75000	-0.475822	-80.314242
149	0.666112	75000	-0.475025	-80.789267
150	0.664155	75000	-0.474240	-81.263507
151	0.662201	75000	-0.473316	-81.736823
152	0.660250	75000	-0.472518	-82.209341
153	0.658303	75000	-0.471789	-82.681130
154	0.656359	75000	-0.470941	-83.152071
155	0.654419	75000	-0.470006	-83.622076
156	0.652483	75000	-0.469215	-84.091291
157	0.650549	75000	-0.468431	-84.559722
158	0.648619	75000	-0.467630	-85.027352
159	0.646693	75000	-0.466741	-85.494094
160	0.644770	75000	-0.465908	-85.960002
161	0.642851	75000	-0.465136	-86.425138
162	0.640934	75000	-0.464245	-86.889383
163	0.639022	75000	-0.463533	-87.352916
164	0.637113	75000	-0.462615	-87.815531
165	0.635207	75000	-0.461819	-88.277350
166	0.633304	75000	-0.460987	-88.738337
167	0.631405	75000	-0.460166	-89.198503
168	0.629510	75000	-0.459402	-89.657905
169	0.627618	75000	-0.458611	-90.116516
170	0.625729	75000	-0.457741	-90.574257
171	0.623844	75000	-0.456946	-91.031203
172	0.621962	75000	-0.456025	-91.487229
173	0.620083	75000	-0.455300	-91.942528
174	0.618208	75000	-0.454387	-92.396916
175	0.616337	75000	-0.453693	-92.850609
176	0.614468	75000	-0.452891	-93.303499
177	0.612604	75000	-0.452036	-93.755536
178	0.610742	75000	-0.451215	-94.206751
179	0.608884	75000	-0.450388	-94.657139
180	0.607029	75000	-0.449527	-95.106666
181	0.605178	75000	-0.448727	-95.555393
182	0.603330	75000	-0.447916	-96.003310
183	0.601486	75000	-0.447111	-96.450420
184	0.599645	75000	-0.446295	-96.896715
185	0.597807	75000	-0.445524	-97.342239
186	0.595973	75000	-0.444664	-97.786903
187	0.594142	75000	-0.443831	-98.230735
188	0.592314	75000	-0.443126	-98.673860
189	0.590490	75000	-0.442318	-99.116179
190	0.588669	75000	-0.441510	-99.557689
191	0.586852	75000	-0.440654	-99.998343
192	0.585038	75000	-0.439889	-100.438232
193	0.583227	75000	-0.439019	-100.877251
194	0.581420	75000	-0.438163	-101.315414
195	0.579616	75000	-0.437436	-101.752850
196	0.577815	75000	-0.436625	-102.189475
197	0.576018	75000	-0.435813	-102.625288
198	0.574224	75000	-0.435003	-103.060291
199	0.572433	75000	-0.434230	-103.494521
200	0.570646	75000	-0.433389	-103.927910
201	0.568862	75000	-0.432661	-104.360572
202	0.567082	75000	-0.431804	-104.792376
203	0.565305	75000	-0.431039	-105.223415
204	0.563531	75000	-0.430205	-105.653620
205	0.561761	75000	-0.429427	-106.083047
206	0.559993	75000	-0.428590	-106.511637
207	0.558230	75000	-0.427827	-106.939464
208	0.556469	75000	-0.426997	-107.366462
209	0.554712	75000	-0.426276	-107.792738
210	0.552958	75000	-0.425350	-108.218088
211	0.551208	75000	-0.424635	-108.642723
212	0.549461	75000	-0.423888	-109.066611
213	0.547717	75000	-0.422998	-109.489610
214	0.545977	75000	-0.422128	-109.911738
215	0.544240	75000	-0.421374	-110.333112
216	0.542506	75000	-0.420634	-110.753745
217	0.540775	75000	-0.419815	-111.173560
218	0.539048	75000	-0.418997	-111.592557
219	0.537324	75000	-0.418232	-112.010789
220	0.535604	75000	-0.417444	-112.428233
221	0.533887	75000	-0.416651	-112.844884
222	0.532173	75000	-0.415803	-113.260688
223	0.530462	75000	-0.414976	-113.675663
224	0.528755	75000	-0.414275	-114.089938
225	0.527051	75000	-0.413500	-114.503438
226	0.525350	75000	-0.412641	-114.916079
227	0.523653	75000	-0.411838	-115.327917
228	0.521958	75000	-0.411171	-115.739088
229	0.520268	75000	-0.410324	-116.149412
230	0.518580	75000	-0.409489	-116.558902
231	0.516896	75000	-0.408775	-116.967677
232	0.515215	75000	-0.407974	-117.375650
233	0.513537	75000	-0.407102	-117.782752
234	0.511863	75000	-0.406451	-118.189204
235	0.510192	75000	-0.405715	-118.594918
236	0.508524	75000	-0.404859	-118.999777
237	0.506859	75000	-0.404063	-119.403840
238	0.505198	75000	-0.403325	-119.807165
239	0.503540	75000	-0.402530	-120.209695
240	0.501885	75000	-0.401716	-120.611410
241	0.500234	75000	-0.400923	-121.012333
242	0.498586	75000	-0.400148	-121.412481
243	0.496941	75000	-0.399388	-121.811868
244	0.495299	75000	-0.398518	-122.210387
245	0.493660	75000	-0.397824	-122.608211
246	0.492025	75000	-0.396982	-123.005193
247	0.490393	75000	-0.396188	-123.401381
248	0.488765	75000	-0.395473	-123.796854
249	0.487139	75000	-0.394752	-124.191606
250	0.485517	75000	-0.393885	-124.585491
251	0.483898	75000	-0.393076	-124.978567
252	0.482283	75000	-0.392397	-125.370965
253	0.480670	75000	-0.391600	-125.762565
254	0.479061	75000	-0.390809	-126.153374
255	0.477455	75000	-0.390002	-126.543375
256	0.475852	75000	-0.389304	-126.932679
257	0.474253	75000	-0.388471	-127.321150
258	0.472656	75000	-0.387679	-127.708829
259	0.471063	75000	-0.386956	-128.095785
260	0.469474	75000	-0.386121	-128.481906
261	0.467887	75000	-0.385449	-128.867355
262	0.466304	75000	-0.384523	-129.251878
263	0.464723	75000	-0.383790	-129.635669
264	0.463146	75000	-0.383078	-130.018746
265	0.461573	75000	-0.382237	-130.400984
266	0.460002	75000	-0.381418	-130.782402
267	0.458435	75000	-0.380739	-131.163141
268	0.456871	75000	-0.380030	-131.543171
269	0.455310	75000	-0.379182	-131.922353
270	0.453752	75000	-0.378461	-132.300814
271	0.452198	75000	-0.377680	-132.678494
272	0.450647	75000	-0.376978	-133.055471
273	0.449098	75000	-0.376175	-133.431646
274	0.447554	75000	-0.375380	-133.807026
275	0.446012	75000	-0.374690	-134.181716
276	0.444473	75000	-0.373913	-134.555629
277	0.442938	75000	-0.373166	-134.928794
278	0.441406	75000	-0.372352	-135.301146
279	0.439877	75000	-0.371622	-135.672767
280	0.438351	75000	-0.370892	-136.043659
281	0.436829	75000	-0.370026	-136.413685
282	0.435309	75000	-0.369320	-136.783005
283	0.433793	75000	-0.368517	-137.151522
284	0.432280	75000	-0.367785	-137.519307
285	0.430770	75000	-0.367062	-137.886368
286	0.429263	75000	-0.366391	-138.252760
287	0.427760	75000	-0.365455	-138.618215
288	0.426259	75000	-0.364768	-138.982983
289	0.424762	75000	-0.364012	-139.346995
290	0.423268	75000	-0.363250	-139.710245
291	0.421777	75000	-0.362538	-140.072783
292	0.420289	75000	-0.361762	-140.434544
293	0.418805	75000	-0.361031	-140.795575
294	0.417323	75000	-0.360299	-141.155874
295	0.415845	75000	-0.359535	-141.515409
296	0.414370	75000	-0.358702	-141.874111
297	0.412898	75000	-0.358041	-142.232152
298	0.411429	75000	-0.357212	-142.589364
299	0.409963	75000	-0.356505	-142.945869
300	0.408501	75000	-0.355716	-143.301585
301	0.407041	75000	-0.355066	-143.656651
302	0.405585	75000	-0.354257	-144.010908
303	0.404132	75000	-0.353472	-144.364380
304	0.402682	75000	-0.352712	-144.717093
305	0.401235	75000	-0.351990	-145.069083
306	0.399791	75000	-0.351234	-145.420316
307	0.398350	75000	-0.350552	-145.770868
308	0.396913	75000	-0.349708	-146.120577
309	0.395478	75000	-0.348944	-146.469521
310	0.394047	75000	-0.348316	-146.817837
311	0.392619	75000	-0.347503	-147.165340
312	0.391194	75000	-0.346765	-147.512105
313	0.389772	75000	-0.346094	-147.858198
314	0.388353	75000	-0.345328	-148.203527
315	0.386937	75000	-0.344559	-148.548086
316	0.385524	75000	-0.343841	-148.891927
317	0.384115	75000	-0.343068	-149.234995
318	0.382708	75000	-0.342378	-149.577372
319	0.381305	75000	-0.341540	-149.918912
320	0.379904	75000	-0.340779	-150.259691
321	0.378507	75000	-0.340118	-150.599810
322	0.377113	75000	-0.339390	-150.939199
323	0.375722	75000	-0.338639	-151.277838
324	0.374334	75000	-0.337936	-151.615774
325	0.372949	75000	-0.337243	-151.953017
326	0.371567	75000	-0.336487	-152.289504
327	0.370189	75000	-0.335692	-152.625197
328	0.368813	75000	-0.334976	-152.960173
329	0.367440	75000	-0.334266	-153.294438
330	0.366071	75000	-0.333491	-153.627930
331	0.364705	75000	-0.332790	-153.960720
332	0.363341	75000	-0.331977	-154.292697
333	0.361981	75000	-0.331283	-154.623980
334	0.360624	75000	-0.330662	-154.954642
335	0.359269	75000	-0.329811	-155.284453
336	0.357918	75000	-0.329138	-155.613591
337	0.356570	75000	-0.328402	-155.941993
338	0.355225	75000	-0.327735	-156.269728
339	0.353883	75000	-0.326981	-156.596709
340	0.352544	75000	-0.326142	-156.922850
341	0.351208	75000	-0.325428	-157.248279
342	0.349875	75000	-0.324715	-157.572994
343	0.348546	75000	-0.323952	-157.896946
344	0.347219	75000	-0.323266	-158.220211
345	0.345895	75000	-0.322577	-158.542788
346	0.344574	75000	-0.321880	-158.864669
347	0.343257	75000	-0.321078	-159.185746
348	0.341942	75000	-0.320349	-159.506095
349	0.340630	75000	-0.319718	-159.825813
350	0.339322	75000	-0.318885	-160.144698
351	0.338016	75000	-0.318279	-160.462977
352	0.336714	75000	-0.317501	-160.780478
353	0.335414	75000	-0.316784	-161.097261
354	0.334118	75000	-0.316076	-161.413337
355	0.332824	75000	-0.315430	-161.728767
356	0.331534	75000	-0.314635	-162.043402
357	0.330246	75000	-0.313887	-162.357289
358	0.328962	75000	-0.313279	-162.670568
359	0.327680	75000	-0.312515	-162.983083
360	0.326401	75000	-0.311844	-163.294927
361	0.325126	75000	-0.310950	-163.605877
362	0.323853	75000	-0.310390	-163.916267
363	0.322584	75000	-0.309645	-164.225912
364	0.321317	75000	-0.309019	-164.534931
365	0.320054	75000	-0.308202	-164.843133
366	0.318793	75000	-0.307510	-165.150642
367	0.317536	75000	-0.306798	-165.457441
368	0.316281	75000	-0.306069	-165.763509
369	0.315030	75000	-0.305336	-166.068845
370	0.313781	75000	-0.304625	-166.373470
371	0.312535	75000	-0.303957	-166.677427
372	0.311293	75000	-0.303185	-166.980611
373	0.310053	75000	-0.302386	-167.282997
374	0.308816	75000	-0.301785	-167.584782
375	0.307582	75000	-0.301175	-167.885958
376	0.306352	75000	-0.300367	-168.186324
377	0.305124	75000	-0.299618	-168.485943
378	0.303899	75000	-0.299000	-168.784943
379	0.302677	75000	-0.298313	-169.083256
380	0.301458	75000	-0.297546	-169.380802
381	0.300242	75000	-0.296883	-169.677685
382	0.299029	75000	-0.296188	-169.973874
383	0.297819	75000	-0.295368	-170.269242
384	0.296611	75000	-0.294792	-170.564035
385	0.295407	75000	-0.294063	-170.858098
386	0.294206	75000	-0.293456	-171.151554
387	0.293007	75000	-0.292668	-171.444222
388	0.291812	75000	-0.291906	-171.736128
389	0.290619	75000	-0.291287	-172.027415
390	0.289430	75000	-0.290587	-172.318002
391	0.288243	75000	-0.289820	-172.607822
392	0.287059	75000	-0.289216	-172.897038
393	0.285879	75000	-0.288458	-173.185497
394	0.284701	75000	-0.287794	-173.473290
395	0.283526	75000	-0.287075	-173.760365
396	0.282354	75000	-0.286364	-174.046729
397	0.281184	75000	-0.285676	-174.332405
398	0.280018	75000	-0.284944	-174.617349
399	0.278855	75000	-0.284371	-174.901721
400	0.277694	75000	-0.283635	-175.185355
401	0.276537	75000	-0.282904	-175.468259
402	0.275382	75000	-0.282213	-175.750472
403	0.274230	75000	-0.281478	-176.031950
404	0.273082	75000	-0.280884	-176.312833
405	0.271936	75000	-0.280169	-176.593002
406	0.270793	75000	-0.279483	-176.872486
407	0.269652	75000	-0.278812	-177.151298
408	0.268515	75000	-0.278046	-177.429344
409	0.267381	75000	-0.277409	-177.706753
410	0.266249	75000	-0.276682	-177.983435
411	0.265121	75000	-0.276001	-178.259437
412	0.263995	75000	-0.275313	-178.534750
413	0.262872	75000	-0.274657	-178.809406
414	0.261752	75000	-0.274044	-179.083450
415	0.260635	75000	-0.273332	-179.356783
416	0.259520	75000	-0.272644	-179.629426
417	0.258409	75000	-0.272002	-179.901428
418	0.257300	75000	-0.271244	-180.172672
419	0.256195	75000	-0.270561	-180.443233
420	0.255092	75000	-0.269868	-180.713101
421	0.253992	75000	-0.269213	-180.982314
422	0.252895	75000	-0.268601	-181.250914
423	0.251800	75000	-0.268001	-181.518916
424	0.250709	75000	-0.267242	-181.786158
425	0.249620	75000	-0.266492	-182.052650
426	0.248534	75000	-0.265825	-182.318475
427	0.247451	75000	-0.265252	-182.583727
428	0.246371	75000	-0.264489	-182.848216
429	0.245294	75000	-0.263760	-183.111976
430	0.244220	75000	-0.263177	-183.375153
431	0.243148	75000	-0.262523	-183.637676
432	0.242079	75000	-0.261859	-183.899536
433	0.241013	75000	-0.261105	-184.160640
434	0.239950	75000	-0.260491	-184.421131
435	0.238890	75000	-0.259845	-184.680976
436	0.237832	75000	-0.259066	-184.940042
437	0.236778	75000	-0.258516	-185.198558
438	0.235726	75000	-0.257771	-185.456329
439	0.234677	75000	-0.256987	-185.713316
440	0.233630	75000	-0.256383	-185.969700
441	0.232587	75000	-0.255821	-186.225520
442	0.231546	75000	-0.255110	-186.480631
443	0.230509	75000	-0.254457	-186.735088
444	0.229473	75000	-0.253812	-186.988900
445	0.228441	75000	-0.253119	-187.242019
446	0.227412	75000	-0.252391	-187.494410
447	0.226385	75000	-0.251895	-187.746305
448	0.225361	75000	-0.251175	-187.997480
449	0.224340	75000	-0.250553	-188.248033
450	0.223322	75000	-0.249883	-188.497916
451	0.222306	75000	-0.249230	-188.747146
452	0.221293	75000	-0.248526	-188.995672
453	0.220283	75000	-0.247866	-189.243538
454	0.219276	75000	-0.247084	-189.490622
455	0.218272	75000	-0.246557	-189.737179
456	0.217270	75000	-0.245823	-189.983002
457	0.216271	75000	-0.245291	-190.228293
458	0.215275	75000	-0.244616	-190.472909
459	0.214281	75000	-0.244033	-190.716941
460	0.213291	75000	-0.243272	-190.960214
461	0.212303	75000	-0.242556	-191.202770
462	0.211318	75000	-0.241949	-191.444718
463	0.210335	75000	-0.241274	-191.685992
464	0.209356	75000	-0.240690	-191.926682
465	0.208379	75000	-0.239975	-192.166657
466	0.207404	75000	-0.239242	-192.405899
467	0.206433	75000	-0.238740	-192.644639
468	0.205464	75000	-0.238051	-192.882690
469	0.204498	75000	-0.237419	-193.120109
470	0.203535	75000	-0.236788	-193.356897
471	0.202575	75000	-0.235910	-193.592807
472	0.201617	75000	-0.235557	-193.828364
473	0.200662	75000	-0.234884	-194.063248
474	0.199709	75000	-0.234212	-194.297460
475	0.198760	75000	-0.233574	-194.531035
476	0.197813	75000	-0.232841	-194.763876
477	0.196869	75000	-0.232169	-194.996045
478	0.195927	75000	-0.231570	-195.227615
479	0.194988	75000	-0.231006	-195.458621
480	0.194052	75000	-0.230298	-195.688919
481	0.193119	75000	-0.229559	-195.918478
482	0.192188	75000	-0.228961	-196.147439
483	0.191260	75000	-0.228415	-196.375854
484	0.190335	75000	-0.227799	-196.603653
485	0.189412	75000	-0.227169	-196.830822
486	0.188492	75000	-0.226555	-197.057377
487	0.187575	75000	-0.225921	-197.283298
488	0.186660	75000	-0.225121	-197.508420
489	0.185749	75000	-0.224541	-197.732961
490	0.184839	75000	-0.223913	-197.956874
491	0.183933	75000	-0.223205	-198.180079
492	0.183029	75000	-0.222670	-198.402749
493	0.182128	75000	-0.222132	-198.624880
494	0.181229	75000	-0.221379	-198.846259
495	0.180333	75000	-0.220727	-199.066986
496	0.179440	75000	-0.220061	-199.287047
497	0.178550	75000	-0.219486	-199.506533
498	0.177662	75000	-0.218917	-199.725449
499	0.176777	75000	-0.218349	-199.943799
500	0.175894	75000	-0.217599	-200.161398
501	0.175014	75000	-0.216988	-200.378386
502	0.174137	75000	-0.216344	-200.594730
503	0.173262	75000	-0.215687	-200.810418
504	0.172390	75000	-0.215183	-201.025600
505	0.171521	75000	-0.214592	-201.240193
506	0.170654	75000	-0.213881	-201.454074
507	0.169790	75000	-0.213297	-201.667371
508	0.168929	75000	-0.212652	-201.880022
509	0.168070	75000	-0.212075	-202.092097
510	0.167214	75000	-0.211435	-202.303532
511	0.166360	75000	-0.210765	-202.514297
512	0.165509	75000	-0.210238	-202.724535
513	0.164661	75000	-0.209589	-202.934123
514	0.163815	75000	-0.208991	-203.143114
515	0.162972	75000	-0.208325	-203.351439
516	0.162132	75000	-0.207730	-203.559170
517	0.161294	75000	-0.207111	-203.766281
518	0.160458	75000	-0.206428	-203.972709
519	0.159626	75000	-0.205854	-204.178563
520	0.158796	75000	-0.205247	-204.383809
521	0.157968	75000	-0.204609	-204.588419
522	0.157143	75000	-0.204049	-204.792468
523	0.156321	75000	-0.203372	-204.995840
524	0.155501	75000	-0.202693	-205.198533
525	0.154684	75000	-0.202076	-205.400609
526	0.153870	75000	-0.201553	-205.602162
527	0.153058	75000	-0.201019	-205.803181
528	0.152248	75000	-0.200328	-206.003509
529	0.151441	75000	-0.199780	-206.203289
530	0.150637	75000	-0.199222	-206.402511
531	0.149835	75000	-0.198558	-206.601069
532	0.149036	75000	-0.197897	-206.798967
533	0.148240	75000	-0.197407	-206.996373
534	0.147446	75000	-0.196812	-207.193185
535	0.146654	75000	-0.196070	-207.389255
536	0.145865	75000	-0.195483	-207.584738
537	0.145079	75000	-0.194772	-207.779509
538	0.144295	75000	-0.194194	-207.973703
539	0.143514	75000	-0.193759	-208.167462
540	0.142735	75000	-0.193170	-208.360632
541	0.141959	75000	-0.192453	-208.553085
542	0.141186	75000	-0.191898	-208.744983
543	0.140415	75000	-0.191313	-208.936295
544	0.139646	75000	-0.190745	-209.127040
545	0.138880	75000	-0.190118	-209.317158
546	0.138116	75000	-0.189640	-209.506799
547	0.137356	75000	-0.188961	-209.695759
548	0.136597	75000	-0.188338	-209.884097
549	0.135841	75000	-0.187799	-210.071896
550	0.135088	75000	-0.187145	-210.259041
551	0.134337	75000	-0.186645	-210.445686
552	0.133588	75000	-0.185926	-210.631612
553	0.132843	75000	-0.185490	-210.817102
554	0.132099	75000	-0.184919	-211.002022
555	0.131358	75000	-0.184337	-211.186359
556	0.130620	75000	-0.183748	-211.370107
557	0.129884	75000	-0.183074	-211.553181
558	0.129151	75000	-0.182377	-211.735558
559	0.128420	75000	-0.181900	-211.917458
560	0.127691	75000	-0.181230	-212.098688
561	0.126965	75000	-0.180799	-212.279487
562	0.126242	75000	-0.180302	-212.459789
563	0.125521	75000	-0.179679	-212.639468
564	0.124802	75000	-0.178950	-212.818418
565	0.124086	75000	-0.178488	-212.996906
566	0.123373	75000	-0.177833	-213.174740
567	0.122662	75000	-0.177395	-213.352134
568	0.121953	75000	-0.176615	-213.528750
569	0.121247	75000	-0.176102	-213.704852
570	0.120543	75000	-0.175462	-213.880314
571	0.119842	75000	-0.175096	-214.055410
572	0.119143	75000	-0.174404	-214.229814
573	0.118447	75000	-0.173902	-214.403716
574	0.117753	75000	-0.173315	-214.577030
575	0.117062	75000	-0.172686	-214.749716
576	0.116373	75000	-0.172024	-214.921740
577	0.115686	75000	-0.171492	-215.093231
578	0.115002	75000	-0.171019	-215.264250
579	0.114320	75000	-0.170414	-215.434664
580	0.113641	75000	-0.169731	-215.604395
581	0.112964	75000	-0.169116	-215.773511
582	0.112290	75000	-0.168527	-215.942038
583	0.111618	75000	-0.168099	-216.110137
584	0.110948	75000	-0.167623	-216.277760
585	0.110281	75000	-0.167035	-216.444795
586	0.109616	75000	-0.166428	-216.611223
587	0.108954	75000	-0.165849	-216.777072
588	0.108294	75000	-0.165302	-216.942374
589	0.107637	75000	-0.164696	-217.107070
590	0.106981	75000	-0.164183	-217.271253
591	0.106329	75000	-0.163534	-217.434787
592	0.105678	75000	-0.163093	-217.597880
593	0.105030	75000	-0.162502	-217.760381
594	0.104385	75000	-0.161800	-217.922181
595	0.103742	75000	-0.161416	-218.083597
596	0.103101	75000	-0.160773	-218.244370
597	0.102463	75000	-0.160249	-218.404618
598	0.101827	75000	-0.159793	-218.564411
599	0.101193	75000	-0.159286	-218.723697
600	0.100562	75000	-0.158553	-218.882249
601	0.099933	75000	-0.158128	-219.040377
602	0.099306	75000	-0.157565	-219.197943
603	0.098682	75000	-0.157050	-219.354993
604	0.098060	75000	-0.156522	-219.511514
605	0.097441	75000	-0.155903	-219.667418
606	0.096824	75000	-0.155371	-219.822788
607	0.096209	75000	-0.154870	-219.977659
608	0.095596	75000	-0.154238	-220.131897
609	0.094986	75000	-0.153514	-220.285411
610	0.094379	75000	-0.152991	-220.438402
611	0.093773	75000	-0.152620	-220.591023
612	0.093170	75000	-0.152142	-220.743164
613	0.092570	75000	-0.151448	-220.894612
614	0.091971	75000	-0.150981	-221.045593
615	0.091375	75000	-0.150415	-221.196008
616	0.090781	75000	-0.149660	-221.345669
617	0.090190	75000	-0.149287	-221.494956
618	0.089601	75000	-0.148948	-221.643904
619	0.089014	75000	-0.148435	-221.792339
620	0.088430	75000	-0.147675	-221.940013
621	0.087848	75000	-0.147307	-222.087321
622	0.087268	75000	-0.146671	-222.233992
623	0.086690	75000	-0.146295	-222.380287
624	0.086115	75000	-0.145630	-222.525917
625	0.085542	75000	-0.145108	-222.671025
626	0.084971	75000	-0.144525	-222.815550
627	0.084403	75000	-0.144106	-222.959656
628	0.083837	75000	-0.143678	-223.103334
629	0.083273	75000	-0.143082	-223.246416
630	0.082712	75000	-0.142380	-223.388797
631	0.082152	75000	-0.142009	-223.530806
632	0.081595	75000	-0.141399	-223.672204
633	0.081041	75000	-0.140922	-223.813126
634	0.080488	75000	-0.140468	-223.953594
635	0.079938	75000	-0.139951	-224.093544
636	0.079390	75000	-0.139285	-224.232830
637	0.078845	75000	-0.138847	-224.371676
638	0.078301	75000	-0.138214	-224.509891
639	0.077760	75000	-0.137616	-224.647507
640	0.077221	75000	-0.137195	-224.784702
641	0.076684	75000	-0.137014	-224.921716
642	0.076150	75000	-0.136238	-225.057954
643	0.075618	75000	-0.135704	-225.193658
644	0.075088	75000	-0.135212	-225.328870
645	0.074560	75000	-0.134507	-225.463378
646	0.074035	75000	-0.134275	-225.597652
647	0.073512	75000	-0.133777	-225.731429
648	0.072991	75000	-0.133363	-225.864793
649	0.072472	75000	-0.132719	-225.997512
650	0.071955	75000	-0.132375	-226.129887
651	0.071441	75000	-0.131694	-226.261581
652	0.070929	75000	-0.131242	-226.392823
653	0.070419	75000	-0.130655	-226.523478
654	0.069911	75000	-0.130109	-226.653587
655	0.069406	75000	-0.129458	-226.783045
656	0.068903	75000	-0.129192	-226.912237
657	0.068401	75000	-0.128672	-227.040909
658	0.067903	75000	-0.128352	-227.169261
659	0.067406	75000	-0.127709	-227.296970
660	0.066911	75000	-0.127000	-227.423970
661	0.066419	75000	-0.126756	-227.550727
662	0.065929	75000	-0.126081	-227.676808
663	0.065441	75000	-0.125460	-227.802268
664	0.064955	75000	-0.124966	-227.927234
665	0.064471	75000	-0.124643	-228.051877
666	0.063990	75000	-0.124198	-228.176075
667	0.063510	75000	-0.123592	-228.299668
668	0.063033	75000	-0.123390	-228.423058
669	0.062558	75000	-0.122829	-228.545887
670	0.062085	75000	-0.122288	-228.668175
671	0.061615	75000	-0.121547	-228.789722
672	0.061146	75000	-0.121204	-228.910926
673	0.060680	75000	-0.120677	-229.031602
674	0.060216	75000	-0.120313	-229.151915
675	0.059753	75000	-0.119821	-229.271736
676	0.059293	75000	-0.119225	-229.390961
677	0.058836	75000	-0.118652	-229.509613
678	0.058380	75000	-0.118333	-229.627946
679	0.057926	75000	-0.117836	-229.745782
680	0.057475	75000	-0.117429	-229.863211
681	0.057025	75000	-0.117172	-229.980383
682	0.056578	75000	-0.116541	-230.096923
683	0.056133	75000	-0.116040	-230.212963
684	0.055690	75000	-0.115443	-230.328407
685	0.055249	75000	-0.115249	-230.443656
686	0.054810	75000	-0.114729	-230.558386
687	0.054373	75000	-0.113978	-230.672363
688	0.053939	75000	-0.113572	-230.785935
689	0.053506	75000	-0.113319	-230.899254
690	0.053076	75000	-0.112872	-231.012126
691	0.052647	75000	-0.112406	-231.124532
692	0.052221	75000	-0.111772	-231.236304
693	0.051797	75000	-0.111389	-231.347693
694	0.051375	75000	-0.110942	-231.458634
695	0.050955	75000	-0.110499	-231.569133
696	0.050537	75000	-0.109886	-231.679019
697	0.050121	75000	-0.109581	-231.788601
698	0.049707	75000	-0.109056	-231.897657
699	0.049295	75000	-0.108507	-232.006164
700	0.048885	75000	-0.108148	-232.114312
701	0.048478	75000	-0.107777	-232.222089
702	0.048072	75000	-0.107130	-232.329219
703	0.047668	75000	-0.106792	-232.436011
704	0.047267	75000	-0.106312	-232.542323
705	0.046867	75000	-0.105826	-232.648149
706	0.046470	75000	-0.105532	-232.753681
707	0.046074	75000	-0.104899	-232.858580
708	0.045681	75000	-0.104718	-232.963298
709	0.045289	75000	-0.104085	-233.067383
710	0.044900	75000	-0.103803	-233.171186
711	0.044512	75000	-0.103028	-233.274214
712	0.044127	75000	-0.102806	-233.377020
713	0.043744	75000	-0.102206	-233.479227
714	0.043362	75000	-0.102118	-233.581345
715	0.042983	75000	-0.101526	-233.682871
716	0.042606	75000	-0.100957	-233.783829
717	0.042230	75000	-0.100844	-233.884672
718	0.041857	75000	-0.100236	-233.984908
719	0.041485	75000	-0.099686	-234.084594
720	0.041116	75000	-0.099284	-234.183878
721	0.040749	75000	-0.098876	-234.282753
722	0.040383	75000	-0.098630	-234.381384
723	0.040020	75000	-0.098268	-234.479651
724	0.039658	75000	-0.097539	-234.577191
725	0.039299	75000	-0.097261	-234.674452
726	0.038941	75000	-0.096784	-234.771236
727	0.038585	75000	-0.096515	-234.867751
728	0.038232	75000	-0.095922	-234.963674
729	0.037880	75000	-0.095645	-235.059319
730	0.037530	75000	-0.095022	-235.154341
731	0.037182	75000	-0.094995	-235.249335
732	0.036836	75000	-0.094222	-235.343558
733	0.036493	75000	-0.093859	-235.437417
734	0.036151	75000	-0.093569	-235.530986
735	0.035810	75000	-0.093198	-235.624184
736	0.035472	75000	-0.093054	-235.717238
737	0.035136	75000	-0.092365	-235.809603
738	0.034802	75000	-0.092150	-235.901753
739	0.034469	75000	-0.091603	-235.993355
740	0.034139	75000	-0.091041	-236.084396
741	0.033810	75000	-0.090840	-236.175236
742	0.033484	75000	-0.090443	-236.265679
743	0.033159	75000	-0.089991	-236.355670
744	0.032836	75000	-0.089535	-236.445205
745	0.032515	75000	-0.089435	-236.534640
746	0.032196	75000	-0.088851	-236.623491
747	0.031879	75000	-0.088226	-236.711717
748	0.031563	75000	-0.088236	-236.799953
749	0.031250	75000	-0.087774	-236.887726
750	0.030938	75000	-0.087366	-236.975092
751	0.030629	75000	-0.086760	-237.061852
752	0.030321	75000	-0.086652	-237.148503
753	0.030015	75000	-0.086365	-237.234868
754	0.029711	75000	-0.086214	-237.321082
755	0.029409	75000	-0.085671	-237.406753
756	0.029108	75000	-0.085188	-237.491941
757	0.028810	75000	-0.085113	-237.577053
758	0.028513	75000	-0.084495	-237.661548
759	0.028218	75000	-0.084232	-237.745781
760	0.027925	75000	-0.083604	-237.829385
761	0.027634	75000	-0.083287	-237.912672
762	0.027345	75000	-0.082890	-237.995562
763	0.027057	75000	-0.082546	-238.078108
764	0.026771	75000	-0.082101	-238.160209
765	0.026487	75000	-0.082161	-238.242370
766	0.026205	75000	-0.081659	-238.324029
767	0.025925	75000	-0.081372	-238.405401
768	0.025647	75000	-0.081279	-238.486680
769	0.025370	75000	-0.080704	-238.567385
770	0.025095	75000	-0.080348	-238.647733
771	0.024822	75000	-0.080069	-238.727802
772	0.024551	75000	-0.079888	-238.807690
773	0.024281	75000	-0.079591	-238.887281
774	0.024014	75000	-0.079564	-238.966845
775	0.023748	75000	-0.078693	-239.045538
776	0.023483	75000	-0.078395	-239.123934
777	0.023221	75000	-0.078323	-239.202257
778	0.022960	75000	-0.077722	-239.279978
779	0.022702	75000	-0.077396	-239.357375
780	0.022445	75000	-0.077634	-239.435009
781	0.022189	75000	-0.077016	-239.512024
782	0.021936	75000	-0.076695	-239.588719
783	0.021684	75000	-0.076059	-239.664779
784	0.021434	75000	-0.076500	-239.741279
785	0.021185	75000	-0.075825	-239.817104
786	0.020939	75000	-0.075470	-239.892574
787	0.020694	75000	-0.074958	-239.967533
788	0.020451	75000	-0.074967	-240.042499
789	0.020209	75000	-0.074880	-240.117380
790	0.019969	75000	-0.074186	-240.191566
791	0.019731	75000	-0.074535	-240.266101
792	0.019495	75000	-0.073692	-240.339793
793	0.019261	75000	-0.073830	-240.413624
794	0.019028	75000	-0.073409	-240.487033
795	0.018796	75000	-0.072962	-240.559995
796	0.018567	75000	-0.073339	-240.633333
797	0.018339	75000	-0.072799	-240.706132
798	0.018113	75000	-0.072593	-240.778725
799	0.017889	75000	-0.072340	-240.851065
800	0.017666	75000	-0.071820	-240.922885
801	0.017445	75000	-0.072356	-240.995241
802	0.017225	75000	-0.072105	-241.067346
803	0.017007	75000	-0.071940	-241.139285
804	0.016791	75000	-0.071474	-241.210759
805	0.016577	75000	-0.070976	-241.281736
806	0.016364	75000	-0.071285	-241.353020
807	0.016153	75000	-0.071347	-241.424368
808	0.015943	75000	-0.070442	-241.494810
809	0.015736	75000	-0.071016	-241.565826
810	0.015529	75000	-0.070400	-241.636226
811	0.015325	75000	-0.070007	-241.706233
812	0.015122	75000	-0.070705	-241.776938
813	0.014920	75000	-0.069905	-241.846844
814	0.014721	75000	-0.069323	-241.916167
815	0.014523	75000	-0.070551	-241.986718
816	0.014326	75000	-0.069915	-242.056633
817	0.014131	75000	-0.070014	-242.126647
818	0.013938	75000	-0.069590	-242.196237
819	0.013746	75000	-0.069365	-242.265602
820	0.013556	75000	-0.069650	-242.335253
821	0.013367	75000	-0.069526	-242.404778
822	0.013181	75000	-0.069983	-242.474762
823	0.012995	75000	-0.069624	-242.544385
824	0.012811	75000	-0.069354	-242.613740
825	0.012629	75000	-0.069084	-242.682824
826	0.012448	75000	-0.070038	-242.752862
827	0.012269	75000	-0.069934	-242.822796
828	0.012092	75000	-0.070327	-242.893123
829	0.011916	75000	-0.069400	-242.962523
830	0.011741	75000	-0.069543	-243.032066
831	0.011568	75000	-0.069679	-243.101744
832	0.011397	75000	-0.070517	-243.172261
833	0.011227	75000	-0.070843	-243.243104
834	0.011059	75000	-0.070660	-243.313765
835	0.010892	75000	-0.070509	-243.384274
836	0.010727	75000	-0.070638	-243.454912
837	0.010563	75000	-0.071263	-243.526175
838	0.010401	75000	-0.069863	-243.596038
839	0.010240	75000	-0.071248	-243.667286
840	0.010081	75000	-0.071098	-243.738383
841	0.009923	75000	-0.072190	-243.810573
842	0.009767	75000	-0.072790	-243.883363
843	0.009612	75000	-0.071925	-243.955288
844	0.009459	75000	-0.072943	-244.028230
845	0.009307	75000	-0.072720	-244.100951
846	0.009156	75000	-0.075027	-244.175977
847	0.009008	75000	-0.074038	-244.250015
848	0.008860	75000	-0.074205	-244.324220
849	0.008714	75000	-0.075661	-244.399882
850	0.008570	75000	-0.077379	-244.477260
851	0.008427	75000	-0.076000	-244.553260
852	0.008285	75000	-0.078167	-244.631427
853	0.008145	75000	-0.077497	-244.708924
854	0.008006	75000	-0.078849	-244.787773
855	0.007869	75000	-0.078441	-244.866213
856	0.007733	75000	-0.078649	-244.944862
857	0.007598	75000	-0.081360	-245.026223
858	0.007465	75000	-0.082385	-245.108608
859	0.007334	75000	-0.083756	-245.192364
860	0.007203	75000	-0.084967	-245.277332
861	0.007075	75000	-0.084844	-245.362176
862	0.006947	75000	-0.086668	-245.448844
863	0.006821	75000	-0.085167	-245.534011
864	0.006696	75000	-0.086197	-245.620209
865	0.006573	75000	-0.087226	-245.707435
866	0.006451	75000	-0.088078	-245.795513
867	0.006330	75000	-0.089566	-245.885079
868	0.006211	75000	-0.089508	-245.974587
869	0.006093	75000	-0.091752	-246.066339
870	0.005977	75000	-0.093251	-246.159590
871	0.005862	75000	-0.092918	-246.252508
872	0.005748	75000	-0.093996	-246.346505
873	0.005635	75000	-0.093925	-246.440429
874	0.005524	75000	-0.095967	-246.536396
875	0.005414	75000	-0.097456	-246.633852
876	0.005306	75000	-0.099087	-246.732939
877	0.005199	75000	-0.098601	-246.831540
878	0.005093	75000	-0.099019	-246.930558
879	0.004988	75000	-0.101110	-247.031669
880	0.004885	75000	-0.102639	-247.134307
881	0.004783	75000	-0.099084	-247.233391
882	0.004682	75000	-0.103731	-247.337122
883	0.004583	75000	-0.102314	-247.439436
884	0.004485	75000	-0.103776	-247.543212
885	0.004388	75000	-0.103958	-247.647170
886	0.004292	75000	-0.103851	-247.751021
887	0.004198	75000	-0.102672	-247.853693
888	0.004105	75000	-0.106199	-247.959892
889	0.004013	75000	-0.107141	-248.067033
890	0.003923	75000	-0.105836	-248.172868
891	0.003833	75000	-0.105034	-248.277902
892	0.003745	75000	-0.106846	-248.384749
893	0.003658	75000	-0.107515	-248.492263
894	0.003573	75000	-0.104813	-248.597077
895	0.003488	75000	-0.104217	-248.701293
896	0.003405	75000	-0.106339	-248.807632
897	0.003323	75000	-0.105957	-248.913590
898	0.003242	75000	-0.105837	-249.019426
899	0.003162	75000	-0.106446	-249.125872
900	0.003084	75000	-0.105083	-249.230955
901	0.003007	75000	-0.104649	-249.335604
902	0.002930	75000	-0.104630	-249.440234
903	0.002855	75000	-0.103297	-249.543531
904	0.002782	75000	-0.103307	-249.646838
905	0.002709	75000	-0.101969	-249.748806
906	0.002638	75000	-0.101325	-249.850131
907	0.002567	75000	-0.101388	-249.951519
908	0.002498	75000	-0.100679	-250.052197
909	0.002430	75000	-0.099756	-250.151953
910	0.002363	75000	-0.098752	-250.250706
911	0.002297	75000	-0.098990	-250.349696
912	0.002233	75000	-0.097509	-250.447205
913	0.002169	75000	-0.095457	-250.542662
914	0.002106	75000	-0.094674	-250.637336
915	0.002045	75000	-0.094134	-250.731470
916	0.001985	75000	-0.092929	-250.824400
917	0.001925	75000	-0.091820	-250.916220
918	0.001867	75000	-0.091146	-251.007366
919	0.001810	75000	-0.089725	-251.097091
920	0.001754	75000	-0.088715	-251.185806
921	0.001699	75000	-0.087491	-251.273297
922	0.001645	75000	-0.085939	-251.359236
923	0.001592	75000	-0.084979	-251.444215
924	0.001540	75000	-0.083918	-251.528133
925	0.001490	75000	-0.082928	-251.611060
926	0.001440	75000	-0.081013	-251.692073
927	0.001391	75000	-0.080172	-251.772245
928	0.001343	75000	-0.078843	-251.851089
929	0.001296	75000	-0.077218	-251.928306
930	0.001251	75000	-0.075974	-252.004280
931	0.001206	75000	-0.074633	-252.078913
932	0.001162	75000	-0.073923	-252.152836
933	0.001119	75000	-0.072487	-252.225323
934	0.001077	75000	-0.070830	-252.296153
935	0.001036	75000	-0.069270	-252.365423
936	0.000996	75000	-0.068103	-252.433527
937	0.000957	75000	-0.066758	-252.500285
938	0.000919	75000	-0.065019	-252.565304
939	0.000882	75000	-0.063593	-252.628897
940	0.000846	75000	-0.062056	-252.690953
941	0.000810	75000	-0.060888	-252.751841
942	0.000776	75000	-0.059362	-252.811204
943	0.000742	75000	-0.057943	-252.869147
944	0.000709	75000	-0.056656	-252.925803
945	0.000678	75000	-0.055543	-252.981345
946	0.000647	75000	-0.053897	-253.035242
947	0.000617	75000	-0.052541	-253.087783
948	0.000587	75000	-0.051201	-253.138984
949	0.000559	75000	-0.049544	-253.188528
950	0.000531	75000	-0.048504	-253.237032
951	0.000505	75000	-0.046934	-253.283966
952	0.000479	75000	-0.045829	-253.329795
953	0.000454	75000	-0.044434	-253.374229
954	0.000430	75000	-0.042870	-253.417098
955	0.000406	75000	-0.041687	-253.458785
956	0.000383	75000	-0.040400	-253.499185
957	0.000362	75000	-0.038874	-253.538059
958	0.000340	75000	-0.037694	-253.575752
959	0.000320	75000	-0.036237	-253.611989
960	0.000300	75000	-0.034967	-253.646956
961	0.000281	75000	-0.033853	-253.680809
962	0.000263	75000	-0.032508	-253.713317
963	0.000246	75000	-0.031431	-253.744748
964	0.000229	75000	-0.029927	-253.774675
965	0.000213	75000	-0.028690	-253.803366
966	0.000198	75000	-0.027642	-253.831008
967	0.000183	75000	-0.026315	-253.857322
968	0.000169	75000	-0.025044	-253.882366
969	0.000156	75000	-0.023869	-253.906235
970	0.000143	75000	-0.022798	-253.929033
971	0.000131	75000	-0.021654	-253.950687
972	0.000120	75000	-0.020529	-253.971216
973	0.000109	75000	-0.019450	-253.990666
974	0.000099	75000	-0.018405	-254.009071
975	0.000089	75000	-0.017272	-254.026343
976	0.000080	75000	-0.016296	-254.042639
977	0.000072	75000	-0.015263	-254.057902
978	0.000064	75000	-0.014224	-254.072125
979	0.000057	75000	-0.013294	-254.085419
980	0.000050	75000	-0.012301	-254.097720
981	0.000043	75000	-0.011360	-254.109080
982	0.000038	75000	-0.010488	-254.119568
983	0.000032	75000	-0.009590	-254.129157
984	0.000028	75000	-0.008750	-254.137907
985	0.000023	75000	-0.007900	-254.145807
986	0.000019	75000	-0.007087	-254.152894
987	0.000016	75000	-0.006331	-254.159225
988	0.000013	75000	-0.005576	-254.164801
989	0.000010	75000	-0.004886	-254.169688
990	0.000008	75000	-0.004212	-254.173899
991	0.000006	75000	-0.003564	-254.177464
992	0.000004	75000	-0.002950	-254.180414
993	0.000003	75000	-0.002370	-254.182784
994	0.000002	75000	-0.001852	-254.184636
995	0.000001	75000	-0.001367	-254.186003
996	0.000000	75000	-0.000940	-254.186942
997	0.000000	75000	-0.000572	-254.187514
998	0.000000	75000	-0.000267	-254.187781
999	0.000000	75000	-0.000057	-254.187838
Log marginal likelihood:	-254.187838
