Steppingstone sampler:
        No Stones:                  1000
        Start It:                   10000001
        It Per Stone:               100000
        Sample Freq:                1
        Dist:                       Beta(0.400000,1.000000)
Stone No	Power	N	Stone MLh	Running MLh
0	0.997502	75000	-0.163037	-0.163037
1	0.995007	75000	-0.162795	-0.325832
2	0.992517	75000	-0.162558	-0.488390
3	0.990030	75000	-0.162348	-0.650738
4	0.987547	75000	-0.162091	-0.812830
5	0.985067	75000	-0.161891	-0.974721
6	0.982592	75000	-0.161635	-1.136356
7	0.980120	75000	-0.161359	-1.297714
8	0.977652	75000	-0.161083	-1.458798
9	0.975187	75000	-0.160918	-1.619715
10	0.972726	75000	-0.160690	-1.780405
11	0.970269	75000	-0.160401	-1.940807
12	0.967816	75000	-0.160193	-2.101000
13	0.965367	75000	-0.159943	-2.260942
14	0.962921	75000	-0.159686	-2.420628
15	0.960479	75000	-0.159518	-2.580146
16	0.958040	75000	-0.159255	-2.739401
17	0.955606	75000	-0.158980	-2.898381
18	0.953175	75000	-0.158709	-3.057090
19	0.950747	75000	-0.158530	-3.215620
20	0.948324	75000	-0.158270	-3.373890
21	0.945904	75000	-0.158067	-3.531957
22	0.943488	75000	-0.157877	-3.689834
23	0.941076	75000	-0.157602	-3.847436
24	0.938667	75000	-0.157344	-4.004780
25	0.936262	75000	-0.157074	-4.161854
26	0.933861	75000	-0.156837	-4.318691
27	0.931463	75000	-0.156656	-4.475347
28	0.929069	75000	-0.156415	-4.631762
29	0.926679	75000	-0.156205	-4.787967
30	0.924293	75000	-0.155934	-4.943901
31	0.921910	75000	-0.155694	-5.099595
32	0.919531	75000	-0.155443	-5.255038
33	0.917155	75000	-0.155250	-5.410287
34	0.914783	75000	-0.155050	-5.565338
35	0.912415	75000	-0.154791	-5.720128
36	0.910051	75000	-0.154483	-5.874611
37	0.907690	75000	-0.154313	-6.028924
38	0.905333	75000	-0.154031	-6.182955
39	0.902980	75000	-0.153825	-6.336780
40	0.900630	75000	-0.153581	-6.490360
41	0.898284	75000	-0.153407	-6.643767
42	0.895942	75000	-0.153139	-6.796906
43	0.893603	75000	-0.152893	-6.949799
44	0.891268	75000	-0.152677	-7.102477
45	0.888937	75000	-0.152417	-7.254894
46	0.886609	75000	-0.152209	-7.407102
47	0.884285	75000	-0.151979	-7.559081
48	0.881965	75000	-0.151767	-7.710848
49	0.879648	75000	-0.151481	-7.862329
50	0.877335	75000	-0.151245	-8.013575
51	0.875026	75000	-0.151052	-8.164627
52	0.872720	75000	-0.150799	-8.315426
53	0.870418	75000	-0.150567	-8.465993
54	0.868120	75000	-0.150371	-8.616365
55	0.865825	75000	-0.150205	-8.766570
56	0.863534	75000	-0.149893	-8.916463
57	0.861246	75000	-0.149634	-9.066097
58	0.858962	75000	-0.149377	-9.215473
59	0.856682	75000	-0.149137	-9.364611
60	0.854405	75000	-0.148995	-9.513605
61	0.852132	75000	-0.148707	-9.662312
62	0.849863	75000	-0.148506	-9.810819
63	0.847597	75000	-0.148275	-9.959093
64	0.845335	75000	-0.148083	-10.107176
65	0.843077	75000	-0.147809	-10.254985
66	0.840822	75000	-0.147557	-10.402542
67	0.838571	75000	-0.147363	-10.549905
68	0.836323	75000	-0.147098	-10.697003
69	0.834079	75000	-0.146911	-10.843914
70	0.831839	75000	-0.146712	-10.990625
71	0.829602	75000	-0.146455	-11.137080
72	0.827369	75000	-0.146226	-11.283307
73	0.825140	75000	-0.146007	-11.429314
74	0.822914	75000	-0.145764	-11.575078
75	0.820691	75000	-0.145520	-11.720598
76	0.818473	75000	-0.145259	-11.865857
77	0.816258	75000	-0.144984	-12.010841
78	0.814046	75000	-0.144822	-12.155663
79	0.811838	75000	-0.144612	-12.300275
80	0.809634	75000	-0.144442	-12.444718
81	0.807433	75000	-0.144176	-12.588894
82	0.805236	75000	-0.143877	-12.732771
83	0.803043	75000	-0.143771	-12.876542
84	0.800853	75000	-0.143491	-13.020033
85	0.798667	75000	-0.143304	-13.163337
86	0.796484	75000	-0.143030	-13.306367
87	0.794305	75000	-0.142771	-13.449137
88	0.792129	75000	-0.142554	-13.591692
89	0.789957	75000	-0.142318	-13.734010
90	0.787789	75000	-0.142088	-13.876098
91	0.785624	75000	-0.141900	-14.017998
92	0.783463	75000	-0.141682	-14.159680
93	0.781305	75000	-0.141454	-14.301134
94	0.779151	75000	-0.141183	-14.442318
95	0.777000	75000	-0.140945	-14.583263
96	0.774853	75000	-0.140810	-14.724073
97	0.772710	75000	-0.140500	-14.864573
98	0.770570	75000	-0.140276	-15.004849
99	0.768433	75000	-0.140037	-15.144886
100	0.766301	75000	-0.139813	-15.284699
101	0.764172	75000	-0.139612	-15.424311
102	0.762046	75000	-0.139395	-15.563706
103	0.759924	75000	-0.139106	-15.702812
104	0.757805	75000	-0.138932	-15.841744
105	0.755690	75000	-0.138725	-15.980469
106	0.753579	75000	-0.138466	-16.118934
107	0.751471	75000	-0.138271	-16.257205
108	0.749366	75000	-0.138035	-16.395240
109	0.747266	75000	-0.137840	-16.533079
110	0.745168	75000	-0.137561	-16.670640
111	0.743075	75000	-0.137389	-16.808029
112	0.740984	75000	-0.137147	-16.945176
113	0.738898	75000	-0.136918	-17.082095
114	0.736815	75000	-0.136663	-17.218757
115	0.734735	75000	-0.136496	-17.355254
116	0.732659	75000	-0.136226	-17.491479
117	0.730586	75000	-0.136010	-17.627489
118	0.728517	75000	-0.135797	-17.763286
119	0.726452	75000	-0.135579	-17.898866
120	0.724390	75000	-0.135372	-18.034237
121	0.722331	75000	-0.135146	-18.169384
122	0.720276	75000	-0.134886	-18.304269
123	0.718225	75000	-0.134680	-18.438949
124	0.716177	75000	-0.134505	-18.573454
125	0.714132	75000	-0.134270	-18.707724
126	0.712091	75000	-0.134082	-18.841806
127	0.710054	75000	-0.133919	-18.975725
128	0.708020	75000	-0.133606	-19.109331
129	0.705989	75000	-0.133264	-19.242596
130	0.703962	75000	-0.133176	-19.375772
131	0.701939	75000	-0.132881	-19.508653
132	0.699919	75000	-0.132680	-19.641333
133	0.697902	75000	-0.132408	-19.773740
134	0.695889	75000	-0.132292	-19.906032
135	0.693880	75000	-0.132040	-20.038072
136	0.691874	75000	-0.131796	-20.169868
137	0.689871	75000	-0.131587	-20.301455
138	0.687872	75000	-0.131377	-20.432833
139	0.685877	75000	-0.131221	-20.564054
140	0.683885	75000	-0.130927	-20.694981
141	0.681896	75000	-0.130679	-20.825660
142	0.679911	75000	-0.130470	-20.956130
143	0.677929	75000	-0.130266	-21.086396
144	0.675951	75000	-0.130022	-21.216418
145	0.673976	75000	-0.129793	-21.346211
146	0.672005	75000	-0.129668	-21.475879
147	0.670037	75000	-0.129390	-21.605270
148	0.668073	75000	-0.129159	-21.734428
149	0.666112	75000	-0.128971	-21.863399
150	0.664155	75000	-0.128722	-21.992121
151	0.662201	75000	-0.128520	-22.120641
152	0.660250	75000	-0.128277	-22.248919
153	0.658303	75000	-0.128071	-22.376990
154	0.656359	75000	-0.127992	-22.504982
155	0.654419	75000	-0.127647	-22.632629
156	0.652483	75000	-0.127386	-22.760015
157	0.650549	75000	-0.127220	-22.887234
158	0.648619	75000	-0.127010	-23.014245
159	0.646693	75000	-0.126836	-23.141080
160	0.644770	75000	-0.126615	-23.267695
161	0.642851	75000	-0.126368	-23.394063
162	0.640934	75000	-0.126175	-23.520238
163	0.639022	75000	-0.125884	-23.646122
164	0.637113	75000	-0.125660	-23.771782
165	0.635207	75000	-0.125442	-23.897224
166	0.633304	75000	-0.125277	-24.022500
167	0.631405	75000	-0.125110	-24.147610
168	0.629510	75000	-0.124858	-24.272468
169	0.627618	75000	-0.124659	-24.397127
170	0.625729	75000	-0.124387	-24.521514
171	0.623844	75000	-0.124236	-24.645750
172	0.621962	75000	-0.123971	-24.769722
173	0.620083	75000	-0.123723	-24.893445
174	0.618208	75000	-0.123540	-25.016984
175	0.616337	75000	-0.123381	-25.140365
176	0.614468	75000	-0.123129	-25.263494
177	0.612604	75000	-0.122873	-25.386368
178	0.610742	75000	-0.122661	-25.509029
179	0.608884	75000	-0.122497	-25.631526
180	0.607029	75000	-0.122217	-25.753743
181	0.605178	75000	-0.122035	-25.875779
182	0.603330	75000	-0.121887	-25.997666
183	0.601486	75000	-0.121604	-26.119270
184	0.599645	75000	-0.121377	-26.240647
185	0.597807	75000	-0.121198	-26.361845
186	0.595973	75000	-0.120992	-26.482837
187	0.594142	75000	-0.120766	-26.603603
188	0.592314	75000	-0.120607	-26.724210
189	0.590490	75000	-0.120379	-26.844589
190	0.588669	75000	-0.120118	-26.964707
191	0.586852	75000	-0.119885	-27.084592
192	0.585038	75000	-0.119768	-27.204360
193	0.583227	75000	-0.119441	-27.323801
194	0.581420	75000	-0.119330	-27.443131
195	0.579616	75000	-0.119020	-27.562151
196	0.577815	75000	-0.118908	-27.681059
197	0.576018	75000	-0.118655	-27.799714
198	0.574224	75000	-0.118405	-27.918119
199	0.572433	75000	-0.118225	-28.036344
200	0.570646	75000	-0.118005	-28.154349
201	0.568862	75000	-0.117816	-28.272165
202	0.567082	75000	-0.117562	-28.389727
203	0.565305	75000	-0.117428	-28.507155
204	0.563531	75000	-0.117121	-28.624276
205	0.561761	75000	-0.116927	-28.741203
206	0.559993	75000	-0.116724	-28.857928
207	0.558230	75000	-0.116504	-28.974432
208	0.556469	75000	-0.116252	-29.090684
209	0.554712	75000	-0.116058	-29.206742
210	0.552958	75000	-0.115951	-29.322693
211	0.551208	75000	-0.115633	-29.438327
212	0.549461	75000	-0.115447	-29.553774
213	0.547717	75000	-0.115206	-29.668980
214	0.545977	75000	-0.115067	-29.784046
215	0.544240	75000	-0.114851	-29.898898
216	0.542506	75000	-0.114659	-30.013557
217	0.540775	75000	-0.114401	-30.127957
218	0.539048	75000	-0.114268	-30.242225
219	0.537324	75000	-0.114078	-30.356303
220	0.535604	75000	-0.113820	-30.470123
221	0.533887	75000	-0.113620	-30.583743
222	0.532173	75000	-0.113473	-30.697217
223	0.530462	75000	-0.113206	-30.810422
224	0.528755	75000	-0.113006	-30.923428
225	0.527051	75000	-0.112754	-31.036182
226	0.525350	75000	-0.112656	-31.148838
227	0.523653	75000	-0.112378	-31.261215
228	0.521958	75000	-0.112086	-31.373302
229	0.520268	75000	-0.111962	-31.485263
230	0.518580	75000	-0.111791	-31.597054
231	0.516896	75000	-0.111464	-31.708518
232	0.515215	75000	-0.111314	-31.819833
233	0.513537	75000	-0.111128	-31.930961
234	0.511863	75000	-0.110885	-32.041846
235	0.510192	75000	-0.110633	-32.152479
236	0.508524	75000	-0.110489	-32.262967
237	0.506859	75000	-0.110294	-32.373261
238	0.505198	75000	-0.110081	-32.483342
239	0.503540	75000	-0.109826	-32.593169
240	0.501885	75000	-0.109679	-32.702848
241	0.500234	75000	-0.109449	-32.812297
242	0.498586	75000	-0.109255	-32.921552
243	0.496941	75000	-0.109054	-33.030605
244	0.495299	75000	-0.108893	-33.139499
245	0.493660	75000	-0.108648	-33.248146
246	0.492025	75000	-0.108428	-33.356574
247	0.490393	75000	-0.108267	-33.464841
248	0.488765	75000	-0.108036	-33.572877
249	0.487139	75000	-0.107768	-33.680645
250	0.485517	75000	-0.107577	-33.788222
251	0.483898	75000	-0.107395	-33.895617
252	0.482283	75000	-0.107210	-34.002826
253	0.480670	75000	-0.106999	-34.109826
254	0.479061	75000	-0.106847	-34.216673
255	0.477455	75000	-0.106560	-34.323233
256	0.475852	75000	-0.106357	-34.429590
257	0.474253	75000	-0.106210	-34.535800
258	0.472656	75000	-0.105970	-34.641770
259	0.471063	75000	-0.105729	-34.747499
260	0.469474	75000	-0.105599	-34.853098
261	0.467887	75000	-0.105358	-34.958456
262	0.466304	75000	-0.105263	-35.063720
263	0.464723	75000	-0.104884	-35.168603
264	0.463146	75000	-0.104811	-35.273415
265	0.461573	75000	-0.104568	-35.377982
266	0.460002	75000	-0.104411	-35.482393
267	0.458435	75000	-0.104262	-35.586655
268	0.456871	75000	-0.103991	-35.690646
269	0.455310	75000	-0.103783	-35.794429
270	0.453752	75000	-0.103521	-35.897949
271	0.452198	75000	-0.103399	-36.001349
272	0.450647	75000	-0.103184	-36.104532
273	0.449098	75000	-0.102950	-36.207482
274	0.447554	75000	-0.102698	-36.310180
275	0.446012	75000	-0.102561	-36.412741
276	0.444473	75000	-0.102324	-36.515066
277	0.442938	75000	-0.102169	-36.617235
278	0.441406	75000	-0.101986	-36.719220
279	0.439877	75000	-0.101734	-36.820954
280	0.438351	75000	-0.101526	-36.922480
281	0.436829	75000	-0.101410	-37.023890
282	0.435309	75000	-0.101123	-37.125013
283	0.433793	75000	-0.101031	-37.226044
284	0.432280	75000	-0.100770	-37.326814
285	0.430770	75000	-0.100520	-37.427334
286	0.429263	75000	-0.100320	-37.527653
287	0.427760	75000	-0.100143	-37.627796
288	0.426259	75000	-0.099959	-37.727755
289	0.424762	75000	-0.099734	-37.827490
290	0.423268	75000	-0.099703	-37.927193
291	0.421777	75000	-0.099352	-38.026545
292	0.420289	75000	-0.099160	-38.125704
293	0.418805	75000	-0.099006	-38.224710
294	0.417323	75000	-0.098739	-38.323450
295	0.415845	75000	-0.098586	-38.422035
296	0.414370	75000	-0.098408	-38.520443
297	0.412898	75000	-0.098174	-38.618618
298	0.411429	75000	-0.097883	-38.716501
299	0.409963	75000	-0.097816	-38.814317
300	0.408501	75000	-0.097604	-38.911921
301	0.407041	75000	-0.097376	-39.009297
302	0.405585	75000	-0.097253	-39.106550
303	0.404132	75000	-0.096989	-39.203539
304	0.402682	75000	-0.096803	-39.300343
305	0.401235	75000	-0.096652	-39.396995
306	0.399791	75000	-0.096487	-39.493482
307	0.398350	75000	-0.096274	-39.589756
308	0.396913	75000	-0.096095	-39.685851
309	0.395478	75000	-0.095762	-39.781613
310	0.394047	75000	-0.095517	-39.877131
311	0.392619	75000	-0.095413	-39.972544
312	0.391194	75000	-0.095296	-40.067840
313	0.389772	75000	-0.095059	-40.162898
314	0.388353	75000	-0.094870	-40.257768
315	0.386937	75000	-0.094703	-40.352471
316	0.385524	75000	-0.094471	-40.446942
317	0.384115	75000	-0.094325	-40.541266
318	0.382708	75000	-0.094186	-40.635452
319	0.381305	75000	-0.093930	-40.729382
320	0.379904	75000	-0.093707	-40.823089
321	0.378507	75000	-0.093557	-40.916645
322	0.377113	75000	-0.093365	-41.010010
323	0.375722	75000	-0.093201	-41.103211
324	0.374334	75000	-0.093000	-41.196212
325	0.372949	75000	-0.092690	-41.288902
326	0.371567	75000	-0.092518	-41.381420
327	0.370189	75000	-0.092461	-41.473881
328	0.368813	75000	-0.092209	-41.566089
329	0.367440	75000	-0.091989	-41.658078
330	0.366071	75000	-0.091824	-41.749901
331	0.364705	75000	-0.091584	-41.841485
332	0.363341	75000	-0.091408	-41.932893
333	0.361981	75000	-0.091209	-42.024103
334	0.360624	75000	-0.090919	-42.115021
335	0.359269	75000	-0.090818	-42.205839
336	0.357918	75000	-0.090657	-42.296496
337	0.356570	75000	-0.090472	-42.386968
338	0.355225	75000	-0.090332	-42.477300
339	0.353883	75000	-0.090006	-42.567306
340	0.352544	75000	-0.089907	-42.657213
341	0.351208	75000	-0.089713	-42.746926
342	0.349875	75000	-0.089618	-42.836544
343	0.348546	75000	-0.089299	-42.925843
344	0.347219	75000	-0.089081	-43.014925
345	0.345895	75000	-0.088939	-43.103864
346	0.344574	75000	-0.088827	-43.192691
347	0.343257	75000	-0.088627	-43.281318
348	0.341942	75000	-0.088394	-43.369712
349	0.340630	75000	-0.088214	-43.457926
350	0.339322	75000	-0.087921	-43.545847
351	0.338016	75000	-0.087802	-43.633649
352	0.336714	75000	-0.087700	-43.721349
353	0.335414	75000	-0.087505	-43.808854
354	0.334118	75000	-0.087291	-43.896144
355	0.332824	75000	-0.087101	-43.983245
356	0.331534	75000	-0.086798	-44.070044
357	0.330246	75000	-0.086709	-44.156753
358	0.328962	75000	-0.086554	-44.243307
359	0.327680	75000	-0.086267	-44.329573
360	0.326401	75000	-0.086036	-44.415609
361	0.325126	75000	-0.085914	-44.501523
362	0.323853	75000	-0.085698	-44.587221
363	0.322584	75000	-0.085598	-44.672818
364	0.321317	75000	-0.085424	-44.758243
365	0.320054	75000	-0.085140	-44.843383
366	0.318793	75000	-0.084975	-44.928358
367	0.317536	75000	-0.084832	-45.013189
368	0.316281	75000	-0.084566	-45.097755
369	0.315030	75000	-0.084495	-45.182251
370	0.313781	75000	-0.084343	-45.266594
371	0.312535	75000	-0.084135	-45.350729
372	0.311293	75000	-0.083894	-45.434622
373	0.310053	75000	-0.083802	-45.518424
374	0.308816	75000	-0.083492	-45.601916
375	0.307582	75000	-0.083295	-45.685211
376	0.306352	75000	-0.083107	-45.768319
377	0.305124	75000	-0.083002	-45.851320
378	0.303899	75000	-0.082781	-45.934102
379	0.302677	75000	-0.082683	-46.016785
380	0.301458	75000	-0.082440	-46.099225
381	0.300242	75000	-0.082270	-46.181495
382	0.299029	75000	-0.082055	-46.263549
383	0.297819	75000	-0.081914	-46.345463
384	0.296611	75000	-0.081627	-46.427089
385	0.295407	75000	-0.081552	-46.508642
386	0.294206	75000	-0.081351	-46.589993
387	0.293007	75000	-0.081184	-46.671177
388	0.291812	75000	-0.080909	-46.752086
389	0.290619	75000	-0.080888	-46.832974
390	0.289430	75000	-0.080607	-46.913581
391	0.288243	75000	-0.080476	-46.994057
392	0.287059	75000	-0.080209	-47.074266
393	0.285879	75000	-0.080072	-47.154338
394	0.284701	75000	-0.079927	-47.234265
395	0.283526	75000	-0.079759	-47.314024
396	0.282354	75000	-0.079602	-47.393626
397	0.281184	75000	-0.079393	-47.473019
398	0.280018	75000	-0.079162	-47.552181
399	0.278855	75000	-0.079017	-47.631199
400	0.277694	75000	-0.078864	-47.710063
401	0.276537	75000	-0.078739	-47.788802
402	0.275382	75000	-0.078445	-47.867247
403	0.274230	75000	-0.078339	-47.945586
404	0.273082	75000	-0.078196	-48.023782
405	0.271936	75000	-0.077946	-48.101728
406	0.270793	75000	-0.077817	-48.179545
407	0.269652	75000	-0.077538	-48.257083
408	0.268515	75000	-0.077445	-48.334527
409	0.267381	75000	-0.077168	-48.411695
410	0.266249	75000	-0.077014	-48.488709
411	0.265121	75000	-0.076881	-48.565590
412	0.263995	75000	-0.076703	-48.642294
413	0.262872	75000	-0.076423	-48.718717
414	0.261752	75000	-0.076242	-48.794959
415	0.260635	75000	-0.076238	-48.871197
416	0.259520	75000	-0.076101	-48.947298
417	0.258409	75000	-0.075901	-49.023199
418	0.257300	75000	-0.075648	-49.098846
419	0.256195	75000	-0.075493	-49.174339
420	0.255092	75000	-0.075281	-49.249620
421	0.253992	75000	-0.075078	-49.324698
422	0.252895	75000	-0.074938	-49.399637
423	0.251800	75000	-0.074885	-49.474521
424	0.250709	75000	-0.074606	-49.549128
425	0.249620	75000	-0.074429	-49.623557
426	0.248534	75000	-0.074240	-49.697797
427	0.247451	75000	-0.074046	-49.771843
428	0.246371	75000	-0.073853	-49.845696
429	0.245294	75000	-0.073811	-49.919506
430	0.244220	75000	-0.073576	-49.993082
431	0.243148	75000	-0.073343	-50.066425
432	0.242079	75000	-0.073110	-50.139534
433	0.241013	75000	-0.072992	-50.212526
434	0.239950	75000	-0.072879	-50.285405
435	0.238890	75000	-0.072653	-50.358058
436	0.237832	75000	-0.072436	-50.430495
437	0.236778	75000	-0.072328	-50.502822
438	0.235726	75000	-0.072104	-50.574926
439	0.234677	75000	-0.071955	-50.646881
440	0.233630	75000	-0.071969	-50.718850
441	0.232587	75000	-0.071750	-50.790600
442	0.231546	75000	-0.071516	-50.862117
443	0.230509	75000	-0.071394	-50.933511
444	0.229473	75000	-0.071074	-51.004585
445	0.228441	75000	-0.070958	-51.075543
446	0.227412	75000	-0.070859	-51.146402
447	0.226385	75000	-0.070577	-51.216979
448	0.225361	75000	-0.070456	-51.287435
449	0.224340	75000	-0.070290	-51.357725
450	0.223322	75000	-0.070049	-51.427774
451	0.222306	75000	-0.069909	-51.497683
452	0.221293	75000	-0.069743	-51.567426
453	0.220283	75000	-0.069642	-51.637068
454	0.219276	75000	-0.069380	-51.706448
455	0.218272	75000	-0.069213	-51.775661
456	0.217270	75000	-0.069140	-51.844801
457	0.216271	75000	-0.068992	-51.913793
458	0.215275	75000	-0.068819	-51.982612
459	0.214281	75000	-0.068483	-52.051095
460	0.213291	75000	-0.068381	-52.119475
461	0.212303	75000	-0.068220	-52.187695
462	0.211318	75000	-0.068125	-52.255820
463	0.210335	75000	-0.067831	-52.323651
464	0.209356	75000	-0.067757	-52.391408
465	0.208379	75000	-0.067634	-52.459042
466	0.207404	75000	-0.067439	-52.526481
467	0.206433	75000	-0.067200	-52.593681
468	0.205464	75000	-0.067089	-52.660771
469	0.204498	75000	-0.066928	-52.727699
470	0.203535	75000	-0.066802	-52.794501
471	0.202575	75000	-0.066784	-52.861285
472	0.201617	75000	-0.066408	-52.927694
473	0.200662	75000	-0.066130	-52.993823
474	0.199709	75000	-0.066162	-53.059985
475	0.198760	75000	-0.065975	-53.125960
476	0.197813	75000	-0.065795	-53.191756
477	0.196869	75000	-0.065691	-53.257447
478	0.195927	75000	-0.065394	-53.322841
479	0.194988	75000	-0.065269	-53.388110
480	0.194052	75000	-0.065035	-53.453146
481	0.193119	75000	-0.064982	-53.518128
482	0.192188	75000	-0.064852	-53.582980
483	0.191260	75000	-0.064465	-53.647445
484	0.190335	75000	-0.064326	-53.711771
485	0.189412	75000	-0.064375	-53.776146
486	0.188492	75000	-0.064164	-53.840310
487	0.187575	75000	-0.063993	-53.904303
488	0.186660	75000	-0.063801	-53.968105
489	0.185749	75000	-0.063584	-54.031689
490	0.184839	75000	-0.063625	-54.095313
491	0.183933	75000	-0.063225	-54.158539
492	0.183029	75000	-0.063184	-54.221723
493	0.182128	75000	-0.063011	-54.284734
494	0.181229	75000	-0.062830	-54.347564
495	0.180333	75000	-0.062703	-54.410266
496	0.179440	75000	-0.062449	-54.472716
497	0.178550	75000	-0.062402	-54.535118
498	0.177662	75000	-0.062299	-54.597417
499	0.176777	75000	-0.062034	-54.659450
500	0.175894	75000	-0.061896	-54.721346
501	0.175014	75000	-0.061827	-54.783173
502	0.174137	75000	-0.061676	-54.844850
503	0.173262	75000	-0.061434	-54.906284
504	0.172390	75000	-0.061190	-54.967474
505	0.171521	75000	-0.061168	-55.028641
506	0.170654	75000	-0.061039	-55.089680
507	0.169790	75000	-0.060785	-55.150465
508	0.168929	75000	-0.060616	-55.211081
509	0.168070	75000	-0.060515	-55.271596
510	0.167214	75000	-0.060261	-55.331858
511	0.166360	75000	-0.060169	-55.392027
512	0.165509	75000	-0.059989	-55.452016
513	0.164661	75000	-0.059825	-55.511840
514	0.163815	75000	-0.059737	-55.571578
515	0.162972	75000	-0.059533	-55.631110
516	0.162132	75000	-0.059478	-55.690589
517	0.161294	75000	-0.059167	-55.749755
518	0.160458	75000	-0.059197	-55.808953
519	0.159626	75000	-0.058975	-55.867928
520	0.158796	75000	-0.058827	-55.926754
521	0.157968	75000	-0.058640	-55.985394
522	0.157143	75000	-0.058326	-56.043720
523	0.156321	75000	-0.058391	-56.102112
524	0.155501	75000	-0.058217	-56.160329
525	0.154684	75000	-0.058022	-56.218351
526	0.153870	75000	-0.057811	-56.276162
527	0.153058	75000	-0.057642	-56.333804
528	0.152248	75000	-0.057544	-56.391348
529	0.151441	75000	-0.057311	-56.448659
530	0.150637	75000	-0.057206	-56.505865
531	0.149835	75000	-0.057075	-56.562940
532	0.149036	75000	-0.056927	-56.619868
533	0.148240	75000	-0.056777	-56.676645
534	0.147446	75000	-0.056466	-56.733110
535	0.146654	75000	-0.056471	-56.789582
536	0.145865	75000	-0.056251	-56.845833
537	0.145079	75000	-0.056173	-56.902006
538	0.144295	75000	-0.055998	-56.958004
539	0.143514	75000	-0.055797	-57.013800
540	0.142735	75000	-0.055815	-57.069615
541	0.141959	75000	-0.055646	-57.125261
542	0.141186	75000	-0.055353	-57.180614
543	0.140415	75000	-0.055348	-57.235962
544	0.139646	75000	-0.055173	-57.291135
545	0.138880	75000	-0.054948	-57.346083
546	0.138116	75000	-0.054934	-57.401017
547	0.137356	75000	-0.054557	-57.455573
548	0.136597	75000	-0.054597	-57.510171
549	0.135841	75000	-0.054416	-57.564587
550	0.135088	75000	-0.054131	-57.618718
551	0.134337	75000	-0.053895	-57.672613
552	0.133588	75000	-0.054033	-57.726646
553	0.132843	75000	-0.053795	-57.780440
554	0.132099	75000	-0.053595	-57.834036
555	0.131358	75000	-0.053503	-57.887538
556	0.130620	75000	-0.053374	-57.940912
557	0.129884	75000	-0.053093	-57.994006
558	0.129151	75000	-0.053235	-58.047240
559	0.128420	75000	-0.053030	-58.100271
560	0.127691	75000	-0.052731	-58.153002
561	0.126965	75000	-0.052575	-58.205577
562	0.126242	75000	-0.052586	-58.258163
563	0.125521	75000	-0.052351	-58.310514
564	0.124802	75000	-0.052237	-58.362751
565	0.124086	75000	-0.052031	-58.414782
566	0.123373	75000	-0.051924	-58.466706
567	0.122662	75000	-0.051688	-58.518394
568	0.121953	75000	-0.051548	-58.569942
569	0.121247	75000	-0.051669	-58.621611
570	0.120543	75000	-0.051347	-58.672958
571	0.119842	75000	-0.051163	-58.724121
572	0.119143	75000	-0.051059	-58.775180
573	0.118447	75000	-0.050777	-58.825957
574	0.117753	75000	-0.050712	-58.876670
575	0.117062	75000	-0.050667	-58.927337
576	0.116373	75000	-0.050554	-58.977891
577	0.115686	75000	-0.050473	-59.028365
578	0.115002	75000	-0.050271	-59.078636
579	0.114320	75000	-0.050190	-59.128826
580	0.113641	75000	-0.049991	-59.178817
581	0.112964	75000	-0.049885	-59.228701
582	0.112290	75000	-0.049475	-59.278177
583	0.111618	75000	-0.049514	-59.327691
584	0.110948	75000	-0.049400	-59.377090
585	0.110281	75000	-0.049242	-59.426333
586	0.109616	75000	-0.049023	-59.475356
587	0.108954	75000	-0.048916	-59.524272
588	0.108294	75000	-0.048806	-59.573077
589	0.107637	75000	-0.048716	-59.621793
590	0.106981	75000	-0.048631	-59.670424
591	0.106329	75000	-0.048474	-59.718898
592	0.105678	75000	-0.048304	-59.767202
593	0.105030	75000	-0.048077	-59.815279
594	0.104385	75000	-0.048124	-59.863403
595	0.103742	75000	-0.047960	-59.911363
596	0.103101	75000	-0.047816	-59.959179
597	0.102463	75000	-0.047593	-60.006772
598	0.101827	75000	-0.047520	-60.054292
599	0.101193	75000	-0.047434	-60.101726
600	0.100562	75000	-0.047354	-60.149080
601	0.099933	75000	-0.047021	-60.196100
602	0.099306	75000	-0.047168	-60.243269
603	0.098682	75000	-0.046762	-60.290030
604	0.098060	75000	-0.046747	-60.336777
605	0.097441	75000	-0.046602	-60.383379
606	0.096824	75000	-0.046626	-60.430005
607	0.096209	75000	-0.046346	-60.476351
608	0.095596	75000	-0.046245	-60.522596
609	0.094986	75000	-0.045980	-60.568576
610	0.094379	75000	-0.045937	-60.614513
611	0.093773	75000	-0.045736	-60.660249
612	0.093170	75000	-0.045485	-60.705734
613	0.092570	75000	-0.045477	-60.751211
614	0.091971	75000	-0.045276	-60.796487
615	0.091375	75000	-0.045298	-60.841785
616	0.090781	75000	-0.045188	-60.886973
617	0.090190	75000	-0.045036	-60.932009
618	0.089601	75000	-0.044770	-60.976779
619	0.089014	75000	-0.044679	-61.021458
620	0.088430	75000	-0.044659	-61.066117
621	0.087848	75000	-0.044333	-61.110450
622	0.087268	75000	-0.044429	-61.154879
623	0.086690	75000	-0.044294	-61.199173
624	0.086115	75000	-0.043979	-61.243152
625	0.085542	75000	-0.043911	-61.287063
626	0.084971	75000	-0.043821	-61.330884
627	0.084403	75000	-0.043610	-61.374494
628	0.083837	75000	-0.043589	-61.418083
629	0.083273	75000	-0.043350	-61.461433
630	0.082712	75000	-0.043361	-61.504795
631	0.082152	75000	-0.043097	-61.547892
632	0.081595	75000	-0.043154	-61.591046
633	0.081041	75000	-0.043104	-61.634150
634	0.080488	75000	-0.042803	-61.676953
635	0.079938	75000	-0.042789	-61.719742
636	0.079390	75000	-0.042501	-61.762243
637	0.078845	75000	-0.042512	-61.804755
638	0.078301	75000	-0.042501	-61.847256
639	0.077760	75000	-0.042546	-61.889802
640	0.077221	75000	-0.042168	-61.931969
641	0.076684	75000	-0.042186	-61.974156
642	0.076150	75000	-0.041929	-62.016085
643	0.075618	75000	-0.041863	-62.057947
644	0.075088	75000	-0.041656	-62.099603
645	0.074560	75000	-0.041620	-62.141223
646	0.074035	75000	-0.041697	-62.182920
647	0.073512	75000	-0.041336	-62.224256
648	0.072991	75000	-0.041220	-62.265476
649	0.072472	75000	-0.041167	-62.306644
650	0.071955	75000	-0.040909	-62.347553
651	0.071441	75000	-0.040987	-62.388540
652	0.070929	75000	-0.040903	-62.429443
653	0.070419	75000	-0.040746	-62.470190
654	0.069911	75000	-0.040719	-62.510909
655	0.069406	75000	-0.040349	-62.551258
656	0.068903	75000	-0.040256	-62.591514
657	0.068401	75000	-0.040210	-62.631723
658	0.067903	75000	-0.040103	-62.671827
659	0.067406	75000	-0.039897	-62.711723
660	0.066911	75000	-0.039863	-62.751586
661	0.066419	75000	-0.039798	-62.791384
662	0.065929	75000	-0.039514	-62.830898
663	0.065441	75000	-0.039450	-62.870348
664	0.064955	75000	-0.039481	-62.909828
665	0.064471	75000	-0.039330	-62.949158
666	0.063990	75000	-0.039268	-62.988427
667	0.063510	75000	-0.039055	-63.027482
668	0.063033	75000	-0.038853	-63.066334
669	0.062558	75000	-0.038766	-63.105100
670	0.062085	75000	-0.038600	-63.143701
671	0.061615	75000	-0.038713	-63.182414
672	0.061146	75000	-0.038490	-63.220904
673	0.060680	75000	-0.038612	-63.259516
674	0.060216	75000	-0.038351	-63.297868
675	0.059753	75000	-0.038303	-63.336170
676	0.059293	75000	-0.038273	-63.374444
677	0.058836	75000	-0.037916	-63.412360
678	0.058380	75000	-0.037851	-63.450211
679	0.057926	75000	-0.037926	-63.488137
680	0.057475	75000	-0.037849	-63.525986
681	0.057025	75000	-0.037483	-63.563469
682	0.056578	75000	-0.037683	-63.601153
683	0.056133	75000	-0.037663	-63.638815
684	0.055690	75000	-0.037343	-63.676158
685	0.055249	75000	-0.037261	-63.713419
686	0.054810	75000	-0.037115	-63.750534
687	0.054373	75000	-0.037071	-63.787605
688	0.053939	75000	-0.036979	-63.824584
689	0.053506	75000	-0.036785	-63.861369
690	0.053076	75000	-0.036783	-63.898152
691	0.052647	75000	-0.036504	-63.934656
692	0.052221	75000	-0.036541	-63.971197
693	0.051797	75000	-0.036483	-64.007680
694	0.051375	75000	-0.036514	-64.044193
695	0.050955	75000	-0.036226	-64.080419
696	0.050537	75000	-0.036200	-64.116618
697	0.050121	75000	-0.035908	-64.152527
698	0.049707	75000	-0.035930	-64.188457
699	0.049295	75000	-0.036251	-64.224708
700	0.048885	75000	-0.035792	-64.260500
701	0.048478	75000	-0.035695	-64.296196
702	0.048072	75000	-0.035717	-64.331913
703	0.047668	75000	-0.035600	-64.367513
704	0.047267	75000	-0.035493	-64.403006
705	0.046867	75000	-0.035287	-64.438292
706	0.046470	75000	-0.035403	-64.473695
707	0.046074	75000	-0.035169	-64.508864
708	0.045681	75000	-0.035094	-64.543958
709	0.045289	75000	-0.035120	-64.579078
710	0.044900	75000	-0.034907	-64.613985
711	0.044512	75000	-0.035022	-64.649006
712	0.044127	75000	-0.035277	-64.684283
713	0.043744	75000	-0.034846	-64.719129
714	0.043362	75000	-0.034715	-64.753844
715	0.042983	75000	-0.034691	-64.788535
716	0.042606	75000	-0.034370	-64.822905
717	0.042230	75000	-0.034482	-64.857387
718	0.041857	75000	-0.034227	-64.891614
719	0.041485	75000	-0.034335	-64.925949
720	0.041116	75000	-0.034040	-64.959989
721	0.040749	75000	-0.033893	-64.993881
722	0.040383	75000	-0.033935	-65.027817
723	0.040020	75000	-0.033911	-65.061728
724	0.039658	75000	-0.033712	-65.095440
725	0.039299	75000	-0.033771	-65.129212
726	0.038941	75000	-0.033836	-65.163048
727	0.038585	75000	-0.033879	-65.196927
728	0.038232	75000	-0.033648	-65.230575
729	0.037880	75000	-0.033452	-65.264027
730	0.037530	75000	-0.033426	-65.297453
731	0.037182	75000	-0.033587	-65.331040
732	0.036836	75000	-0.033289	-65.364329
733	0.036493	75000	-0.033349	-65.397678
734	0.036151	75000	-0.033257	-65.430935
735	0.035810	75000	-0.033268	-65.464203
736	0.035472	75000	-0.033361	-65.497564
737	0.035136	75000	-0.033183	-65.530747
738	0.034802	75000	-0.033027	-65.563775
739	0.034469	75000	-0.032858	-65.596633
740	0.034139	75000	-0.033020	-65.629652
741	0.033810	75000	-0.032733	-65.662385
742	0.033484	75000	-0.032768	-65.695154
743	0.033159	75000	-0.032879	-65.728033
744	0.032836	75000	-0.032654	-65.760687
745	0.032515	75000	-0.032673	-65.793360
746	0.032196	75000	-0.032436	-65.825796
747	0.031879	75000	-0.032419	-65.858215
748	0.031563	75000	-0.032354	-65.890569
749	0.031250	75000	-0.032226	-65.922795
750	0.030938	75000	-0.032216	-65.955011
751	0.030629	75000	-0.032428	-65.987439
752	0.030321	75000	-0.032412	-66.019851
753	0.030015	75000	-0.032112	-66.051964
754	0.029711	75000	-0.032175	-66.084138
755	0.029409	75000	-0.032252	-66.116390
756	0.029108	75000	-0.032193	-66.148583
757	0.028810	75000	-0.031928	-66.180511
758	0.028513	75000	-0.031902	-66.212413
759	0.028218	75000	-0.031914	-66.244327
760	0.027925	75000	-0.031847	-66.276174
761	0.027634	75000	-0.031886	-66.308060
762	0.027345	75000	-0.032254	-66.340313
763	0.027057	75000	-0.031998	-66.372311
764	0.026771	75000	-0.031876	-66.404187
765	0.026487	75000	-0.032169	-66.436356
766	0.026205	75000	-0.031861	-66.468217
767	0.025925	75000	-0.031981	-66.500198
768	0.025647	75000	-0.032086	-66.532284
769	0.025370	75000	-0.032004	-66.564288
770	0.025095	75000	-0.032221	-66.596509
771	0.024822	75000	-0.031758	-66.628266
772	0.024551	75000	-0.031875	-66.660141
773	0.024281	75000	-0.031918	-66.692059
774	0.024014	75000	-0.031819	-66.723878
775	0.023748	75000	-0.031981	-66.755859
776	0.023483	75000	-0.031785	-66.787644
777	0.023221	75000	-0.031782	-66.819427
778	0.022960	75000	-0.032034	-66.851461
779	0.022702	75000	-0.032148	-66.883608
780	0.022445	75000	-0.031793	-66.915401
781	0.022189	75000	-0.031822	-66.947223
782	0.021936	75000	-0.032221	-66.979444
783	0.021684	75000	-0.031703	-67.011147
784	0.021434	75000	-0.031830	-67.042977
785	0.021185	75000	-0.031825	-67.074802
786	0.020939	75000	-0.032263	-67.107064
787	0.020694	75000	-0.032000	-67.139065
788	0.020451	75000	-0.032524	-67.171589
789	0.020209	75000	-0.032012	-67.203601
790	0.019969	75000	-0.032221	-67.235823
791	0.019731	75000	-0.032418	-67.268240
792	0.019495	75000	-0.032913	-67.301153
793	0.019261	75000	-0.032555	-67.333708
794	0.019028	75000	-0.032565	-67.366273
795	0.018796	75000	-0.032758	-67.399031
796	0.018567	75000	-0.032583	-67.431614
797	0.018339	75000	-0.032924	-67.464538
798	0.018113	75000	-0.032529	-67.497067
799	0.017889	75000	-0.032563	-67.529630
800	0.017666	75000	-0.032516	-67.562146
801	0.017445	75000	-0.033232	-67.595378
802	0.017225	75000	-0.033596	-67.628974
803	0.017007	75000	-0.033299	-67.662273
804	0.016791	75000	-0.033156	-67.695429
805	0.016577	75000	-0.033655	-67.729084
806	0.016364	75000	-0.033695	-67.762779
807	0.016153	75000	-0.034163	-67.796942
808	0.015943	75000	-0.033962	-67.830904
809	0.015736	75000	-0.033600	-67.864504
810	0.015529	75000	-0.033979	-67.898483
811	0.015325	75000	-0.034473	-67.932956
812	0.015122	75000	-0.034396	-67.967352
813	0.014920	75000	-0.034198	-68.001551
814	0.014721	75000	-0.034922	-68.036473
815	0.014523	75000	-0.034847	-68.071320
816	0.014326	75000	-0.034891	-68.106210
817	0.014131	75000	-0.035406	-68.141616
818	0.013938	75000	-0.034929	-68.176545
819	0.013746	75000	-0.035835	-68.212380
820	0.013556	75000	-0.036102	-68.248482
821	0.013367	75000	-0.036079	-68.284562
822	0.013181	75000	-0.037527	-68.322088
823	0.012995	75000	-0.036870	-68.358958
824	0.012811	75000	-0.037355	-68.396313
825	0.012629	75000	-0.036784	-68.433097
826	0.012448	75000	-0.037961	-68.471058
827	0.012269	75000	-0.037952	-68.509010
828	0.012092	75000	-0.038444	-68.547454
829	0.011916	75000	-0.038210	-68.585664
830	0.011741	75000	-0.038933	-68.624597
831	0.011568	75000	-0.039417	-68.664014
832	0.011397	75000	-0.040681	-68.704696
833	0.011227	75000	-0.039999	-68.744695
834	0.011059	75000	-0.039811	-68.784506
835	0.010892	75000	-0.040263	-68.824768
836	0.010727	75000	-0.040711	-68.865479
837	0.010563	75000	-0.041577	-68.907057
838	0.010401	75000	-0.042745	-68.949802
839	0.010240	75000	-0.043150	-68.992951
840	0.010081	75000	-0.042567	-69.035519
841	0.009923	75000	-0.043275	-69.078794
842	0.009767	75000	-0.044711	-69.123505
843	0.009612	75000	-0.045105	-69.168610
844	0.009459	75000	-0.045403	-69.214013
845	0.009307	75000	-0.045235	-69.259248
846	0.009156	75000	-0.048258	-69.307506
847	0.009008	75000	-0.049053	-69.356559
848	0.008860	75000	-0.047928	-69.404487
849	0.008714	75000	-0.050857	-69.455344
850	0.008570	75000	-0.050878	-69.506222
851	0.008427	75000	-0.053159	-69.559382
852	0.008285	75000	-0.052479	-69.611860
853	0.008145	75000	-0.054031	-69.665892
854	0.008006	75000	-0.051700	-69.717592
855	0.007869	75000	-0.055483	-69.773075
856	0.007733	75000	-0.056442	-69.829517
857	0.007598	75000	-0.058204	-69.887721
858	0.007465	75000	-0.058526	-69.946247
859	0.007334	75000	-0.060891	-70.007137
860	0.007203	75000	-0.062405	-70.069543
861	0.007075	75000	-0.060418	-70.129961
862	0.006947	75000	-0.063272	-70.193232
863	0.006821	75000	-0.064818	-70.258050
864	0.006696	75000	-0.066993	-70.325043
865	0.006573	75000	-0.067628	-70.392672
866	0.006451	75000	-0.069241	-70.461912
867	0.006330	75000	-0.068202	-70.530114
868	0.006211	75000	-0.075503	-70.605617
869	0.006093	75000	-0.073466	-70.679083
870	0.005977	75000	-0.074516	-70.753599
871	0.005862	75000	-0.076081	-70.829679
872	0.005748	75000	-0.076916	-70.906596
873	0.005635	75000	-0.079157	-70.985753
874	0.005524	75000	-0.080208	-71.065961
875	0.005414	75000	-0.081891	-71.147852
876	0.005306	75000	-0.084971	-71.232823
877	0.005199	75000	-0.086342	-71.319165
878	0.005093	75000	-0.085872	-71.405037
879	0.004988	75000	-0.088649	-71.493685
880	0.004885	75000	-0.088971	-71.582656
881	0.004783	75000	-0.089964	-71.672621
882	0.004682	75000	-0.090776	-71.763396
883	0.004583	75000	-0.091705	-71.855102
884	0.004485	75000	-0.095853	-71.950955
885	0.004388	75000	-0.094170	-72.045124
886	0.004292	75000	-0.095603	-72.140727
887	0.004198	75000	-0.094987	-72.235715
888	0.004105	75000	-0.097759	-72.333474
889	0.004013	75000	-0.096700	-72.430174
890	0.003923	75000	-0.097885	-72.528059
891	0.003833	75000	-0.101935	-72.629994
892	0.003745	75000	-0.096929	-72.726923
893	0.003658	75000	-0.099522	-72.826444
894	0.003573	75000	-0.099995	-72.926440
895	0.003488	75000	-0.100387	-73.026826
896	0.003405	75000	-0.100380	-73.127207
897	0.003323	75000	-0.100673	-73.227880
898	0.003242	75000	-0.098369	-73.326249
899	0.003162	75000	-0.100085	-73.426334
900	0.003084	75000	-0.099695	-73.526030
901	0.003007	75000	-0.101120	-73.627149
902	0.002930	75000	-0.097952	-73.725101
903	0.002855	75000	-0.098762	-73.823863
904	0.002782	75000	-0.100315	-73.924179
905	0.002709	75000	-0.099258	-74.023437
906	0.002638	75000	-0.098502	-74.121938
907	0.002567	75000	-0.098716	-74.220654
908	0.002498	75000	-0.098670	-74.319324
909	0.002430	75000	-0.097420	-74.416744
910	0.002363	75000	-0.095800	-74.512544
911	0.002297	75000	-0.096096	-74.608640
912	0.002233	75000	-0.094708	-74.703348
913	0.002169	75000	-0.094125	-74.797474
914	0.002106	75000	-0.094107	-74.891581
915	0.002045	75000	-0.091716	-74.983297
916	0.001985	75000	-0.091560	-75.074857
917	0.001925	75000	-0.091014	-75.165871
918	0.001867	75000	-0.090335	-75.256206
919	0.001810	75000	-0.088521	-75.344727
920	0.001754	75000	-0.087531	-75.432259
921	0.001699	75000	-0.086800	-75.519059
922	0.001645	75000	-0.085733	-75.604792
923	0.001592	75000	-0.083371	-75.688163
924	0.001540	75000	-0.082749	-75.770912
925	0.001490	75000	-0.082548	-75.853460
926	0.001440	75000	-0.080681	-75.934141
927	0.001391	75000	-0.079150	-76.013291
928	0.001343	75000	-0.078078	-76.091369
929	0.001296	75000	-0.076858	-76.168227
930	0.001251	75000	-0.075226	-76.243453
931	0.001206	75000	-0.074473	-76.317926
932	0.001162	75000	-0.072549	-76.390475
933	0.001119	75000	-0.071502	-76.461976
934	0.001077	75000	-0.069804	-76.531781
935	0.001036	75000	-0.068893	-76.600674
936	0.000996	75000	-0.067477	-76.668151
937	0.000957	75000	-0.066250	-76.734401
938	0.000919	75000	-0.064536	-76.798937
939	0.000882	75000	-0.063347	-76.862284
940	0.000846	75000	-0.061824	-76.924108
941	0.000810	75000	-0.060720	-76.984828
942	0.000776	75000	-0.059375	-77.044202
943	0.000742	75000	-0.057870	-77.102072
944	0.000709	75000	-0.056350	-77.158422
945	0.000678	75000	-0.055159	-77.213581
946	0.000647	75000	-0.053933	-77.267514
947	0.000617	75000	-0.052315	-77.319828
948	0.000587	75000	-0.050951	-77.370779
949	0.000559	75000	-0.049613	-77.420392
950	0.000531	75000	-0.048258	-77.468651
951	0.000505	75000	-0.047054	-77.515705
952	0.000479	75000	-0.045658	-77.561363
953	0.000454	75000	-0.044113	-77.605476
954	0.000430	75000	-0.042674	-77.648150
955	0.000406	75000	-0.041443	-77.689593
956	0.000383	75000	-0.040460	-77.730052
957	0.000362	75000	-0.038869	-77.768922
958	0.000340	75000	-0.037282	-77.806204
959	0.000320	75000	-0.036288	-77.842492
960	0.000300	75000	-0.034888	-77.877380
961	0.000281	75000	-0.033556	-77.910936
962	0.000263	75000	-0.032366	-77.943302
963	0.000246	75000	-0.030983	-77.974285
964	0.000229	75000	-0.029747	-78.004032
965	0.000213	75000	-0.028663	-78.032696
966	0.000198	75000	-0.027431	-78.060127
967	0.000183	75000	-0.026228	-78.086355
968	0.000169	75000	-0.025047	-78.111402
969	0.000156	75000	-0.023924	-78.135325
970	0.000143	75000	-0.022672	-78.157997
971	0.000131	75000	-0.021620	-78.179617
972	0.000120	75000	-0.020477	-78.200094
973	0.000109	75000	-0.019567	-78.219661
974	0.000099	75000	-0.018342	-78.238003
975	0.000089	75000	-0.017258	-78.255261
976	0.000080	75000	-0.016257	-78.271518
977	0.000072	75000	-0.015207	-78.286724
978	0.000064	75000	-0.014237	-78.300961
979	0.000057	75000	-0.013295	-78.314256
980	0.000050	75000	-0.012322	-78.326579
981	0.000043	75000	-0.011413	-78.337992
982	0.000038	75000	-0.010424	-78.348416
983	0.000032	75000	-0.009619	-78.358035
984	0.000028	75000	-0.008767	-78.366803
985	0.000023	75000	-0.007916	-78.374719
986	0.000019	75000	-0.007089	-78.381808
987	0.000016	75000	-0.006325	-78.388133
988	0.000013	75000	-0.005573	-78.393706
989	0.000010	75000	-0.004856	-78.398562
990	0.000008	75000	-0.004217	-78.402779
991	0.000006	75000	-0.003552	-78.406331
992	0.000004	75000	-0.002948	-78.409279
993	0.000003	75000	-0.002377	-78.411655
994	0.000002	75000	-0.001849	-78.413504
995	0.000001	75000	-0.001367	-78.414871
996	0.000000	75000	-0.000942	-78.415813
997	0.000000	75000	-0.000569	-78.416381
998	0.000000	75000	-0.000267	-78.416648
999	0.000000	75000	-0.000058	-78.416706
Log marginal likelihood:	-78.416706
