Steppingstone sampler:
        No Stones:                  1000
        Start It:                   10000001
        It Per Stone:               100000
        Sample Freq:                1
        Dist:                       Beta(0.400000,1.000000)
Stone No	Power	N	Stone MLh	Running MLh
0	0.997502	75000	0.120693	0.120693
1	0.995007	75000	0.120497	0.241190
2	0.992517	75000	0.120331	0.361521
3	0.990030	75000	0.120187	0.481708
4	0.987547	75000	0.120033	0.601741
5	0.985067	75000	0.119776	0.721517
6	0.982592	75000	0.119562	0.841079
7	0.980120	75000	0.119419	0.960497
8	0.977652	75000	0.119234	1.079731
9	0.975187	75000	0.118995	1.198725
10	0.972726	75000	0.118837	1.317562
11	0.970269	75000	0.118668	1.436231
12	0.967816	75000	0.118440	1.554671
13	0.965367	75000	0.118301	1.672972
14	0.962921	75000	0.118028	1.791000
15	0.960479	75000	0.117909	1.908909
16	0.958040	75000	0.117702	2.026611
17	0.955606	75000	0.117500	2.144111
18	0.953175	75000	0.117361	2.261473
19	0.950747	75000	0.117114	2.378586
20	0.948324	75000	0.116953	2.495539
21	0.945904	75000	0.116818	2.612357
22	0.943488	75000	0.116543	2.728900
23	0.941076	75000	0.116458	2.845357
24	0.938667	75000	0.116251	2.961608
25	0.936262	75000	0.116056	3.077664
26	0.933861	75000	0.115806	3.193470
27	0.931463	75000	0.115648	3.309118
28	0.929069	75000	0.115476	3.424594
29	0.926679	75000	0.115334	3.539928
30	0.924293	75000	0.115180	3.655109
31	0.921910	75000	0.114887	3.769995
32	0.919531	75000	0.114743	3.884738
33	0.917155	75000	0.114495	3.999234
34	0.914783	75000	0.114364	4.113598
35	0.912415	75000	0.114223	4.227821
36	0.910051	75000	0.114039	4.341860
37	0.907690	75000	0.113813	4.455673
38	0.905333	75000	0.113693	4.569366
39	0.902980	75000	0.113478	4.682844
40	0.900630	75000	0.113314	4.796158
41	0.898284	75000	0.113149	4.909307
42	0.895942	75000	0.112933	5.022241
43	0.893603	75000	0.112690	5.134931
44	0.891268	75000	0.112545	5.247476
45	0.888937	75000	0.112342	5.359818
46	0.886609	75000	0.112194	5.472011
47	0.884285	75000	0.112030	5.584042
48	0.881965	75000	0.111730	5.695772
49	0.879648	75000	0.111609	5.807381
50	0.877335	75000	0.111434	5.918815
51	0.875026	75000	0.111257	6.030072
52	0.872720	75000	0.111079	6.141151
53	0.870418	75000	0.110888	6.252039
54	0.868120	75000	0.110686	6.362725
55	0.865825	75000	0.110542	6.473267
56	0.863534	75000	0.110373	6.583640
57	0.861246	75000	0.110150	6.693790
58	0.858962	75000	0.109955	6.803745
59	0.856682	75000	0.109778	6.913523
60	0.854405	75000	0.109620	7.023143
61	0.852132	75000	0.109485	7.132628
62	0.849863	75000	0.109220	7.241848
63	0.847597	75000	0.109102	7.350950
64	0.845335	75000	0.108864	7.459814
65	0.843077	75000	0.108719	7.568533
66	0.840822	75000	0.108511	7.677044
67	0.838571	75000	0.108332	7.785376
68	0.836323	75000	0.108111	7.893486
69	0.834079	75000	0.107927	8.001414
70	0.831839	75000	0.107780	8.109193
71	0.829602	75000	0.107645	8.216838
72	0.827369	75000	0.107426	8.324264
73	0.825140	75000	0.107279	8.431543
74	0.822914	75000	0.107068	8.538611
75	0.820691	75000	0.106860	8.645470
76	0.818473	75000	0.106689	8.752159
77	0.816258	75000	0.106561	8.858720
78	0.814046	75000	0.106322	8.965042
79	0.811838	75000	0.106175	9.071217
80	0.809634	75000	0.105961	9.177179
81	0.807433	75000	0.105848	9.283027
82	0.805236	75000	0.105538	9.388565
83	0.803043	75000	0.105463	9.494028
84	0.800853	75000	0.105288	9.599316
85	0.798667	75000	0.105065	9.704382
86	0.796484	75000	0.104881	9.809263
87	0.794305	75000	0.104745	9.914008
88	0.792129	75000	0.104545	10.018554
89	0.789957	75000	0.104335	10.122888
90	0.787789	75000	0.104163	10.227052
91	0.785624	75000	0.104018	10.331070
92	0.783463	75000	0.103891	10.434960
93	0.781305	75000	0.103730	10.538691
94	0.779151	75000	0.103438	10.642129
95	0.777000	75000	0.103256	10.745385
96	0.774853	75000	0.103065	10.848450
97	0.772710	75000	0.102983	10.951433
98	0.770570	75000	0.102866	11.054299
99	0.768433	75000	0.102558	11.156857
100	0.766301	75000	0.102401	11.259258
101	0.764172	75000	0.102222	11.361480
102	0.762046	75000	0.102040	11.463520
103	0.759924	75000	0.101848	11.565368
104	0.757805	75000	0.101707	11.667075
105	0.755690	75000	0.101467	11.768542
106	0.753579	75000	0.101281	11.869823
107	0.751471	75000	0.101116	11.970939
108	0.749366	75000	0.100982	12.071921
109	0.747266	75000	0.100836	12.172756
110	0.745168	75000	0.100613	12.273369
111	0.743075	75000	0.100466	12.373835
112	0.740984	75000	0.100201	12.474036
113	0.738898	75000	0.100120	12.574157
114	0.736815	75000	0.099915	12.674071
115	0.734735	75000	0.099683	12.773754
116	0.732659	75000	0.099482	12.873236
117	0.730586	75000	0.099393	12.972629
118	0.728517	75000	0.099144	13.071773
119	0.726452	75000	0.099031	13.170804
120	0.724390	75000	0.098863	13.269667
121	0.722331	75000	0.098642	13.368309
122	0.720276	75000	0.098526	13.466835
123	0.718225	75000	0.098312	13.565147
124	0.716177	75000	0.098056	13.663203
125	0.714132	75000	0.098016	13.761219
126	0.712091	75000	0.097789	13.859009
127	0.710054	75000	0.097554	13.956563
128	0.708020	75000	0.097456	14.054019
129	0.705989	75000	0.097222	14.151241
130	0.703962	75000	0.097104	14.248345
131	0.701939	75000	0.096950	14.345295
132	0.699919	75000	0.096732	14.442027
133	0.697902	75000	0.096529	14.538555
134	0.695889	75000	0.096400	14.634956
135	0.693880	75000	0.096145	14.731100
136	0.691874	75000	0.096039	14.827140
137	0.689871	75000	0.095878	14.923017
138	0.687872	75000	0.095665	15.018682
139	0.685877	75000	0.095475	15.114158
140	0.683885	75000	0.095342	15.209500
141	0.681896	75000	0.095041	15.304541
142	0.679911	75000	0.094991	15.399532
143	0.677929	75000	0.094815	15.494347
144	0.675951	75000	0.094607	15.588955
145	0.673976	75000	0.094405	15.683360
146	0.672005	75000	0.094235	15.777595
147	0.670037	75000	0.094074	15.871669
148	0.668073	75000	0.093907	15.965576
149	0.666112	75000	0.093832	16.059408
150	0.664155	75000	0.093541	16.152949
151	0.662201	75000	0.093336	16.246285
152	0.660250	75000	0.093172	16.339458
153	0.658303	75000	0.093075	16.432532
154	0.656359	75000	0.092899	16.525432
155	0.654419	75000	0.092766	16.618197
156	0.652483	75000	0.092555	16.710752
157	0.650549	75000	0.092321	16.803073
158	0.648619	75000	0.092183	16.895256
159	0.646693	75000	0.092063	16.987319
160	0.644770	75000	0.091776	17.079095
161	0.642851	75000	0.091654	17.170749
162	0.640934	75000	0.091545	17.262294
163	0.639022	75000	0.091281	17.353575
164	0.637113	75000	0.091191	17.444766
165	0.635207	75000	0.090980	17.535746
166	0.633304	75000	0.090734	17.626480
167	0.631405	75000	0.090648	17.717128
168	0.629510	75000	0.090432	17.807560
169	0.627618	75000	0.090242	17.897802
170	0.625729	75000	0.090142	17.987944
171	0.623844	75000	0.089959	18.077903
172	0.621962	75000	0.089768	18.167671
173	0.620083	75000	0.089597	18.257268
174	0.618208	75000	0.089479	18.346747
175	0.616337	75000	0.089211	18.435958
176	0.614468	75000	0.089050	18.525009
177	0.612604	75000	0.088874	18.613882
178	0.610742	75000	0.088772	18.702654
179	0.608884	75000	0.088542	18.791196
180	0.607029	75000	0.088425	18.879621
181	0.605178	75000	0.088144	18.967765
182	0.603330	75000	0.088014	19.055779
183	0.601486	75000	0.087917	19.143696
184	0.599645	75000	0.087702	19.231398
185	0.597807	75000	0.087516	19.318914
186	0.595973	75000	0.087325	19.406240
187	0.594142	75000	0.087199	19.493439
188	0.592314	75000	0.086968	19.580407
189	0.590490	75000	0.086883	19.667290
190	0.588669	75000	0.086714	19.754003
191	0.586852	75000	0.086547	19.840550
192	0.585038	75000	0.086313	19.926863
193	0.583227	75000	0.086197	20.013061
194	0.581420	75000	0.085990	20.099051
195	0.579616	75000	0.085897	20.184948
196	0.577815	75000	0.085682	20.270630
197	0.576018	75000	0.085494	20.356125
198	0.574224	75000	0.085333	20.441458
199	0.572433	75000	0.085197	20.526655
200	0.570646	75000	0.084967	20.611623
201	0.568862	75000	0.084841	20.696464
202	0.567082	75000	0.084617	20.781081
203	0.565305	75000	0.084508	20.865589
204	0.563531	75000	0.084281	20.949870
205	0.561761	75000	0.084186	21.034056
206	0.559993	75000	0.083981	21.118037
207	0.558230	75000	0.083760	21.201797
208	0.556469	75000	0.083630	21.285427
209	0.554712	75000	0.083452	21.368879
210	0.552958	75000	0.083250	21.452129
211	0.551208	75000	0.083192	21.535322
212	0.549461	75000	0.082989	21.618311
213	0.547717	75000	0.082807	21.701117
214	0.545977	75000	0.082553	21.783670
215	0.544240	75000	0.082458	21.866128
216	0.542506	75000	0.082282	21.948410
217	0.540775	75000	0.082076	22.030486
218	0.539048	75000	0.081921	22.112407
219	0.537324	75000	0.081757	22.194164
220	0.535604	75000	0.081615	22.275779
221	0.533887	75000	0.081482	22.357261
222	0.532173	75000	0.081305	22.438566
223	0.530462	75000	0.081049	22.519615
224	0.528755	75000	0.080984	22.600599
225	0.527051	75000	0.080722	22.681321
226	0.525350	75000	0.080632	22.761953
227	0.523653	75000	0.080501	22.842454
228	0.521958	75000	0.080209	22.922663
229	0.520268	75000	0.080063	23.002725
230	0.518580	75000	0.079862	23.082587
231	0.516896	75000	0.079748	23.162335
232	0.515215	75000	0.079688	23.242023
233	0.513537	75000	0.079462	23.321485
234	0.511863	75000	0.079341	23.400826
235	0.510192	75000	0.079093	23.479918
236	0.508524	75000	0.078879	23.558798
237	0.506859	75000	0.078758	23.637556
238	0.505198	75000	0.078610	23.716166
239	0.503540	75000	0.078465	23.794631
240	0.501885	75000	0.078196	23.872828
241	0.500234	75000	0.078102	23.950929
242	0.498586	75000	0.078028	24.028957
243	0.496941	75000	0.077759	24.106716
244	0.495299	75000	0.077649	24.184365
245	0.493660	75000	0.077423	24.261788
246	0.492025	75000	0.077357	24.339145
247	0.490393	75000	0.077132	24.416277
248	0.488765	75000	0.076972	24.493249
249	0.487139	75000	0.076803	24.570052
250	0.485517	75000	0.076613	24.646665
251	0.483898	75000	0.076448	24.723113
252	0.482283	75000	0.076264	24.799377
253	0.480670	75000	0.076095	24.875472
254	0.479061	75000	0.076009	24.951481
255	0.477455	75000	0.075857	25.027338
256	0.475852	75000	0.075597	25.102935
257	0.474253	75000	0.075480	25.178416
258	0.472656	75000	0.075372	25.253788
259	0.471063	75000	0.075155	25.328943
260	0.469474	75000	0.075018	25.403961
261	0.467887	75000	0.074782	25.478743
262	0.466304	75000	0.074674	25.553417
263	0.464723	75000	0.074524	25.627941
264	0.463146	75000	0.074256	25.702197
265	0.461573	75000	0.074226	25.776423
266	0.460002	75000	0.073994	25.850417
267	0.458435	75000	0.073866	25.924283
268	0.456871	75000	0.073644	25.997927
269	0.455310	75000	0.073581	26.071508
270	0.453752	75000	0.073355	26.144862
271	0.452198	75000	0.073226	26.218088
272	0.450647	75000	0.073064	26.291152
273	0.449098	75000	0.072804	26.363956
274	0.447554	75000	0.072738	26.436694
275	0.446012	75000	0.072529	26.509222
276	0.444473	75000	0.072387	26.581610
277	0.442938	75000	0.072192	26.653802
278	0.441406	75000	0.072059	26.725861
279	0.439877	75000	0.071818	26.797679
280	0.438351	75000	0.071703	26.869382
281	0.436829	75000	0.071597	26.940980
282	0.435309	75000	0.071427	27.012406
283	0.433793	75000	0.071265	27.083671
284	0.432280	75000	0.071013	27.154684
285	0.430770	75000	0.070931	27.225615
286	0.429263	75000	0.070756	27.296371
287	0.427760	75000	0.070534	27.366905
288	0.426259	75000	0.070385	27.437291
289	0.424762	75000	0.070328	27.507619
290	0.423268	75000	0.070022	27.577641
291	0.421777	75000	0.069997	27.647638
292	0.420289	75000	0.069819	27.717457
293	0.418805	75000	0.069642	27.787100
294	0.417323	75000	0.069500	27.856600
295	0.415845	75000	0.069255	27.925855
296	0.414370	75000	0.069180	27.995035
297	0.412898	75000	0.068977	28.064012
298	0.411429	75000	0.068866	28.132878
299	0.409963	75000	0.068652	28.201530
300	0.408501	75000	0.068508	28.270038
301	0.407041	75000	0.068394	28.338432
302	0.405585	75000	0.068216	28.406648
303	0.404132	75000	0.068035	28.474683
304	0.402682	75000	0.067989	28.542673
305	0.401235	75000	0.067672	28.610344
306	0.399791	75000	0.067563	28.677908
307	0.398350	75000	0.067372	28.745280
308	0.396913	75000	0.067243	28.812523
309	0.395478	75000	0.067083	28.879606
310	0.394047	75000	0.066957	28.946563
311	0.392619	75000	0.066690	29.013253
312	0.391194	75000	0.066532	29.079785
313	0.389772	75000	0.066449	29.146234
314	0.388353	75000	0.066228	29.212462
315	0.386937	75000	0.066049	29.278511
316	0.385524	75000	0.065953	29.344464
317	0.384115	75000	0.065747	29.410211
318	0.382708	75000	0.065657	29.475868
319	0.381305	75000	0.065458	29.541325
320	0.379904	75000	0.065381	29.606706
321	0.378507	75000	0.065208	29.671914
322	0.377113	75000	0.064986	29.736900
323	0.375722	75000	0.064784	29.801684
324	0.374334	75000	0.064627	29.866311
325	0.372949	75000	0.064544	29.930855
326	0.371567	75000	0.064299	29.995154
327	0.370189	75000	0.064203	30.059357
328	0.368813	75000	0.064107	30.123464
329	0.367440	75000	0.063893	30.187358
330	0.366071	75000	0.063657	30.251015
331	0.364705	75000	0.063610	30.314624
332	0.363341	75000	0.063430	30.378054
333	0.361981	75000	0.063303	30.441357
334	0.360624	75000	0.063051	30.504408
335	0.359269	75000	0.062906	30.567314
336	0.357918	75000	0.062783	30.630097
337	0.356570	75000	0.062626	30.692722
338	0.355225	75000	0.062450	30.755172
339	0.353883	75000	0.062330	30.817502
340	0.352544	75000	0.062082	30.879584
341	0.351208	75000	0.062006	30.941590
342	0.349875	75000	0.061835	31.003424
343	0.348546	75000	0.061708	31.065132
344	0.347219	75000	0.061589	31.126722
345	0.345895	75000	0.061385	31.188106
346	0.344574	75000	0.061193	31.249299
347	0.343257	75000	0.061142	31.310442
348	0.341942	75000	0.060967	31.371409
349	0.340630	75000	0.060738	31.432147
350	0.339322	75000	0.060660	31.492807
351	0.338016	75000	0.060484	31.553291
352	0.336714	75000	0.060310	31.613601
353	0.335414	75000	0.060137	31.673738
354	0.334118	75000	0.059878	31.733616
355	0.332824	75000	0.059918	31.793534
356	0.331534	75000	0.059702	31.853236
357	0.330246	75000	0.059595	31.912831
358	0.328962	75000	0.059404	31.972234
359	0.327680	75000	0.059216	32.031450
360	0.326401	75000	0.059023	32.090473
361	0.325126	75000	0.058963	32.149436
362	0.323853	75000	0.058738	32.208174
363	0.322584	75000	0.058554	32.266729
364	0.321317	75000	0.058442	32.325170
365	0.320054	75000	0.058243	32.383413
366	0.318793	75000	0.058171	32.441584
367	0.317536	75000	0.058024	32.499608
368	0.316281	75000	0.057792	32.557400
369	0.315030	75000	0.057614	32.615014
370	0.313781	75000	0.057475	32.672489
371	0.312535	75000	0.057318	32.729808
372	0.311293	75000	0.057304	32.787112
373	0.310053	75000	0.057086	32.844198
374	0.308816	75000	0.056808	32.901006
375	0.307582	75000	0.056910	32.957916
376	0.306352	75000	0.056671	33.014587
377	0.305124	75000	0.056460	33.071047
378	0.303899	75000	0.056287	33.127335
379	0.302677	75000	0.056154	33.183489
380	0.301458	75000	0.055920	33.239409
381	0.300242	75000	0.055872	33.295280
382	0.299029	75000	0.055717	33.350997
383	0.297819	75000	0.055530	33.406527
384	0.296611	75000	0.055402	33.461929
385	0.295407	75000	0.055232	33.517161
386	0.294206	75000	0.055038	33.572199
387	0.293007	75000	0.054914	33.627113
388	0.291812	75000	0.054663	33.681777
389	0.290619	75000	0.054622	33.736399
390	0.289430	75000	0.054501	33.790900
391	0.288243	75000	0.054318	33.845218
392	0.287059	75000	0.054081	33.899299
393	0.285879	75000	0.053997	33.953296
394	0.284701	75000	0.053985	34.007280
395	0.283526	75000	0.053638	34.060919
396	0.282354	75000	0.053579	34.114498
397	0.281184	75000	0.053486	34.167984
398	0.280018	75000	0.053261	34.221245
399	0.278855	75000	0.053166	34.274411
400	0.277694	75000	0.052812	34.327223
401	0.276537	75000	0.052829	34.380052
402	0.275382	75000	0.052642	34.432694
403	0.274230	75000	0.052497	34.485191
404	0.273082	75000	0.052447	34.537638
405	0.271936	75000	0.052259	34.589898
406	0.270793	75000	0.052105	34.642002
407	0.269652	75000	0.051896	34.693898
408	0.268515	75000	0.051709	34.745607
409	0.267381	75000	0.051564	34.797171
410	0.266249	75000	0.051348	34.848519
411	0.265121	75000	0.051362	34.899881
412	0.263995	75000	0.051120	34.951001
413	0.262872	75000	0.051038	35.002040
414	0.261752	75000	0.050833	35.052873
415	0.260635	75000	0.050741	35.103613
416	0.259520	75000	0.050621	35.154235
417	0.258409	75000	0.050378	35.204613
418	0.257300	75000	0.050267	35.254880
419	0.256195	75000	0.050057	35.304937
420	0.255092	75000	0.049924	35.354861
421	0.253992	75000	0.049897	35.404758
422	0.252895	75000	0.049697	35.454455
423	0.251800	75000	0.049490	35.503946
424	0.250709	75000	0.049388	35.553334
425	0.249620	75000	0.049196	35.602530
426	0.248534	75000	0.049206	35.651736
427	0.247451	75000	0.048957	35.700693
428	0.246371	75000	0.048803	35.749496
429	0.245294	75000	0.048603	35.798099
430	0.244220	75000	0.048418	35.846517
431	0.243148	75000	0.048308	35.894826
432	0.242079	75000	0.048200	35.943026
433	0.241013	75000	0.048026	35.991052
434	0.239950	75000	0.047814	36.038866
435	0.238890	75000	0.047786	36.086652
436	0.237832	75000	0.047654	36.134306
437	0.236778	75000	0.047423	36.181729
438	0.235726	75000	0.047268	36.228997
439	0.234677	75000	0.047096	36.276093
440	0.233630	75000	0.046905	36.322998
441	0.232587	75000	0.046941	36.369939
442	0.231546	75000	0.046782	36.416721
443	0.230509	75000	0.046578	36.463299
444	0.229473	75000	0.046415	36.509714
445	0.228441	75000	0.046139	36.555853
446	0.227412	75000	0.046137	36.601990
447	0.226385	75000	0.045812	36.647802
448	0.225361	75000	0.045769	36.693571
449	0.224340	75000	0.045663	36.739233
450	0.223322	75000	0.045585	36.784818
451	0.222306	75000	0.045358	36.830177
452	0.221293	75000	0.045164	36.875341
453	0.220283	75000	0.045006	36.920347
454	0.219276	75000	0.044804	36.965151
455	0.218272	75000	0.044792	37.009943
456	0.217270	75000	0.044582	37.054525
457	0.216271	75000	0.044396	37.098922
458	0.215275	75000	0.044285	37.143207
459	0.214281	75000	0.044203	37.187410
460	0.213291	75000	0.044121	37.231530
461	0.212303	75000	0.043876	37.275406
462	0.211318	75000	0.043703	37.319109
463	0.210335	75000	0.043532	37.362640
464	0.209356	75000	0.043445	37.406085
465	0.208379	75000	0.043321	37.449406
466	0.207404	75000	0.043224	37.492630
467	0.206433	75000	0.042969	37.535599
468	0.205464	75000	0.042804	37.578403
469	0.204498	75000	0.042752	37.621155
470	0.203535	75000	0.042728	37.663884
471	0.202575	75000	0.042409	37.706292
472	0.201617	75000	0.042310	37.748603
473	0.200662	75000	0.042181	37.790784
474	0.199709	75000	0.042049	37.832833
475	0.198760	75000	0.041995	37.874828
476	0.197813	75000	0.041681	37.916509
477	0.196869	75000	0.041474	37.957983
478	0.195927	75000	0.041502	37.999484
479	0.194988	75000	0.041292	38.040776
480	0.194052	75000	0.041070	38.081846
481	0.193119	75000	0.040931	38.122777
482	0.192188	75000	0.040880	38.163657
483	0.191260	75000	0.040739	38.204397
484	0.190335	75000	0.040626	38.245023
485	0.189412	75000	0.040384	38.285407
486	0.188492	75000	0.040311	38.325718
487	0.187575	75000	0.040125	38.365843
488	0.186660	75000	0.040044	38.405887
489	0.185749	75000	0.039831	38.445718
490	0.184839	75000	0.039844	38.485562
491	0.183933	75000	0.039548	38.525110
492	0.183029	75000	0.039606	38.564716
493	0.182128	75000	0.039267	38.603983
494	0.181229	75000	0.039146	38.643130
495	0.180333	75000	0.038945	38.682074
496	0.179440	75000	0.038861	38.720935
497	0.178550	75000	0.038786	38.759721
498	0.177662	75000	0.038531	38.798251
499	0.176777	75000	0.038391	38.836642
500	0.175894	75000	0.038317	38.874959
501	0.175014	75000	0.038077	38.913036
502	0.174137	75000	0.038045	38.951081
503	0.173262	75000	0.037813	38.988894
504	0.172390	75000	0.037736	39.026631
505	0.171521	75000	0.037511	39.064142
506	0.170654	75000	0.037392	39.101535
507	0.169790	75000	0.037380	39.138915
508	0.168929	75000	0.037067	39.175982
509	0.168070	75000	0.037001	39.212984
510	0.167214	75000	0.036911	39.249895
511	0.166360	75000	0.036775	39.286670
512	0.165509	75000	0.036574	39.323243
513	0.164661	75000	0.036375	39.359618
514	0.163815	75000	0.036384	39.396002
515	0.162972	75000	0.036194	39.432197
516	0.162132	75000	0.036024	39.468220
517	0.161294	75000	0.035831	39.504051
518	0.160458	75000	0.035733	39.539784
519	0.159626	75000	0.035780	39.575564
520	0.158796	75000	0.035480	39.611045
521	0.157968	75000	0.035338	39.646383
522	0.157143	75000	0.035138	39.681522
523	0.156321	75000	0.035075	39.716597
524	0.155501	75000	0.034861	39.751457
525	0.154684	75000	0.034840	39.786297
526	0.153870	75000	0.034622	39.820920
527	0.153058	75000	0.034536	39.855455
528	0.152248	75000	0.034352	39.889807
529	0.151441	75000	0.034185	39.923992
530	0.150637	75000	0.033967	39.957959
531	0.149835	75000	0.033986	39.991945
532	0.149036	75000	0.033735	40.025681
533	0.148240	75000	0.033482	40.059163
534	0.147446	75000	0.033459	40.092622
535	0.146654	75000	0.033252	40.125874
536	0.145865	75000	0.033197	40.159071
537	0.145079	75000	0.033116	40.192187
538	0.144295	75000	0.032965	40.225152
539	0.143514	75000	0.032708	40.257861
540	0.142735	75000	0.032656	40.290517
541	0.141959	75000	0.032428	40.322945
542	0.141186	75000	0.032378	40.355323
543	0.140415	75000	0.032161	40.387484
544	0.139646	75000	0.032008	40.419493
545	0.138880	75000	0.031916	40.451408
546	0.138116	75000	0.031816	40.483224
547	0.137356	75000	0.031572	40.514796
548	0.136597	75000	0.031615	40.546412
549	0.135841	75000	0.031404	40.577816
550	0.135088	75000	0.031350	40.609166
551	0.134337	75000	0.030973	40.640139
552	0.133588	75000	0.030996	40.671135
553	0.132843	75000	0.030724	40.701858
554	0.132099	75000	0.030583	40.732441
555	0.131358	75000	0.030577	40.763018
556	0.130620	75000	0.030454	40.793472
557	0.129884	75000	0.030200	40.823672
558	0.129151	75000	0.030082	40.853754
559	0.128420	75000	0.029832	40.883586
560	0.127691	75000	0.029866	40.913452
561	0.126965	75000	0.029741	40.943192
562	0.126242	75000	0.029608	40.972801
563	0.125521	75000	0.029305	41.002105
564	0.124802	75000	0.029206	41.031312
565	0.124086	75000	0.029227	41.060538
566	0.123373	75000	0.029124	41.089662
567	0.122662	75000	0.028883	41.118545
568	0.121953	75000	0.028888	41.147432
569	0.121247	75000	0.028694	41.176126
570	0.120543	75000	0.028360	41.204486
571	0.119842	75000	0.028311	41.232797
572	0.119143	75000	0.028322	41.261119
573	0.118447	75000	0.027945	41.289064
574	0.117753	75000	0.027832	41.316896
575	0.117062	75000	0.027907	41.344802
576	0.116373	75000	0.027582	41.372384
577	0.115686	75000	0.027529	41.399913
578	0.115002	75000	0.027269	41.427182
579	0.114320	75000	0.027134	41.454315
580	0.113641	75000	0.027098	41.481413
581	0.112964	75000	0.026973	41.508386
582	0.112290	75000	0.026916	41.535301
583	0.111618	75000	0.026724	41.562025
584	0.110948	75000	0.026525	41.588550
585	0.110281	75000	0.026416	41.614966
586	0.109616	75000	0.026449	41.641416
587	0.108954	75000	0.026274	41.667689
588	0.108294	75000	0.025832	41.693521
589	0.107637	75000	0.025907	41.719428
590	0.106981	75000	0.025654	41.745081
591	0.106329	75000	0.025486	41.770567
592	0.105678	75000	0.025405	41.795972
593	0.105030	75000	0.025384	41.821355
594	0.104385	75000	0.025200	41.846555
595	0.103742	75000	0.025084	41.871639
596	0.103101	75000	0.024878	41.896517
597	0.102463	75000	0.024774	41.921291
598	0.101827	75000	0.024633	41.945924
599	0.101193	75000	0.024400	41.970324
600	0.100562	75000	0.024326	41.994650
601	0.099933	75000	0.024121	42.018771
602	0.099306	75000	0.023892	42.042663
603	0.098682	75000	0.023784	42.066448
604	0.098060	75000	0.023796	42.090244
605	0.097441	75000	0.023646	42.113890
606	0.096824	75000	0.023380	42.137270
607	0.096209	75000	0.023341	42.160611
608	0.095596	75000	0.023277	42.183888
609	0.094986	75000	0.023078	42.206966
610	0.094379	75000	0.023029	42.229995
611	0.093773	75000	0.022785	42.252780
612	0.093170	75000	0.022846	42.275626
613	0.092570	75000	0.022542	42.298167
614	0.091971	75000	0.022372	42.320539
615	0.091375	75000	0.022509	42.343049
616	0.090781	75000	0.022064	42.365113
617	0.090190	75000	0.021929	42.387042
618	0.089601	75000	0.021876	42.408917
619	0.089014	75000	0.021619	42.430537
620	0.088430	75000	0.021520	42.452056
621	0.087848	75000	0.021404	42.473461
622	0.087268	75000	0.021104	42.494564
623	0.086690	75000	0.021361	42.515926
624	0.086115	75000	0.021163	42.537088
625	0.085542	75000	0.021026	42.558115
626	0.084971	75000	0.020872	42.578987
627	0.084403	75000	0.020536	42.599523
628	0.083837	75000	0.020456	42.619979
629	0.083273	75000	0.020342	42.640320
630	0.082712	75000	0.020299	42.660620
631	0.082152	75000	0.019948	42.680568
632	0.081595	75000	0.019958	42.700526
633	0.081041	75000	0.019648	42.720174
634	0.080488	75000	0.019787	42.739961
635	0.079938	75000	0.019312	42.759273
636	0.079390	75000	0.019430	42.778703
637	0.078845	75000	0.019298	42.798001
638	0.078301	75000	0.019120	42.817121
639	0.077760	75000	0.018845	42.835966
640	0.077221	75000	0.018764	42.854729
641	0.076684	75000	0.018676	42.873405
642	0.076150	75000	0.018410	42.891815
643	0.075618	75000	0.018386	42.910202
644	0.075088	75000	0.018351	42.928552
645	0.074560	75000	0.017937	42.946490
646	0.074035	75000	0.018023	42.964512
647	0.073512	75000	0.017825	42.982338
648	0.072991	75000	0.017707	43.000045
649	0.072472	75000	0.017616	43.017661
650	0.071955	75000	0.017352	43.035013
651	0.071441	75000	0.017252	43.052265
652	0.070929	75000	0.017188	43.069453
653	0.070419	75000	0.017251	43.086704
654	0.069911	75000	0.016865	43.103569
655	0.069406	75000	0.016700	43.120269
656	0.068903	75000	0.016602	43.136871
657	0.068401	75000	0.016494	43.153365
658	0.067903	75000	0.016176	43.169541
659	0.067406	75000	0.016131	43.185672
660	0.066911	75000	0.016118	43.201789
661	0.066419	75000	0.015781	43.217571
662	0.065929	75000	0.015642	43.233213
663	0.065441	75000	0.015476	43.248690
664	0.064955	75000	0.015308	43.263997
665	0.064471	75000	0.015306	43.279303
666	0.063990	75000	0.015142	43.294446
667	0.063510	75000	0.015075	43.309520
668	0.063033	75000	0.015000	43.324521
669	0.062558	75000	0.014924	43.339444
670	0.062085	75000	0.014574	43.354019
671	0.061615	75000	0.014694	43.368712
672	0.061146	75000	0.014177	43.382889
673	0.060680	75000	0.014086	43.396975
674	0.060216	75000	0.014043	43.411018
675	0.059753	75000	0.013685	43.424703
676	0.059293	75000	0.013552	43.438255
677	0.058836	75000	0.013423	43.451678
678	0.058380	75000	0.013381	43.465059
679	0.057926	75000	0.013389	43.478447
680	0.057475	75000	0.013178	43.491625
681	0.057025	75000	0.013092	43.504717
682	0.056578	75000	0.012794	43.517511
683	0.056133	75000	0.012585	43.530096
684	0.055690	75000	0.012624	43.542720
685	0.055249	75000	0.012430	43.555150
686	0.054810	75000	0.012252	43.567402
687	0.054373	75000	0.012141	43.579543
688	0.053939	75000	0.012057	43.591600
689	0.053506	75000	0.011929	43.603530
690	0.053076	75000	0.011700	43.615229
691	0.052647	75000	0.011532	43.626761
692	0.052221	75000	0.011447	43.638208
693	0.051797	75000	0.011307	43.649514
694	0.051375	75000	0.011169	43.660683
695	0.050955	75000	0.011163	43.671846
696	0.050537	75000	0.010758	43.682604
697	0.050121	75000	0.010726	43.693330
698	0.049707	75000	0.010476	43.703806
699	0.049295	75000	0.009950	43.713757
700	0.048885	75000	0.010108	43.723865
701	0.048478	75000	0.010189	43.734054
702	0.048072	75000	0.009933	43.743987
703	0.047668	75000	0.009748	43.753735
704	0.047267	75000	0.009393	43.763128
705	0.046867	75000	0.009513	43.772641
706	0.046470	75000	0.009376	43.782017
707	0.046074	75000	0.009193	43.791210
708	0.045681	75000	0.009033	43.800242
709	0.045289	75000	0.008844	43.809086
710	0.044900	75000	0.008434	43.817520
711	0.044512	75000	0.008822	43.826342
712	0.044127	75000	0.008456	43.834799
713	0.043744	75000	0.008118	43.842916
714	0.043362	75000	0.008033	43.850949
715	0.042983	75000	0.007900	43.858849
716	0.042606	75000	0.007686	43.866535
717	0.042230	75000	0.007584	43.874120
718	0.041857	75000	0.007467	43.881587
719	0.041485	75000	0.007054	43.888640
720	0.041116	75000	0.006961	43.895601
721	0.040749	75000	0.006777	43.902378
722	0.040383	75000	0.006811	43.909189
723	0.040020	75000	0.006175	43.915364
724	0.039658	75000	0.006600	43.921964
725	0.039299	75000	0.006244	43.928208
726	0.038941	75000	0.006275	43.934483
727	0.038585	75000	0.005911	43.940395
728	0.038232	75000	0.006113	43.946508
729	0.037880	75000	0.005598	43.952106
730	0.037530	75000	0.005380	43.957487
731	0.037182	75000	0.005179	43.962666
732	0.036836	75000	0.005125	43.967791
733	0.036493	75000	0.004912	43.972703
734	0.036151	75000	0.004656	43.977359
735	0.035810	75000	0.004515	43.981873
736	0.035472	75000	0.004304	43.986177
737	0.035136	75000	0.004075	43.990253
738	0.034802	75000	0.003918	43.994171
739	0.034469	75000	0.003905	43.998075
740	0.034139	75000	0.003844	44.001919
741	0.033810	75000	0.003358	44.005278
742	0.033484	75000	0.003565	44.008842
743	0.033159	75000	0.002935	44.011777
744	0.032836	75000	0.002651	44.014428
745	0.032515	75000	0.002564	44.016992
746	0.032196	75000	0.002333	44.019325
747	0.031879	75000	0.002612	44.021937
748	0.031563	75000	0.002076	44.024013
749	0.031250	75000	0.001946	44.025959
750	0.030938	75000	0.001463	44.027422
751	0.030629	75000	0.001565	44.028986
752	0.030321	75000	0.001191	44.030177
753	0.030015	75000	0.001208	44.031385
754	0.029711	75000	0.000914	44.032299
755	0.029409	75000	0.000867	44.033166
756	0.029108	75000	0.000171	44.033336
757	0.028810	75000	0.000128	44.033464
758	0.028513	75000	-0.000367	44.033097
759	0.028218	75000	0.000079	44.033176
760	0.027925	75000	-0.000321	44.032856
761	0.027634	75000	-0.000615	44.032241
762	0.027345	75000	-0.000816	44.031425
763	0.027057	75000	-0.000895	44.030530
764	0.026771	75000	-0.001341	44.029189
765	0.026487	75000	-0.001802	44.027387
766	0.026205	75000	-0.001557	44.025830
767	0.025925	75000	-0.001502	44.024328
768	0.025647	75000	-0.002186	44.022142
769	0.025370	75000	-0.002732	44.019411
770	0.025095	75000	-0.002609	44.016801
771	0.024822	75000	-0.002467	44.014335
772	0.024551	75000	-0.002598	44.011736
773	0.024281	75000	-0.003038	44.008698
774	0.024014	75000	-0.003610	44.005088
775	0.023748	75000	-0.004102	44.000987
776	0.023483	75000	-0.004526	43.996461
777	0.023221	75000	-0.004526	43.991935
778	0.022960	75000	-0.005059	43.986876
779	0.022702	75000	-0.005110	43.981766
780	0.022445	75000	-0.005296	43.976469
781	0.022189	75000	-0.006466	43.970004
782	0.021936	75000	-0.005977	43.964027
783	0.021684	75000	-0.006360	43.957667
784	0.021434	75000	-0.006362	43.951305
785	0.021185	75000	-0.006898	43.944407
786	0.020939	75000	-0.007031	43.937376
787	0.020694	75000	-0.007644	43.929733
788	0.020451	75000	-0.007727	43.922006
789	0.020209	75000	-0.007637	43.914369
790	0.019969	75000	-0.009254	43.905116
791	0.019731	75000	-0.008775	43.896341
792	0.019495	75000	-0.008291	43.888050
793	0.019261	75000	-0.009979	43.878071
794	0.019028	75000	-0.009918	43.868153
795	0.018796	75000	-0.010222	43.857931
796	0.018567	75000	-0.011174	43.846757
797	0.018339	75000	-0.011312	43.835445
798	0.018113	75000	-0.011574	43.823871
799	0.017889	75000	-0.011626	43.812245
800	0.017666	75000	-0.012066	43.800179
801	0.017445	75000	-0.012292	43.787887
802	0.017225	75000	-0.012375	43.775512
803	0.017007	75000	-0.012512	43.763000
804	0.016791	75000	-0.014027	43.748974
805	0.016577	75000	-0.014575	43.734399
806	0.016364	75000	-0.015614	43.718785
807	0.016153	75000	-0.016149	43.702636
808	0.015943	75000	-0.017516	43.685120
809	0.015736	75000	-0.015659	43.669462
810	0.015529	75000	-0.018803	43.650659
811	0.015325	75000	-0.020620	43.630038
812	0.015122	75000	-0.018660	43.611378
813	0.014920	75000	-0.019653	43.591725
814	0.014721	75000	-0.021636	43.570089
815	0.014523	75000	-0.020546	43.549542
816	0.014326	75000	-0.020072	43.529471
817	0.014131	75000	-0.021624	43.507847
818	0.013938	75000	-0.022422	43.485424
819	0.013746	75000	-0.024895	43.460529
820	0.013556	75000	-0.023785	43.436744
821	0.013367	75000	-0.023912	43.412833
822	0.013181	75000	-0.029615	43.383218
823	0.012995	75000	-0.026925	43.356293
824	0.012811	75000	-0.027024	43.329269
825	0.012629	75000	-0.031264	43.298005
826	0.012448	75000	-0.034654	43.263350
827	0.012269	75000	-0.034050	43.229301
828	0.012092	75000	-0.034717	43.194584
829	0.011916	75000	-0.032929	43.161655
830	0.011741	75000	-0.036702	43.124952
831	0.011568	75000	-0.037402	43.087550
832	0.011397	75000	-0.039874	43.047676
833	0.011227	75000	-0.038228	43.009448
834	0.011059	75000	-0.042131	42.967317
835	0.010892	75000	-0.041899	42.925418
836	0.010727	75000	-0.045833	42.879584
837	0.010563	75000	-0.046312	42.833272
838	0.010401	75000	-0.048109	42.785163
839	0.010240	75000	-0.052379	42.732784
840	0.010081	75000	-0.054632	42.678152
841	0.009923	75000	-0.051793	42.626359
842	0.009767	75000	-0.058375	42.567984
843	0.009612	75000	-0.055227	42.512757
844	0.009459	75000	-0.059494	42.453264
845	0.009307	75000	-0.061878	42.391386
846	0.009156	75000	-0.061171	42.330215
847	0.009008	75000	-0.067703	42.262511
848	0.008860	75000	-0.069132	42.193379
849	0.008714	75000	-0.064796	42.128582
850	0.008570	75000	-0.073324	42.055258
851	0.008427	75000	-0.070562	41.984696
852	0.008285	75000	-0.075536	41.909160
853	0.008145	75000	-0.075961	41.833199
854	0.008006	75000	-0.078466	41.754733
855	0.007869	75000	-0.078533	41.676201
856	0.007733	75000	-0.084810	41.591390
857	0.007598	75000	-0.082129	41.509261
858	0.007465	75000	-0.082219	41.427042
859	0.007334	75000	-0.086448	41.340595
860	0.007203	75000	-0.084136	41.256459
861	0.007075	75000	-0.089400	41.167059
862	0.006947	75000	-0.088092	41.078967
863	0.006821	75000	-0.086539	40.992428
864	0.006696	75000	-0.088533	40.903896
865	0.006573	75000	-0.088086	40.815810
866	0.006451	75000	-0.089716	40.726094
867	0.006330	75000	-0.092271	40.633822
868	0.006211	75000	-0.089010	40.544813
869	0.006093	75000	-0.089138	40.455675
870	0.005977	75000	-0.090616	40.365060
871	0.005862	75000	-0.092091	40.272969
872	0.005748	75000	-0.091041	40.181928
873	0.005635	75000	-0.090449	40.091479
874	0.005524	75000	-0.091327	40.000152
875	0.005414	75000	-0.090817	39.909335
876	0.005306	75000	-0.091296	39.818039
877	0.005199	75000	-0.089822	39.728217
878	0.005093	75000	-0.090054	39.638163
879	0.004988	75000	-0.090762	39.547401
880	0.004885	75000	-0.089294	39.458107
881	0.004783	75000	-0.089066	39.369041
882	0.004682	75000	-0.088844	39.280197
883	0.004583	75000	-0.087236	39.192961
884	0.004485	75000	-0.086783	39.106178
885	0.004388	75000	-0.087414	39.018764
886	0.004292	75000	-0.086284	38.932479
887	0.004198	75000	-0.085841	38.846638
888	0.004105	75000	-0.085140	38.761497
889	0.004013	75000	-0.084273	38.677225
890	0.003923	75000	-0.083345	38.593879
891	0.003833	75000	-0.082818	38.511061
892	0.003745	75000	-0.082230	38.428831
893	0.003658	75000	-0.081228	38.347603
894	0.003573	75000	-0.081124	38.266479
895	0.003488	75000	-0.079883	38.186596
896	0.003405	75000	-0.078901	38.107695
897	0.003323	75000	-0.077840	38.029855
898	0.003242	75000	-0.077201	37.952654
899	0.003162	75000	-0.076382	37.876272
900	0.003084	75000	-0.075129	37.801143
901	0.003007	75000	-0.073925	37.727218
902	0.002930	75000	-0.073604	37.653614
903	0.002855	75000	-0.072643	37.580971
904	0.002782	75000	-0.071928	37.509043
905	0.002709	75000	-0.070939	37.438104
906	0.002638	75000	-0.070001	37.368102
907	0.002567	75000	-0.069122	37.298980
908	0.002498	75000	-0.068027	37.230954
909	0.002430	75000	-0.067060	37.163894
910	0.002363	75000	-0.066205	37.097689
911	0.002297	75000	-0.065292	37.032396
912	0.002233	75000	-0.063781	36.968616
913	0.002169	75000	-0.062993	36.905623
914	0.002106	75000	-0.061975	36.843648
915	0.002045	75000	-0.061171	36.782477
916	0.001985	75000	-0.060516	36.721961
917	0.001925	75000	-0.059497	36.662464
918	0.001867	75000	-0.058397	36.604067
919	0.001810	75000	-0.057474	36.546593
920	0.001754	75000	-0.056675	36.489918
921	0.001699	75000	-0.055192	36.434727
922	0.001645	75000	-0.054203	36.380523
923	0.001592	75000	-0.053660	36.326863
924	0.001540	75000	-0.052420	36.274444
925	0.001490	75000	-0.051557	36.222886
926	0.001440	75000	-0.050390	36.172497
927	0.001391	75000	-0.049374	36.123123
928	0.001343	75000	-0.048676	36.074447
929	0.001296	75000	-0.047401	36.027045
930	0.001251	75000	-0.046733	35.980312
931	0.001206	75000	-0.045834	35.934479
932	0.001162	75000	-0.044858	35.889621
933	0.001119	75000	-0.043799	35.845822
934	0.001077	75000	-0.042895	35.802926
935	0.001036	75000	-0.041823	35.761103
936	0.000996	75000	-0.041090	35.720014
937	0.000957	75000	-0.040101	35.679913
938	0.000919	75000	-0.039168	35.640745
939	0.000882	75000	-0.038165	35.602580
940	0.000846	75000	-0.037249	35.565331
941	0.000810	75000	-0.036465	35.528865
942	0.000776	75000	-0.035594	35.493271
943	0.000742	75000	-0.034547	35.458725
944	0.000709	75000	-0.033729	35.424996
945	0.000678	75000	-0.032761	35.392235
946	0.000647	75000	-0.032052	35.360183
947	0.000617	75000	-0.031121	35.329062
948	0.000587	75000	-0.030191	35.298871
949	0.000559	75000	-0.029389	35.269483
950	0.000531	75000	-0.028554	35.240928
951	0.000505	75000	-0.027672	35.213256
952	0.000479	75000	-0.026856	35.186401
953	0.000454	75000	-0.026029	35.160372
954	0.000430	75000	-0.025136	35.135236
955	0.000406	75000	-0.024384	35.110852
956	0.000383	75000	-0.023551	35.087301
957	0.000362	75000	-0.022726	35.064576
958	0.000340	75000	-0.021988	35.042587
959	0.000320	75000	-0.021243	35.021345
960	0.000300	75000	-0.020378	35.000967
961	0.000281	75000	-0.019606	34.981360
962	0.000263	75000	-0.018894	34.962466
963	0.000246	75000	-0.018111	34.944355
964	0.000229	75000	-0.017402	34.926953
965	0.000213	75000	-0.016682	34.910271
966	0.000198	75000	-0.015964	34.894307
967	0.000183	75000	-0.015265	34.879042
968	0.000169	75000	-0.014518	34.864524
969	0.000156	75000	-0.013855	34.850669
970	0.000143	75000	-0.013227	34.837442
971	0.000131	75000	-0.012562	34.824880
972	0.000120	75000	-0.011877	34.813003
973	0.000109	75000	-0.011227	34.801775
974	0.000099	75000	-0.010634	34.791141
975	0.000089	75000	-0.009982	34.781159
976	0.000080	75000	-0.009397	34.771762
977	0.000072	75000	-0.008799	34.762963
978	0.000064	75000	-0.008256	34.754707
979	0.000057	75000	-0.007676	34.747031
980	0.000050	75000	-0.007121	34.739910
981	0.000043	75000	-0.006561	34.733349
982	0.000038	75000	-0.006049	34.727301
983	0.000032	75000	-0.005536	34.721765
984	0.000028	75000	-0.005037	34.716728
985	0.000023	75000	-0.004558	34.712170
986	0.000019	75000	-0.004091	34.708079
987	0.000016	75000	-0.003659	34.704420
988	0.000013	75000	-0.003223	34.701197
989	0.000010	75000	-0.002814	34.698383
990	0.000008	75000	-0.002423	34.695960
991	0.000006	75000	-0.002048	34.693912
992	0.000004	75000	-0.001698	34.692214
993	0.000003	75000	-0.001373	34.690841
994	0.000002	75000	-0.001070	34.689771
995	0.000001	75000	-0.000790	34.688980
996	0.000000	75000	-0.000543	34.688437
997	0.000000	75000	-0.000328	34.688109
998	0.000000	75000	-0.000154	34.687955
999	0.000000	75000	-0.000033	34.687922
Log marginal likelihood:	34.687922
