Steppingstone sampler:
        No Stones:                  1000
        Start It:                   10000001
        It Per Stone:               100000
        Sample Freq:                1
        Dist:                       Beta(0.400000,1.000000)
Stone No	Power	N	Stone MLh	Running MLh
0	0.997502	75000	0.035655	0.035655
1	0.995007	75000	0.035607	0.071261
2	0.992517	75000	0.035527	0.106788
3	0.990030	75000	0.035492	0.142280
4	0.987547	75000	0.035451	0.177731
5	0.985067	75000	0.035360	0.213090
6	0.982592	75000	0.035284	0.248374
7	0.980120	75000	0.035196	0.283570
8	0.977652	75000	0.035185	0.318755
9	0.975187	75000	0.035106	0.353861
10	0.972726	75000	0.035090	0.388951
11	0.970269	75000	0.034981	0.423932
12	0.967816	75000	0.034918	0.458851
13	0.965367	75000	0.034866	0.493717
14	0.962921	75000	0.034840	0.528557
15	0.960479	75000	0.034735	0.563291
16	0.958040	75000	0.034734	0.598025
17	0.955606	75000	0.034653	0.632678
18	0.953175	75000	0.034544	0.667221
19	0.950747	75000	0.034499	0.701721
20	0.948324	75000	0.034487	0.736208
21	0.945904	75000	0.034376	0.770584
22	0.943488	75000	0.034368	0.804952
23	0.941076	75000	0.034276	0.839228
24	0.938667	75000	0.034133	0.873361
25	0.936262	75000	0.034147	0.907509
26	0.933861	75000	0.034107	0.941615
27	0.931463	75000	0.034078	0.975693
28	0.929069	75000	0.033991	1.009685
29	0.926679	75000	0.033890	1.043574
30	0.924293	75000	0.033864	1.077438
31	0.921910	75000	0.033838	1.111276
32	0.919531	75000	0.033698	1.144974
33	0.917155	75000	0.033668	1.178642
34	0.914783	75000	0.033656	1.212297
35	0.912415	75000	0.033546	1.245843
36	0.910051	75000	0.033508	1.279351
37	0.907690	75000	0.033438	1.312789
38	0.905333	75000	0.033424	1.346213
39	0.902980	75000	0.033382	1.379595
40	0.900630	75000	0.033269	1.412864
41	0.898284	75000	0.033203	1.446067
42	0.895942	75000	0.033191	1.479258
43	0.893603	75000	0.033126	1.512384
44	0.891268	75000	0.033019	1.545403
45	0.888937	75000	0.032962	1.578365
46	0.886609	75000	0.032926	1.611290
47	0.884285	75000	0.032907	1.644197
48	0.881965	75000	0.032792	1.676989
49	0.879648	75000	0.032716	1.709705
50	0.877335	75000	0.032682	1.742387
51	0.875026	75000	0.032655	1.775042
52	0.872720	75000	0.032581	1.807623
53	0.870418	75000	0.032459	1.840082
54	0.868120	75000	0.032470	1.872552
55	0.865825	75000	0.032432	1.904984
56	0.863534	75000	0.032360	1.937344
57	0.861246	75000	0.032215	1.969559
58	0.858962	75000	0.032231	2.001790
59	0.856682	75000	0.032133	2.033923
60	0.854405	75000	0.032013	2.065936
61	0.852132	75000	0.032092	2.098028
62	0.849863	75000	0.031971	2.129999
63	0.847597	75000	0.031948	2.161947
64	0.845335	75000	0.031868	2.193815
65	0.843077	75000	0.031831	2.225646
66	0.840822	75000	0.031742	2.257389
67	0.838571	75000	0.031691	2.289080
68	0.836323	75000	0.031745	2.320825
69	0.834079	75000	0.031572	2.352397
70	0.831839	75000	0.031549	2.383946
71	0.829602	75000	0.031509	2.415455
72	0.827369	75000	0.031438	2.446893
73	0.825140	75000	0.031321	2.478215
74	0.822914	75000	0.031246	2.509461
75	0.820691	75000	0.031161	2.540622
76	0.818473	75000	0.031151	2.571773
77	0.816258	75000	0.031065	2.602838
78	0.814046	75000	0.031084	2.633922
79	0.811838	75000	0.031023	2.664945
80	0.809634	75000	0.030914	2.695859
81	0.807433	75000	0.030908	2.726767
82	0.805236	75000	0.030786	2.757553
83	0.803043	75000	0.030694	2.788247
84	0.800853	75000	0.030691	2.818938
85	0.798667	75000	0.030669	2.849607
86	0.796484	75000	0.030585	2.880192
87	0.794305	75000	0.030521	2.910713
88	0.792129	75000	0.030430	2.941143
89	0.789957	75000	0.030434	2.971577
90	0.787789	75000	0.030372	3.001949
91	0.785624	75000	0.030293	3.032242
92	0.783463	75000	0.030265	3.062507
93	0.781305	75000	0.030228	3.092735
94	0.779151	75000	0.030094	3.122829
95	0.777000	75000	0.030085	3.152914
96	0.774853	75000	0.030029	3.182943
97	0.772710	75000	0.029895	3.212839
98	0.770570	75000	0.029886	3.242724
99	0.768433	75000	0.029868	3.272592
100	0.766301	75000	0.029748	3.302340
101	0.764172	75000	0.029701	3.332041
102	0.762046	75000	0.029656	3.361697
103	0.759924	75000	0.029601	3.391299
104	0.757805	75000	0.029600	3.420898
105	0.755690	75000	0.029467	3.450366
106	0.753579	75000	0.029457	3.479822
107	0.751471	75000	0.029358	3.509180
108	0.749366	75000	0.029333	3.538513
109	0.747266	75000	0.029232	3.567745
110	0.745168	75000	0.029128	3.596873
111	0.743075	75000	0.029168	3.626040
112	0.740984	75000	0.029089	3.655129
113	0.738898	75000	0.029013	3.684142
114	0.736815	75000	0.028989	3.713131
115	0.734735	75000	0.028915	3.742046
116	0.732659	75000	0.028907	3.770953
117	0.730586	75000	0.028824	3.799778
118	0.728517	75000	0.028743	3.828521
119	0.726452	75000	0.028717	3.857238
120	0.724390	75000	0.028600	3.885838
121	0.722331	75000	0.028617	3.914455
122	0.720276	75000	0.028488	3.942943
123	0.718225	75000	0.028436	3.971379
124	0.716177	75000	0.028479	3.999858
125	0.714132	75000	0.028363	4.028221
126	0.712091	75000	0.028312	4.056533
127	0.710054	75000	0.028288	4.084822
128	0.708020	75000	0.028187	4.113009
129	0.705989	75000	0.028127	4.141136
130	0.703962	75000	0.028095	4.169231
131	0.701939	75000	0.028036	4.197267
132	0.699919	75000	0.027940	4.225206
133	0.697902	75000	0.027958	4.253165
134	0.695889	75000	0.027832	4.280997
135	0.693880	75000	0.027741	4.308738
136	0.691874	75000	0.027737	4.336475
137	0.689871	75000	0.027678	4.364153
138	0.687872	75000	0.027558	4.391711
139	0.685877	75000	0.027589	4.419300
140	0.683885	75000	0.027473	4.446773
141	0.681896	75000	0.027483	4.474257
142	0.679911	75000	0.027474	4.501730
143	0.677929	75000	0.027291	4.529022
144	0.675951	75000	0.027293	4.556314
145	0.673976	75000	0.027190	4.583505
146	0.672005	75000	0.027148	4.610653
147	0.670037	75000	0.027124	4.637776
148	0.668073	75000	0.027156	4.664932
149	0.666112	75000	0.026963	4.691895
150	0.664155	75000	0.026916	4.718811
151	0.662201	75000	0.026904	4.745715
152	0.660250	75000	0.026834	4.772549
153	0.658303	75000	0.026689	4.799237
154	0.656359	75000	0.026687	4.825925
155	0.654419	75000	0.026724	4.852649
156	0.652483	75000	0.026661	4.879310
157	0.650549	75000	0.026588	4.905898
158	0.648619	75000	0.026449	4.932347
159	0.646693	75000	0.026489	4.958836
160	0.644770	75000	0.026406	4.985242
161	0.642851	75000	0.026302	5.011544
162	0.640934	75000	0.026228	5.037772
163	0.639022	75000	0.026246	5.064018
164	0.637113	75000	0.026191	5.090209
165	0.635207	75000	0.026083	5.116292
166	0.633304	75000	0.026018	5.142310
167	0.631405	75000	0.025932	5.168242
168	0.629510	75000	0.025909	5.194151
169	0.627618	75000	0.025893	5.220043
170	0.625729	75000	0.025767	5.245811
171	0.623844	75000	0.025787	5.271598
172	0.621962	75000	0.025677	5.297274
173	0.620083	75000	0.025643	5.322918
174	0.618208	75000	0.025624	5.348542
175	0.616337	75000	0.025507	5.374049
176	0.614468	75000	0.025477	5.399526
177	0.612604	75000	0.025395	5.424922
178	0.610742	75000	0.025419	5.450341
179	0.608884	75000	0.025320	5.475661
180	0.607029	75000	0.025204	5.500865
181	0.605178	75000	0.025128	5.525993
182	0.603330	75000	0.025147	5.551139
183	0.601486	75000	0.025085	5.576225
184	0.599645	75000	0.025082	5.601307
185	0.597807	75000	0.025013	5.626319
186	0.595973	75000	0.024910	5.651229
187	0.594142	75000	0.024851	5.676080
188	0.592314	75000	0.024758	5.700838
189	0.590490	75000	0.024771	5.725610
190	0.588669	75000	0.024695	5.750304
191	0.586852	75000	0.024642	5.774947
192	0.585038	75000	0.024558	5.799505
193	0.583227	75000	0.024499	5.824003
194	0.581420	75000	0.024468	5.848471
195	0.579616	75000	0.024422	5.872893
196	0.577815	75000	0.024374	5.897267
197	0.576018	75000	0.024240	5.921508
198	0.574224	75000	0.024198	5.945706
199	0.572433	75000	0.024289	5.969994
200	0.570646	75000	0.024164	5.994159
201	0.568862	75000	0.024095	6.018254
202	0.567082	75000	0.024071	6.042325
203	0.565305	75000	0.023992	6.066316
204	0.563531	75000	0.023898	6.090214
205	0.561761	75000	0.023879	6.114093
206	0.559993	75000	0.023775	6.137868
207	0.558230	75000	0.023735	6.161603
208	0.556469	75000	0.023702	6.185304
209	0.554712	75000	0.023689	6.208993
210	0.552958	75000	0.023554	6.232547
211	0.551208	75000	0.023563	6.256110
212	0.549461	75000	0.023488	6.279598
213	0.547717	75000	0.023360	6.302958
214	0.545977	75000	0.023432	6.326390
215	0.544240	75000	0.023285	6.349675
216	0.542506	75000	0.023285	6.372960
217	0.540775	75000	0.023118	6.396078
218	0.539048	75000	0.023174	6.419252
219	0.537324	75000	0.023164	6.442416
220	0.535604	75000	0.023086	6.465502
221	0.533887	75000	0.023010	6.488512
222	0.532173	75000	0.022953	6.511465
223	0.530462	75000	0.022884	6.534349
224	0.528755	75000	0.022826	6.557175
225	0.527051	75000	0.022765	6.579940
226	0.525350	75000	0.022717	6.602657
227	0.523653	75000	0.022573	6.625229
228	0.521958	75000	0.022600	6.647830
229	0.520268	75000	0.022600	6.670429
230	0.518580	75000	0.022452	6.692881
231	0.516896	75000	0.022364	6.715245
232	0.515215	75000	0.022343	6.737588
233	0.513537	75000	0.022362	6.759949
234	0.511863	75000	0.022204	6.782153
235	0.510192	75000	0.022196	6.804349
236	0.508524	75000	0.022120	6.826469
237	0.506859	75000	0.022125	6.848594
238	0.505198	75000	0.022118	6.870713
239	0.503540	75000	0.022044	6.892757
240	0.501885	75000	0.021971	6.914728
241	0.500234	75000	0.021959	6.936687
242	0.498586	75000	0.021823	6.958510
243	0.496941	75000	0.021787	6.980297
244	0.495299	75000	0.021744	7.002041
245	0.493660	75000	0.021700	7.023741
246	0.492025	75000	0.021570	7.045311
247	0.490393	75000	0.021541	7.066853
248	0.488765	75000	0.021478	7.088330
249	0.487139	75000	0.021490	7.109820
250	0.485517	75000	0.021412	7.131232
251	0.483898	75000	0.021401	7.152633
252	0.482283	75000	0.021275	7.173908
253	0.480670	75000	0.021340	7.195248
254	0.479061	75000	0.021179	7.216427
255	0.477455	75000	0.021133	7.237560
256	0.475852	75000	0.021095	7.258656
257	0.474253	75000	0.021061	7.279716
258	0.472656	75000	0.020989	7.300705
259	0.471063	75000	0.020989	7.321695
260	0.469474	75000	0.020908	7.342603
261	0.467887	75000	0.020852	7.363455
262	0.466304	75000	0.020722	7.384177
263	0.464723	75000	0.020682	7.404859
264	0.463146	75000	0.020590	7.425448
265	0.461573	75000	0.020615	7.446063
266	0.460002	75000	0.020501	7.466564
267	0.458435	75000	0.020432	7.486996
268	0.456871	75000	0.020456	7.507452
269	0.455310	75000	0.020334	7.527786
270	0.453752	75000	0.020309	7.548095
271	0.452198	75000	0.020279	7.568374
272	0.450647	75000	0.020218	7.588592
273	0.449098	75000	0.020118	7.608710
274	0.447554	75000	0.020098	7.628808
275	0.446012	75000	0.020061	7.648868
276	0.444473	75000	0.020016	7.668885
277	0.442938	75000	0.019959	7.688844
278	0.441406	75000	0.019853	7.708697
279	0.439877	75000	0.019812	7.728510
280	0.438351	75000	0.019818	7.748327
281	0.436829	75000	0.019787	7.768115
282	0.435309	75000	0.019640	7.787755
283	0.433793	75000	0.019600	7.807355
284	0.432280	75000	0.019573	7.826928
285	0.430770	75000	0.019457	7.846385
286	0.429263	75000	0.019447	7.865832
287	0.427760	75000	0.019448	7.885279
288	0.426259	75000	0.019403	7.904682
289	0.424762	75000	0.019321	7.924004
290	0.423268	75000	0.019185	7.943189
291	0.421777	75000	0.019226	7.962415
292	0.420289	75000	0.019118	7.981533
293	0.418805	75000	0.018986	8.000519
294	0.417323	75000	0.019057	8.019576
295	0.415845	75000	0.019030	8.038606
296	0.414370	75000	0.018871	8.057477
297	0.412898	75000	0.018912	8.076389
298	0.411429	75000	0.018898	8.095287
299	0.409963	75000	0.018682	8.113969
300	0.408501	75000	0.018714	8.132683
301	0.407041	75000	0.018661	8.151345
302	0.405585	75000	0.018633	8.169978
303	0.404132	75000	0.018598	8.188576
304	0.402682	75000	0.018484	8.207060
305	0.401235	75000	0.018524	8.225584
306	0.399791	75000	0.018352	8.243936
307	0.398350	75000	0.018279	8.262215
308	0.396913	75000	0.018331	8.280545
309	0.395478	75000	0.018202	8.298748
310	0.394047	75000	0.018096	8.316844
311	0.392619	75000	0.018126	8.334970
312	0.391194	75000	0.018058	8.353028
313	0.389772	75000	0.017966	8.370994
314	0.388353	75000	0.017976	8.388970
315	0.386937	75000	0.017834	8.406804
316	0.385524	75000	0.017884	8.424689
317	0.384115	75000	0.017785	8.442474
318	0.382708	75000	0.017702	8.460176
319	0.381305	75000	0.017744	8.477920
320	0.379904	75000	0.017674	8.495594
321	0.378507	75000	0.017598	8.513192
322	0.377113	75000	0.017530	8.530722
323	0.375722	75000	0.017511	8.548233
324	0.374334	75000	0.017448	8.565682
325	0.372949	75000	0.017448	8.583130
326	0.371567	75000	0.017371	8.600501
327	0.370189	75000	0.017271	8.617773
328	0.368813	75000	0.017082	8.634855
329	0.367440	75000	0.017175	8.652029
330	0.366071	75000	0.017087	8.669116
331	0.364705	75000	0.016995	8.686111
332	0.363341	75000	0.017072	8.703183
333	0.361981	75000	0.016970	8.720153
334	0.360624	75000	0.016995	8.737148
335	0.359269	75000	0.016898	8.754046
336	0.357918	75000	0.016778	8.770824
337	0.356570	75000	0.016723	8.787547
338	0.355225	75000	0.016684	8.804231
339	0.353883	75000	0.016595	8.820826
340	0.352544	75000	0.016620	8.837446
341	0.351208	75000	0.016475	8.853921
342	0.349875	75000	0.016437	8.870358
343	0.348546	75000	0.016292	8.886650
344	0.347219	75000	0.016420	8.903070
345	0.345895	75000	0.016378	8.919448
346	0.344574	75000	0.016270	8.935718
347	0.343257	75000	0.016204	8.951922
348	0.341942	75000	0.016202	8.968124
349	0.340630	75000	0.016175	8.984298
350	0.339322	75000	0.016056	9.000354
351	0.338016	75000	0.016039	9.016394
352	0.336714	75000	0.015970	9.032364
353	0.335414	75000	0.015906	9.048270
354	0.334118	75000	0.015949	9.064219
355	0.332824	75000	0.015804	9.080023
356	0.331534	75000	0.015702	9.095724
357	0.330246	75000	0.015722	9.111447
358	0.328962	75000	0.015765	9.127211
359	0.327680	75000	0.015525	9.142736
360	0.326401	75000	0.015582	9.158318
361	0.325126	75000	0.015505	9.173823
362	0.323853	75000	0.015368	9.189191
363	0.322584	75000	0.015431	9.204622
364	0.321317	75000	0.015367	9.219989
365	0.320054	75000	0.015254	9.235243
366	0.318793	75000	0.015233	9.250476
367	0.317536	75000	0.015090	9.265566
368	0.316281	75000	0.015122	9.280688
369	0.315030	75000	0.015073	9.295762
370	0.313781	75000	0.015091	9.310852
371	0.312535	75000	0.014971	9.325823
372	0.311293	75000	0.014959	9.340782
373	0.310053	75000	0.014841	9.355622
374	0.308816	75000	0.014866	9.370489
375	0.307582	75000	0.014720	9.385209
376	0.306352	75000	0.014634	9.399842
377	0.305124	75000	0.014601	9.414444
378	0.303899	75000	0.014620	9.429063
379	0.302677	75000	0.014628	9.443692
380	0.301458	75000	0.014530	9.458222
381	0.300242	75000	0.014363	9.472585
382	0.299029	75000	0.014447	9.487032
383	0.297819	75000	0.014325	9.501358
384	0.296611	75000	0.014358	9.515715
385	0.295407	75000	0.014281	9.529997
386	0.294206	75000	0.014139	9.544135
387	0.293007	75000	0.014175	9.558310
388	0.291812	75000	0.014069	9.572379
389	0.290619	75000	0.014052	9.586431
390	0.289430	75000	0.014019	9.600449
391	0.288243	75000	0.013896	9.614345
392	0.287059	75000	0.013813	9.628158
393	0.285879	75000	0.013883	9.642041
394	0.284701	75000	0.013792	9.655833
395	0.283526	75000	0.013740	9.669573
396	0.282354	75000	0.013743	9.683316
397	0.281184	75000	0.013575	9.696891
398	0.280018	75000	0.013642	9.710533
399	0.278855	75000	0.013578	9.724111
400	0.277694	75000	0.013552	9.737663
401	0.276537	75000	0.013426	9.751089
402	0.275382	75000	0.013316	9.764405
403	0.274230	75000	0.013386	9.777792
404	0.273082	75000	0.013208	9.791000
405	0.271936	75000	0.013132	9.804132
406	0.270793	75000	0.013194	9.817326
407	0.269652	75000	0.013021	9.830347
408	0.268515	75000	0.012975	9.843322
409	0.267381	75000	0.013034	9.856356
410	0.266249	75000	0.012932	9.869288
411	0.265121	75000	0.012906	9.882194
412	0.263995	75000	0.012772	9.894966
413	0.262872	75000	0.012842	9.907808
414	0.261752	75000	0.012748	9.920557
415	0.260635	75000	0.012694	9.933251
416	0.259520	75000	0.012583	9.945834
417	0.258409	75000	0.012529	9.958363
418	0.257300	75000	0.012536	9.970899
419	0.256195	75000	0.012505	9.983405
420	0.255092	75000	0.012412	9.995817
421	0.253992	75000	0.012441	10.008258
422	0.252895	75000	0.012386	10.020644
423	0.251800	75000	0.012243	10.032887
424	0.250709	75000	0.012217	10.045104
425	0.249620	75000	0.012178	10.057282
426	0.248534	75000	0.012035	10.069317
427	0.247451	75000	0.012043	10.081360
428	0.246371	75000	0.012068	10.093428
429	0.245294	75000	0.011971	10.105399
430	0.244220	75000	0.011957	10.117356
431	0.243148	75000	0.011756	10.129112
432	0.242079	75000	0.011865	10.140977
433	0.241013	75000	0.011792	10.152769
434	0.239950	75000	0.011688	10.164458
435	0.238890	75000	0.011703	10.176161
436	0.237832	75000	0.011628	10.187789
437	0.236778	75000	0.011521	10.199310
438	0.235726	75000	0.011621	10.210931
439	0.234677	75000	0.011468	10.222399
440	0.233630	75000	0.011441	10.233840
441	0.232587	75000	0.011334	10.245175
442	0.231546	75000	0.011320	10.256494
443	0.230509	75000	0.011264	10.267758
444	0.229473	75000	0.011227	10.278985
445	0.228441	75000	0.011202	10.290187
446	0.227412	75000	0.011141	10.301328
447	0.226385	75000	0.011001	10.312329
448	0.225361	75000	0.011009	10.323338
449	0.224340	75000	0.010979	10.334317
450	0.223322	75000	0.010961	10.345278
451	0.222306	75000	0.010852	10.356130
452	0.221293	75000	0.010797	10.366927
453	0.220283	75000	0.010734	10.377661
454	0.219276	75000	0.010709	10.388370
455	0.218272	75000	0.010586	10.398957
456	0.217270	75000	0.010625	10.409582
457	0.216271	75000	0.010501	10.420082
458	0.215275	75000	0.010548	10.430630
459	0.214281	75000	0.010475	10.441106
460	0.213291	75000	0.010423	10.451529
461	0.212303	75000	0.010345	10.461874
462	0.211318	75000	0.010236	10.472110
463	0.210335	75000	0.010308	10.482418
464	0.209356	75000	0.010167	10.492585
465	0.208379	75000	0.010073	10.502658
466	0.207404	75000	0.010053	10.512711
467	0.206433	75000	0.010016	10.522727
468	0.205464	75000	0.009908	10.532635
469	0.204498	75000	0.009965	10.542599
470	0.203535	75000	0.009916	10.552516
471	0.202575	75000	0.009749	10.562265
472	0.201617	75000	0.009697	10.571962
473	0.200662	75000	0.009621	10.581583
474	0.199709	75000	0.009662	10.591245
475	0.198760	75000	0.009601	10.600846
476	0.197813	75000	0.009603	10.610449
477	0.196869	75000	0.009468	10.619917
478	0.195927	75000	0.009527	10.629444
479	0.194988	75000	0.009430	10.638874
480	0.194052	75000	0.009367	10.648241
481	0.193119	75000	0.009288	10.657529
482	0.192188	75000	0.009142	10.666671
483	0.191260	75000	0.009217	10.675888
484	0.190335	75000	0.009124	10.685012
485	0.189412	75000	0.009063	10.694074
486	0.188492	75000	0.008962	10.703036
487	0.187575	75000	0.008917	10.711953
488	0.186660	75000	0.008908	10.720862
489	0.185749	75000	0.008887	10.729749
490	0.184839	75000	0.008831	10.738580
491	0.183933	75000	0.008778	10.747358
492	0.183029	75000	0.008739	10.756097
493	0.182128	75000	0.008651	10.764748
494	0.181229	75000	0.008664	10.773412
495	0.180333	75000	0.008561	10.781973
496	0.179440	75000	0.008536	10.790508
497	0.178550	75000	0.008433	10.798941
498	0.177662	75000	0.008315	10.807257
499	0.176777	75000	0.008327	10.815583
500	0.175894	75000	0.008217	10.823801
501	0.175014	75000	0.008185	10.831985
502	0.174137	75000	0.008208	10.840193
503	0.173262	75000	0.008239	10.848433
504	0.172390	75000	0.008098	10.856531
505	0.171521	75000	0.008027	10.864558
506	0.170654	75000	0.008038	10.872596
507	0.169790	75000	0.007874	10.880470
508	0.168929	75000	0.008011	10.888481
509	0.168070	75000	0.007917	10.896398
510	0.167214	75000	0.007789	10.904188
511	0.166360	75000	0.007780	10.911968
512	0.165509	75000	0.007592	10.919560
513	0.164661	75000	0.007629	10.927189
514	0.163815	75000	0.007669	10.934858
515	0.162972	75000	0.007518	10.942376
516	0.162132	75000	0.007536	10.949912
517	0.161294	75000	0.007338	10.957250
518	0.160458	75000	0.007440	10.964690
519	0.159626	75000	0.007329	10.972019
520	0.158796	75000	0.007224	10.979242
521	0.157968	75000	0.007258	10.986501
522	0.157143	75000	0.007134	10.993635
523	0.156321	75000	0.007078	11.000713
524	0.155501	75000	0.006890	11.007603
525	0.154684	75000	0.006952	11.014556
526	0.153870	75000	0.006927	11.021483
527	0.153058	75000	0.006916	11.028399
528	0.152248	75000	0.006854	11.035253
529	0.151441	75000	0.006847	11.042099
530	0.150637	75000	0.006836	11.048936
531	0.149835	75000	0.006649	11.055585
532	0.149036	75000	0.006669	11.062254
533	0.148240	75000	0.006490	11.068744
534	0.147446	75000	0.006462	11.075206
535	0.146654	75000	0.006298	11.081504
536	0.145865	75000	0.006542	11.088046
537	0.145079	75000	0.006319	11.094365
538	0.144295	75000	0.006361	11.100726
539	0.143514	75000	0.006127	11.106853
540	0.142735	75000	0.006280	11.113133
541	0.141959	75000	0.006119	11.119252
542	0.141186	75000	0.006172	11.125423
543	0.140415	75000	0.006081	11.131504
544	0.139646	75000	0.005974	11.137478
545	0.138880	75000	0.006067	11.143545
546	0.138116	75000	0.005937	11.149482
547	0.137356	75000	0.005908	11.155389
548	0.136597	75000	0.005774	11.161163
549	0.135841	75000	0.005782	11.166945
550	0.135088	75000	0.005780	11.172725
551	0.134337	75000	0.005808	11.178533
552	0.133588	75000	0.005534	11.184068
553	0.132843	75000	0.005489	11.189557
554	0.132099	75000	0.005427	11.194984
555	0.131358	75000	0.005466	11.200450
556	0.130620	75000	0.005303	11.205753
557	0.129884	75000	0.005351	11.211105
558	0.129151	75000	0.005290	11.216394
559	0.128420	75000	0.005090	11.221484
560	0.127691	75000	0.005164	11.226648
561	0.126965	75000	0.005111	11.231759
562	0.126242	75000	0.005092	11.236851
563	0.125521	75000	0.005038	11.241889
564	0.124802	75000	0.005090	11.246979
565	0.124086	75000	0.004905	11.251884
566	0.123373	75000	0.004704	11.256588
567	0.122662	75000	0.004795	11.261383
568	0.121953	75000	0.004796	11.266179
569	0.121247	75000	0.004604	11.270782
570	0.120543	75000	0.004691	11.275473
571	0.119842	75000	0.004548	11.280021
572	0.119143	75000	0.004590	11.284611
573	0.118447	75000	0.004423	11.289033
574	0.117753	75000	0.004305	11.293338
575	0.117062	75000	0.004306	11.297645
576	0.116373	75000	0.004435	11.302080
577	0.115686	75000	0.004363	11.306442
578	0.115002	75000	0.004119	11.310561
579	0.114320	75000	0.003936	11.314497
580	0.113641	75000	0.003977	11.318474
581	0.112964	75000	0.003886	11.322360
582	0.112290	75000	0.003861	11.326220
583	0.111618	75000	0.003896	11.330116
584	0.110948	75000	0.003792	11.333909
585	0.110281	75000	0.003679	11.337588
586	0.109616	75000	0.003735	11.341323
587	0.108954	75000	0.003733	11.345056
588	0.108294	75000	0.003645	11.348701
589	0.107637	75000	0.003510	11.352211
590	0.106981	75000	0.003654	11.355865
591	0.106329	75000	0.003478	11.359343
592	0.105678	75000	0.003478	11.362821
593	0.105030	75000	0.003263	11.366084
594	0.104385	75000	0.003342	11.369426
595	0.103742	75000	0.003215	11.372641
596	0.103101	75000	0.003246	11.375888
597	0.102463	75000	0.003211	11.379098
598	0.101827	75000	0.002978	11.382077
599	0.101193	75000	0.003018	11.385094
600	0.100562	75000	0.003079	11.388173
601	0.099933	75000	0.002962	11.391135
602	0.099306	75000	0.002768	11.393903
603	0.098682	75000	0.002847	11.396751
604	0.098060	75000	0.002651	11.399402
605	0.097441	75000	0.002825	11.402227
606	0.096824	75000	0.002693	11.404920
607	0.096209	75000	0.002730	11.407650
608	0.095596	75000	0.002644	11.410294
609	0.094986	75000	0.002528	11.412822
610	0.094379	75000	0.002542	11.415363
611	0.093773	75000	0.002293	11.417657
612	0.093170	75000	0.002194	11.419851
613	0.092570	75000	0.002218	11.422068
614	0.091971	75000	0.002145	11.424214
615	0.091375	75000	0.002085	11.426299
616	0.090781	75000	0.002025	11.428323
617	0.090190	75000	0.001989	11.430312
618	0.089601	75000	0.002036	11.432348
619	0.089014	75000	0.001942	11.434290
620	0.088430	75000	0.001846	11.436136
621	0.087848	75000	0.001703	11.437839
622	0.087268	75000	0.001691	11.439530
623	0.086690	75000	0.001789	11.441318
624	0.086115	75000	0.001613	11.442931
625	0.085542	75000	0.001526	11.444457
626	0.084971	75000	0.001409	11.445866
627	0.084403	75000	0.001516	11.447382
628	0.083837	75000	0.001512	11.448894
629	0.083273	75000	0.001154	11.450047
630	0.082712	75000	0.001261	11.451308
631	0.082152	75000	0.001031	11.452339
632	0.081595	75000	0.001294	11.453633
633	0.081041	75000	0.001077	11.454710
634	0.080488	75000	0.001104	11.455813
635	0.079938	75000	0.000944	11.456757
636	0.079390	75000	0.000901	11.457658
637	0.078845	75000	0.000896	11.458555
638	0.078301	75000	0.000624	11.459179
639	0.077760	75000	0.000655	11.459834
640	0.077221	75000	0.000882	11.460716
641	0.076684	75000	0.000507	11.461223
642	0.076150	75000	0.000573	11.461797
643	0.075618	75000	0.000606	11.462403
644	0.075088	75000	0.000441	11.462844
645	0.074560	75000	0.000476	11.463320
646	0.074035	75000	0.000246	11.463567
647	0.073512	75000	0.000090	11.463656
648	0.072991	75000	0.000183	11.463840
649	0.072472	75000	0.000086	11.463926
650	0.071955	75000	0.000092	11.464017
651	0.071441	75000	0.000284	11.464302
652	0.070929	75000	-0.000158	11.464144
653	0.070419	75000	-0.000075	11.464068
654	0.069911	75000	-0.000465	11.463603
655	0.069406	75000	-0.000288	11.463315
656	0.068903	75000	-0.000289	11.463026
657	0.068401	75000	-0.000264	11.462762
658	0.067903	75000	-0.000390	11.462373
659	0.067406	75000	-0.000576	11.461797
660	0.066911	75000	-0.000586	11.461211
661	0.066419	75000	-0.000419	11.460792
662	0.065929	75000	-0.000623	11.460169
663	0.065441	75000	-0.000572	11.459597
664	0.064955	75000	-0.000797	11.458799
665	0.064471	75000	-0.000724	11.458076
666	0.063990	75000	-0.000712	11.457364
667	0.063510	75000	-0.000969	11.456394
668	0.063033	75000	-0.001000	11.455395
669	0.062558	75000	-0.001102	11.454293
670	0.062085	75000	-0.001252	11.453041
671	0.061615	75000	-0.001412	11.451629
672	0.061146	75000	-0.001494	11.450135
673	0.060680	75000	-0.001456	11.448679
674	0.060216	75000	-0.001512	11.447167
675	0.059753	75000	-0.001556	11.445611
676	0.059293	75000	-0.001601	11.444010
677	0.058836	75000	-0.001506	11.442504
678	0.058380	75000	-0.001730	11.440774
679	0.057926	75000	-0.001685	11.439089
680	0.057475	75000	-0.001877	11.437212
681	0.057025	75000	-0.001894	11.435318
682	0.056578	75000	-0.001812	11.433506
683	0.056133	75000	-0.002089	11.431417
684	0.055690	75000	-0.002081	11.429336
685	0.055249	75000	-0.002167	11.427168
686	0.054810	75000	-0.002173	11.424995
687	0.054373	75000	-0.002373	11.422622
688	0.053939	75000	-0.002284	11.420338
689	0.053506	75000	-0.002417	11.417921
690	0.053076	75000	-0.002499	11.415422
691	0.052647	75000	-0.002635	11.412787
692	0.052221	75000	-0.002585	11.410202
693	0.051797	75000	-0.002877	11.407325
694	0.051375	75000	-0.002629	11.404696
695	0.050955	75000	-0.003051	11.401645
696	0.050537	75000	-0.002985	11.398660
697	0.050121	75000	-0.003157	11.395503
698	0.049707	75000	-0.003071	11.392432
699	0.049295	75000	-0.003106	11.389326
700	0.048885	75000	-0.003226	11.386100
701	0.048478	75000	-0.003237	11.382863
702	0.048072	75000	-0.003246	11.379617
703	0.047668	75000	-0.003443	11.376174
704	0.047267	75000	-0.003549	11.372625
705	0.046867	75000	-0.003645	11.368980
706	0.046470	75000	-0.003826	11.365154
707	0.046074	75000	-0.003797	11.361357
708	0.045681	75000	-0.003667	11.357690
709	0.045289	75000	-0.003882	11.353809
710	0.044900	75000	-0.004111	11.349697
711	0.044512	75000	-0.004230	11.345467
712	0.044127	75000	-0.004054	11.341413
713	0.043744	75000	-0.004338	11.337075
714	0.043362	75000	-0.004286	11.332788
715	0.042983	75000	-0.004386	11.328402
716	0.042606	75000	-0.004484	11.323918
717	0.042230	75000	-0.004613	11.319305
718	0.041857	75000	-0.005079	11.314226
719	0.041485	75000	-0.004634	11.309592
720	0.041116	75000	-0.004830	11.304762
721	0.040749	75000	-0.004965	11.299797
722	0.040383	75000	-0.005035	11.294762
723	0.040020	75000	-0.004993	11.289769
724	0.039658	75000	-0.005253	11.284515
725	0.039299	75000	-0.005184	11.279331
726	0.038941	75000	-0.005258	11.274073
727	0.038585	75000	-0.005574	11.268499
728	0.038232	75000	-0.005631	11.262868
729	0.037880	75000	-0.005512	11.257356
730	0.037530	75000	-0.005697	11.251658
731	0.037182	75000	-0.005946	11.245712
732	0.036836	75000	-0.006024	11.239687
733	0.036493	75000	-0.005970	11.233717
734	0.036151	75000	-0.005969	11.227748
735	0.035810	75000	-0.006081	11.221666
736	0.035472	75000	-0.006173	11.215494
737	0.035136	75000	-0.006101	11.209393
738	0.034802	75000	-0.006523	11.202870
739	0.034469	75000	-0.006336	11.196533
740	0.034139	75000	-0.006523	11.190010
741	0.033810	75000	-0.006523	11.183487
742	0.033484	75000	-0.006850	11.176638
743	0.033159	75000	-0.006828	11.169809
744	0.032836	75000	-0.007062	11.162747
745	0.032515	75000	-0.007090	11.155658
746	0.032196	75000	-0.007712	11.147945
747	0.031879	75000	-0.007425	11.140520
748	0.031563	75000	-0.007416	11.133105
749	0.031250	75000	-0.007443	11.125662
750	0.030938	75000	-0.007430	11.118232
751	0.030629	75000	-0.007551	11.110680
752	0.030321	75000	-0.008028	11.102652
753	0.030015	75000	-0.007975	11.094678
754	0.029711	75000	-0.008009	11.086669
755	0.029409	75000	-0.008340	11.078328
756	0.029108	75000	-0.008119	11.070209
757	0.028810	75000	-0.008423	11.061787
758	0.028513	75000	-0.008386	11.053400
759	0.028218	75000	-0.008311	11.045089
760	0.027925	75000	-0.008366	11.036724
761	0.027634	75000	-0.008715	11.028008
762	0.027345	75000	-0.009077	11.018932
763	0.027057	75000	-0.009625	11.009307
764	0.026771	75000	-0.009311	10.999996
765	0.026487	75000	-0.009472	10.990524
766	0.026205	75000	-0.009482	10.981041
767	0.025925	75000	-0.009453	10.971588
768	0.025647	75000	-0.009944	10.961644
769	0.025370	75000	-0.009937	10.951707
770	0.025095	75000	-0.010003	10.941703
771	0.024822	75000	-0.010118	10.931585
772	0.024551	75000	-0.010303	10.921282
773	0.024281	75000	-0.010438	10.910845
774	0.024014	75000	-0.010586	10.900258
775	0.023748	75000	-0.011098	10.889160
776	0.023483	75000	-0.010895	10.878265
777	0.023221	75000	-0.011022	10.867243
778	0.022960	75000	-0.011244	10.855999
779	0.022702	75000	-0.011098	10.844901
780	0.022445	75000	-0.011395	10.833506
781	0.022189	75000	-0.011473	10.822033
782	0.021936	75000	-0.012042	10.809992
783	0.021684	75000	-0.011878	10.798114
784	0.021434	75000	-0.012094	10.786020
785	0.021185	75000	-0.012030	10.773991
786	0.020939	75000	-0.011943	10.762048
787	0.020694	75000	-0.012733	10.749315
788	0.020451	75000	-0.013394	10.735921
789	0.020209	75000	-0.013175	10.722746
790	0.019969	75000	-0.013357	10.709389
791	0.019731	75000	-0.012857	10.696533
792	0.019495	75000	-0.013648	10.682885
793	0.019261	75000	-0.013495	10.669390
794	0.019028	75000	-0.013994	10.655397
795	0.018796	75000	-0.014418	10.640979
796	0.018567	75000	-0.013918	10.627061
797	0.018339	75000	-0.014335	10.612726
798	0.018113	75000	-0.014877	10.597848
799	0.017889	75000	-0.015369	10.582480
800	0.017666	75000	-0.015714	10.566766
801	0.017445	75000	-0.015221	10.551545
802	0.017225	75000	-0.016449	10.535096
803	0.017007	75000	-0.015975	10.519121
804	0.016791	75000	-0.015668	10.503453
805	0.016577	75000	-0.016485	10.486968
806	0.016364	75000	-0.016805	10.470163
807	0.016153	75000	-0.016843	10.453320
808	0.015943	75000	-0.017266	10.436054
809	0.015736	75000	-0.017378	10.418676
810	0.015529	75000	-0.017814	10.400862
811	0.015325	75000	-0.018194	10.382669
812	0.015122	75000	-0.017984	10.364685
813	0.014920	75000	-0.019828	10.344857
814	0.014721	75000	-0.018783	10.326074
815	0.014523	75000	-0.019182	10.306892
816	0.014326	75000	-0.019988	10.286904
817	0.014131	75000	-0.019697	10.267207
818	0.013938	75000	-0.020469	10.246738
819	0.013746	75000	-0.020264	10.226473
820	0.013556	75000	-0.020973	10.205500
821	0.013367	75000	-0.020405	10.185095
822	0.013181	75000	-0.021739	10.163356
823	0.012995	75000	-0.022410	10.140946
824	0.012811	75000	-0.022669	10.118277
825	0.012629	75000	-0.023845	10.094432
826	0.012448	75000	-0.025030	10.069402
827	0.012269	75000	-0.023648	10.045754
828	0.012092	75000	-0.024465	10.021289
829	0.011916	75000	-0.023336	9.997953
830	0.011741	75000	-0.024390	9.973564
831	0.011568	75000	-0.025099	9.948464
832	0.011397	75000	-0.026060	9.922405
833	0.011227	75000	-0.026596	9.895809
834	0.011059	75000	-0.028578	9.867230
835	0.010892	75000	-0.027384	9.839846
836	0.010727	75000	-0.027819	9.812026
837	0.010563	75000	-0.029864	9.782162
838	0.010401	75000	-0.029576	9.752586
839	0.010240	75000	-0.029221	9.723365
840	0.010081	75000	-0.030673	9.692692
841	0.009923	75000	-0.032347	9.660345
842	0.009767	75000	-0.032052	9.628293
843	0.009612	75000	-0.033106	9.595187
844	0.009459	75000	-0.034288	9.560899
845	0.009307	75000	-0.036006	9.524892
846	0.009156	75000	-0.034819	9.490073
847	0.009008	75000	-0.036982	9.453092
848	0.008860	75000	-0.036435	9.416657
849	0.008714	75000	-0.039403	9.377253
850	0.008570	75000	-0.038955	9.338298
851	0.008427	75000	-0.044629	9.293669
852	0.008285	75000	-0.041131	9.252538
853	0.008145	75000	-0.044692	9.207845
854	0.008006	75000	-0.044719	9.163127
855	0.007869	75000	-0.043792	9.119335
856	0.007733	75000	-0.046769	9.072566
857	0.007598	75000	-0.047444	9.025122
858	0.007465	75000	-0.050886	8.974236
859	0.007334	75000	-0.048950	8.925285
860	0.007203	75000	-0.052985	8.872301
861	0.007075	75000	-0.052515	8.819785
862	0.006947	75000	-0.054902	8.764884
863	0.006821	75000	-0.055550	8.709333
864	0.006696	75000	-0.057365	8.651969
865	0.006573	75000	-0.059175	8.592794
866	0.006451	75000	-0.059586	8.533207
867	0.006330	75000	-0.061929	8.471278
868	0.006211	75000	-0.063667	8.407612
869	0.006093	75000	-0.066720	8.340891
870	0.005977	75000	-0.065487	8.275404
871	0.005862	75000	-0.069254	8.206150
872	0.005748	75000	-0.067082	8.139068
873	0.005635	75000	-0.072737	8.066331
874	0.005524	75000	-0.073307	7.993024
875	0.005414	75000	-0.073040	7.919983
876	0.005306	75000	-0.074852	7.845132
877	0.005199	75000	-0.078903	7.766229
878	0.005093	75000	-0.078514	7.687715
879	0.004988	75000	-0.081515	7.606200
880	0.004885	75000	-0.083633	7.522567
881	0.004783	75000	-0.083547	7.439020
882	0.004682	75000	-0.084809	7.354211
883	0.004583	75000	-0.086887	7.267324
884	0.004485	75000	-0.084666	7.182659
885	0.004388	75000	-0.087753	7.094905
886	0.004292	75000	-0.090506	7.004399
887	0.004198	75000	-0.092041	6.912358
888	0.004105	75000	-0.093525	6.818833
889	0.004013	75000	-0.093923	6.724910
890	0.003923	75000	-0.095568	6.629342
891	0.003833	75000	-0.095082	6.534260
892	0.003745	75000	-0.094993	6.439267
893	0.003658	75000	-0.096642	6.342624
894	0.003573	75000	-0.098143	6.244481
895	0.003488	75000	-0.099269	6.145212
896	0.003405	75000	-0.096270	6.048942
897	0.003323	75000	-0.098493	5.950448
898	0.003242	75000	-0.098438	5.852011
899	0.003162	75000	-0.097889	5.754122
900	0.003084	75000	-0.097419	5.656702
901	0.003007	75000	-0.099142	5.557560
902	0.002930	75000	-0.098645	5.458916
903	0.002855	75000	-0.097867	5.361048
904	0.002782	75000	-0.098379	5.262670
905	0.002709	75000	-0.098534	5.164136
906	0.002638	75000	-0.097744	5.066392
907	0.002567	75000	-0.098441	4.967951
908	0.002498	75000	-0.095963	4.871988
909	0.002430	75000	-0.096282	4.775706
910	0.002363	75000	-0.095960	4.679746
911	0.002297	75000	-0.095544	4.584202
912	0.002233	75000	-0.093688	4.490514
913	0.002169	75000	-0.093259	4.397256
914	0.002106	75000	-0.091171	4.306084
915	0.002045	75000	-0.091993	4.214091
916	0.001985	75000	-0.091000	4.123091
917	0.001925	75000	-0.090547	4.032544
918	0.001867	75000	-0.088879	3.943664
919	0.001810	75000	-0.089078	3.854586
920	0.001754	75000	-0.087585	3.767001
921	0.001699	75000	-0.086030	3.680971
922	0.001645	75000	-0.085187	3.595785
923	0.001592	75000	-0.084297	3.511487
924	0.001540	75000	-0.083000	3.428487
925	0.001490	75000	-0.080695	3.347792
926	0.001440	75000	-0.079310	3.268482
927	0.001391	75000	-0.078804	3.189678
928	0.001343	75000	-0.077677	3.112001
929	0.001296	75000	-0.076145	3.035856
930	0.001251	75000	-0.075219	2.960636
931	0.001206	75000	-0.073440	2.887196
932	0.001162	75000	-0.072744	2.814452
933	0.001119	75000	-0.071828	2.742625
934	0.001077	75000	-0.070353	2.672272
935	0.001036	75000	-0.068329	2.603944
936	0.000996	75000	-0.066923	2.537021
937	0.000957	75000	-0.066046	2.470975
938	0.000919	75000	-0.064440	2.406535
939	0.000882	75000	-0.063134	2.343401
940	0.000846	75000	-0.061864	2.281536
941	0.000810	75000	-0.060598	2.220938
942	0.000776	75000	-0.059314	2.161624
943	0.000742	75000	-0.057975	2.103649
944	0.000709	75000	-0.056450	2.047199
945	0.000678	75000	-0.055196	1.992003
946	0.000647	75000	-0.053553	1.938450
947	0.000617	75000	-0.052270	1.886180
948	0.000587	75000	-0.050841	1.835340
949	0.000559	75000	-0.049475	1.785864
950	0.000531	75000	-0.048027	1.737838
951	0.000505	75000	-0.046705	1.691133
952	0.000479	75000	-0.045451	1.645682
953	0.000454	75000	-0.044143	1.601539
954	0.000430	75000	-0.042574	1.558966
955	0.000406	75000	-0.041529	1.517436
956	0.000383	75000	-0.040286	1.477150
957	0.000362	75000	-0.039077	1.438074
958	0.000340	75000	-0.037502	1.400572
959	0.000320	75000	-0.036106	1.364466
960	0.000300	75000	-0.034905	1.329561
961	0.000281	75000	-0.033548	1.296013
962	0.000263	75000	-0.032334	1.263678
963	0.000246	75000	-0.031017	1.232662
964	0.000229	75000	-0.029831	1.202831
965	0.000213	75000	-0.028539	1.174292
966	0.000198	75000	-0.027501	1.146791
967	0.000183	75000	-0.026226	1.120565
968	0.000169	75000	-0.024958	1.095607
969	0.000156	75000	-0.023809	1.071798
970	0.000143	75000	-0.022807	1.048991
971	0.000131	75000	-0.021612	1.027380
972	0.000120	75000	-0.020498	1.006882
973	0.000109	75000	-0.019366	0.987515
974	0.000099	75000	-0.018343	0.969172
975	0.000089	75000	-0.017314	0.951858
976	0.000080	75000	-0.016277	0.935581
977	0.000072	75000	-0.015264	0.920317
978	0.000064	75000	-0.014236	0.906081
979	0.000057	75000	-0.013234	0.892847
980	0.000050	75000	-0.012317	0.880531
981	0.000043	75000	-0.011325	0.869206
982	0.000038	75000	-0.010450	0.858756
983	0.000032	75000	-0.009579	0.849178
984	0.000028	75000	-0.008733	0.840444
985	0.000023	75000	-0.007903	0.832542
986	0.000019	75000	-0.007093	0.825449
987	0.000016	75000	-0.006314	0.819135
988	0.000013	75000	-0.005586	0.813549
989	0.000010	75000	-0.004855	0.808694
990	0.000008	75000	-0.004191	0.804503
991	0.000006	75000	-0.003546	0.800957
992	0.000004	75000	-0.002944	0.798012
993	0.000003	75000	-0.002379	0.795634
994	0.000002	75000	-0.001837	0.793796
995	0.000001	75000	-0.001369	0.792428
996	0.000000	75000	-0.000939	0.791488
997	0.000000	75000	-0.000569	0.790919
998	0.000000	75000	-0.000269	0.790650
999	0.000000	75000	-0.000057	0.790593
Log marginal likelihood:	0.790593
