Steppingstone sampler:
        No Stones:                  1000
        Start It:                   10000001
        It Per Stone:               100000
        Sample Freq:                1
        Dist:                       Beta(0.400000,1.000000)
Stone No	Power	N	Stone MLh	Running MLh
0	0.997502	75000	-1.987778	-1.987778
1	0.995007	75000	-1.984745	-3.972523
2	0.992517	75000	-1.981830	-5.954353
3	0.990030	75000	-1.978862	-7.933215
4	0.987547	75000	-1.975924	-9.909139
5	0.985067	75000	-1.972900	-11.882039
6	0.982592	75000	-1.969989	-13.852027
7	0.980120	75000	-1.967003	-15.819030
8	0.977652	75000	-1.964028	-17.783058
9	0.975187	75000	-1.961010	-19.744069
10	0.972726	75000	-1.958157	-21.702226
11	0.970269	75000	-1.955072	-23.657298
12	0.967816	75000	-1.952192	-25.609490
13	0.965367	75000	-1.949256	-27.558746
14	0.962921	75000	-1.946240	-29.504986
15	0.960479	75000	-1.943263	-31.448249
16	0.958040	75000	-1.940366	-33.388616
17	0.955606	75000	-1.937374	-35.325990
18	0.953175	75000	-1.934416	-37.260406
19	0.950747	75000	-1.931471	-39.191877
20	0.948324	75000	-1.928573	-41.120449
21	0.945904	75000	-1.925538	-43.045988
22	0.943488	75000	-1.922641	-44.968629
23	0.941076	75000	-1.919679	-46.888308
24	0.938667	75000	-1.916652	-48.804960
25	0.936262	75000	-1.913809	-50.718770
26	0.933861	75000	-1.910919	-52.629689
27	0.931463	75000	-1.907955	-54.537644
28	0.929069	75000	-1.904983	-56.442627
29	0.926679	75000	-1.902140	-58.344768
30	0.924293	75000	-1.899166	-60.243934
31	0.921910	75000	-1.896234	-62.140168
32	0.919531	75000	-1.893275	-64.033443
33	0.917155	75000	-1.890332	-65.923775
34	0.914783	75000	-1.887455	-67.811229
35	0.912415	75000	-1.884569	-69.695799
36	0.910051	75000	-1.881612	-71.577410
37	0.907690	75000	-1.878691	-73.456101
38	0.905333	75000	-1.875720	-75.331821
39	0.902980	75000	-1.872806	-77.204627
40	0.900630	75000	-1.869948	-79.074576
41	0.898284	75000	-1.867054	-80.941630
42	0.895942	75000	-1.864111	-82.805741
43	0.893603	75000	-1.861235	-84.666977
44	0.891268	75000	-1.858293	-86.525270
45	0.888937	75000	-1.855373	-88.380643
46	0.886609	75000	-1.852493	-90.233135
47	0.884285	75000	-1.849604	-92.082739
48	0.881965	75000	-1.846679	-93.929419
49	0.879648	75000	-1.843734	-95.773153
50	0.877335	75000	-1.840843	-97.613996
51	0.875026	75000	-1.837936	-99.451932
52	0.872720	75000	-1.835016	-101.286948
53	0.870418	75000	-1.832156	-103.119104
54	0.868120	75000	-1.829298	-104.948402
55	0.865825	75000	-1.826359	-106.774761
56	0.863534	75000	-1.823448	-108.598210
57	0.861246	75000	-1.820628	-110.418837
58	0.858962	75000	-1.817617	-112.236454
59	0.856682	75000	-1.814737	-114.051191
60	0.854405	75000	-1.811916	-115.863108
61	0.852132	75000	-1.809004	-117.672112
62	0.849863	75000	-1.806126	-119.478238
63	0.847597	75000	-1.803234	-121.281472
64	0.845335	75000	-1.800368	-123.081839
65	0.843077	75000	-1.797483	-124.879322
66	0.840822	75000	-1.794588	-126.673910
67	0.838571	75000	-1.791787	-128.465697
68	0.836323	75000	-1.788895	-130.254592
69	0.834079	75000	-1.786005	-132.040597
70	0.831839	75000	-1.783194	-133.823791
71	0.829602	75000	-1.780281	-135.604071
72	0.827369	75000	-1.777310	-137.381381
73	0.825140	75000	-1.774483	-139.155863
74	0.822914	75000	-1.771630	-140.927493
75	0.820691	75000	-1.768767	-142.696261
76	0.818473	75000	-1.765940	-144.462200
77	0.816258	75000	-1.763105	-146.225305
78	0.814046	75000	-1.760207	-147.985513
79	0.811838	75000	-1.757343	-149.742856
80	0.809634	75000	-1.754519	-151.497375
81	0.807433	75000	-1.751672	-153.249047
82	0.805236	75000	-1.748744	-154.997792
83	0.803043	75000	-1.745990	-156.743781
84	0.800853	75000	-1.743069	-158.486850
85	0.798667	75000	-1.740258	-160.227108
86	0.796484	75000	-1.737400	-161.964508
87	0.794305	75000	-1.734493	-163.699000
88	0.792129	75000	-1.731701	-165.430701
89	0.789957	75000	-1.728819	-167.159520
90	0.787789	75000	-1.726058	-168.885579
91	0.785624	75000	-1.723134	-170.608712
92	0.783463	75000	-1.720357	-172.329070
93	0.781305	75000	-1.717580	-174.046650
94	0.779151	75000	-1.714725	-175.761375
95	0.777000	75000	-1.711841	-177.473215
96	0.774853	75000	-1.708952	-179.182167
97	0.772710	75000	-1.706171	-180.888338
98	0.770570	75000	-1.703365	-182.591704
99	0.768433	75000	-1.700576	-184.292280
100	0.766301	75000	-1.697739	-185.990019
101	0.764172	75000	-1.694926	-187.684946
102	0.762046	75000	-1.692003	-189.376948
103	0.759924	75000	-1.689243	-191.066192
104	0.757805	75000	-1.686476	-192.752668
105	0.755690	75000	-1.683653	-194.436321
106	0.753579	75000	-1.680796	-196.117117
107	0.751471	75000	-1.678027	-197.795143
108	0.749366	75000	-1.675216	-199.470359
109	0.747266	75000	-1.672421	-201.142781
110	0.745168	75000	-1.669512	-202.812292
111	0.743075	75000	-1.666767	-204.479060
112	0.740984	75000	-1.663971	-206.143031
113	0.738898	75000	-1.661109	-207.804141
114	0.736815	75000	-1.658381	-209.462521
115	0.734735	75000	-1.655585	-211.118107
116	0.732659	75000	-1.652734	-212.770840
117	0.730586	75000	-1.650027	-214.420868
118	0.728517	75000	-1.647096	-216.067964
119	0.726452	75000	-1.644383	-217.712347
120	0.724390	75000	-1.641570	-219.353918
121	0.722331	75000	-1.638713	-220.992630
122	0.720276	75000	-1.636027	-222.628658
123	0.718225	75000	-1.633259	-224.261916
124	0.716177	75000	-1.630410	-225.892326
125	0.714132	75000	-1.627610	-227.519936
126	0.712091	75000	-1.624797	-229.144732
127	0.710054	75000	-1.622075	-230.766808
128	0.708020	75000	-1.619325	-232.386133
129	0.705989	75000	-1.616542	-234.002676
130	0.703962	75000	-1.613791	-235.616467
131	0.701939	75000	-1.610918	-237.227385
132	0.699919	75000	-1.608137	-238.835522
133	0.697902	75000	-1.605424	-240.440946
134	0.695889	75000	-1.602645	-242.043592
135	0.693880	75000	-1.599851	-243.643443
136	0.691874	75000	-1.597090	-245.240533
137	0.689871	75000	-1.594331	-246.834864
138	0.687872	75000	-1.591530	-248.426394
139	0.685877	75000	-1.588825	-250.015219
140	0.683885	75000	-1.586074	-251.601293
141	0.681896	75000	-1.583260	-253.184553
142	0.679911	75000	-1.580521	-254.765074
143	0.677929	75000	-1.577792	-256.342866
144	0.675951	75000	-1.575144	-257.918010
145	0.673976	75000	-1.572196	-259.490206
146	0.672005	75000	-1.569530	-261.059736
147	0.670037	75000	-1.566738	-262.626474
148	0.668073	75000	-1.564004	-264.190478
149	0.666112	75000	-1.561262	-265.751740
150	0.664155	75000	-1.558640	-267.310379
151	0.662201	75000	-1.555742	-268.866122
152	0.660250	75000	-1.553102	-270.419223
153	0.658303	75000	-1.550302	-271.969525
154	0.656359	75000	-1.547568	-273.517093
155	0.654419	75000	-1.544896	-275.061990
156	0.652483	75000	-1.542178	-276.604167
157	0.650549	75000	-1.539372	-278.143540
158	0.648619	75000	-1.536661	-279.680201
159	0.646693	75000	-1.533950	-281.214151
160	0.644770	75000	-1.531236	-282.745386
161	0.642851	75000	-1.528487	-284.273873
162	0.640934	75000	-1.525832	-285.799705
163	0.639022	75000	-1.523003	-287.322708
164	0.637113	75000	-1.520300	-288.843008
165	0.635207	75000	-1.517635	-290.360644
166	0.633304	75000	-1.514904	-291.875548
167	0.631405	75000	-1.512154	-293.387702
168	0.629510	75000	-1.509486	-294.897189
169	0.627618	75000	-1.506718	-296.403907
170	0.625729	75000	-1.504020	-297.907926
171	0.623844	75000	-1.501291	-299.409218
172	0.621962	75000	-1.498583	-300.907801
173	0.620083	75000	-1.495869	-302.403670
174	0.618208	75000	-1.493171	-303.896840
175	0.616337	75000	-1.490383	-305.387223
176	0.614468	75000	-1.487832	-306.875055
177	0.612604	75000	-1.485073	-308.360128
178	0.610742	75000	-1.482325	-309.842453
179	0.608884	75000	-1.479625	-311.322078
180	0.607029	75000	-1.477000	-312.799077
181	0.605178	75000	-1.474324	-314.273402
182	0.603330	75000	-1.471560	-315.744961
183	0.601486	75000	-1.468891	-317.213852
184	0.599645	75000	-1.466211	-318.680063
185	0.597807	75000	-1.463582	-320.143645
186	0.595973	75000	-1.460859	-321.604504
187	0.594142	75000	-1.458118	-323.062621
188	0.592314	75000	-1.455527	-324.518148
189	0.590490	75000	-1.452805	-325.970953
190	0.588669	75000	-1.450095	-327.421048
191	0.586852	75000	-1.447478	-328.868526
192	0.585038	75000	-1.444733	-330.313259
193	0.583227	75000	-1.442141	-331.755400
194	0.581420	75000	-1.439458	-333.194857
195	0.579616	75000	-1.436774	-334.631632
196	0.577815	75000	-1.434090	-336.065722
197	0.576018	75000	-1.431403	-337.497125
198	0.574224	75000	-1.428745	-338.925870
199	0.572433	75000	-1.426094	-340.351964
200	0.570646	75000	-1.423374	-341.775338
201	0.568862	75000	-1.420804	-343.196142
202	0.567082	75000	-1.418157	-344.614299
203	0.565305	75000	-1.415426	-346.029725
204	0.563531	75000	-1.412819	-347.442544
205	0.561761	75000	-1.410174	-348.852719
206	0.559993	75000	-1.407595	-350.260314
207	0.558230	75000	-1.404900	-351.665214
208	0.556469	75000	-1.402245	-353.067459
209	0.554712	75000	-1.399605	-354.467064
210	0.552958	75000	-1.396883	-355.863947
211	0.551208	75000	-1.394321	-357.258268
212	0.549461	75000	-1.391665	-358.649934
213	0.547717	75000	-1.388945	-360.038879
214	0.545977	75000	-1.386385	-361.425264
215	0.544240	75000	-1.383718	-362.808982
216	0.542506	75000	-1.381109	-364.190091
217	0.540775	75000	-1.378441	-365.568532
218	0.539048	75000	-1.375772	-366.944304
219	0.537324	75000	-1.373211	-368.317514
220	0.535604	75000	-1.370555	-369.688069
221	0.533887	75000	-1.367876	-371.055946
222	0.532173	75000	-1.365247	-372.421192
223	0.530462	75000	-1.362667	-373.783859
224	0.528755	75000	-1.360049	-375.143908
225	0.527051	75000	-1.357428	-376.501336
226	0.525350	75000	-1.354871	-377.856207
227	0.523653	75000	-1.352284	-379.208491
228	0.521958	75000	-1.349637	-380.558128
229	0.520268	75000	-1.346941	-381.905069
230	0.518580	75000	-1.344324	-383.249393
231	0.516896	75000	-1.341723	-384.591116
232	0.515215	75000	-1.339134	-385.930250
233	0.513537	75000	-1.336501	-387.266751
234	0.511863	75000	-1.333999	-388.600750
235	0.510192	75000	-1.331342	-389.932092
236	0.508524	75000	-1.328767	-391.260859
237	0.506859	75000	-1.326159	-392.587018
238	0.505198	75000	-1.323542	-393.910560
239	0.503540	75000	-1.321014	-395.231574
240	0.501885	75000	-1.318358	-396.549932
241	0.500234	75000	-1.315793	-397.865725
242	0.498586	75000	-1.313213	-399.178938
243	0.496941	75000	-1.310639	-400.489577
244	0.495299	75000	-1.307901	-401.797477
245	0.493660	75000	-1.305372	-403.102849
246	0.492025	75000	-1.302884	-404.405733
247	0.490393	75000	-1.300293	-405.706026
248	0.488765	75000	-1.297628	-407.003654
249	0.487139	75000	-1.295088	-408.298742
250	0.485517	75000	-1.292502	-409.591244
251	0.483898	75000	-1.289984	-410.881228
252	0.482283	75000	-1.287440	-412.168669
253	0.480670	75000	-1.284888	-413.453557
254	0.479061	75000	-1.282228	-414.735784
255	0.477455	75000	-1.279735	-416.015519
256	0.475852	75000	-1.277122	-417.292641
257	0.474253	75000	-1.274528	-418.567170
258	0.472656	75000	-1.272015	-419.839185
259	0.471063	75000	-1.269354	-421.108539
260	0.469474	75000	-1.266840	-422.375378
261	0.467887	75000	-1.264262	-423.639640
262	0.466304	75000	-1.261820	-424.901461
263	0.464723	75000	-1.259196	-426.160657
264	0.463146	75000	-1.256617	-427.417274
265	0.461573	75000	-1.253995	-428.671269
266	0.460002	75000	-1.251551	-429.922820
267	0.458435	75000	-1.249075	-431.171896
268	0.456871	75000	-1.246402	-432.418298
269	0.455310	75000	-1.243943	-433.662240
270	0.453752	75000	-1.241459	-434.903699
271	0.452198	75000	-1.238889	-436.142589
272	0.450647	75000	-1.236419	-437.379008
273	0.449098	75000	-1.233740	-438.612748
274	0.447554	75000	-1.231262	-439.844010
275	0.446012	75000	-1.228644	-441.072654
276	0.444473	75000	-1.226197	-442.298851
277	0.442938	75000	-1.223653	-443.522504
278	0.441406	75000	-1.221097	-444.743601
279	0.439877	75000	-1.218562	-445.962163
280	0.438351	75000	-1.216003	-447.178166
281	0.436829	75000	-1.213467	-448.391634
282	0.435309	75000	-1.211050	-449.602684
283	0.433793	75000	-1.208484	-450.811169
284	0.432280	75000	-1.205969	-452.017138
285	0.430770	75000	-1.203339	-453.220476
286	0.429263	75000	-1.200943	-454.421419
287	0.427760	75000	-1.198439	-455.619858
288	0.426259	75000	-1.195948	-456.815807
289	0.424762	75000	-1.193450	-458.009256
290	0.423268	75000	-1.190896	-459.200152
291	0.421777	75000	-1.188382	-460.388534
292	0.420289	75000	-1.185890	-461.574424
293	0.418805	75000	-1.183430	-462.757854
294	0.417323	75000	-1.180913	-463.938767
295	0.415845	75000	-1.178316	-465.117083
296	0.414370	75000	-1.175878	-466.292961
297	0.412898	75000	-1.173475	-467.466436
298	0.411429	75000	-1.171038	-468.637474
299	0.409963	75000	-1.168475	-469.805949
300	0.408501	75000	-1.165854	-470.971803
301	0.407041	75000	-1.163454	-472.135258
302	0.405585	75000	-1.160948	-473.296206
303	0.404132	75000	-1.158451	-474.454657
304	0.402682	75000	-1.156026	-475.610683
305	0.401235	75000	-1.153613	-476.764297
306	0.399791	75000	-1.151095	-477.915392
307	0.398350	75000	-1.148631	-479.064022
308	0.396913	75000	-1.146109	-480.210132
309	0.395478	75000	-1.143676	-481.353808
310	0.394047	75000	-1.141180	-482.494988
311	0.392619	75000	-1.138680	-483.633668
312	0.391194	75000	-1.136204	-484.769872
313	0.389772	75000	-1.133714	-485.903586
314	0.388353	75000	-1.131293	-487.034879
315	0.386937	75000	-1.128797	-488.163676
316	0.385524	75000	-1.126365	-489.290041
317	0.384115	75000	-1.123949	-490.413991
318	0.382708	75000	-1.121503	-491.535493
319	0.381305	75000	-1.119043	-492.654536
320	0.379904	75000	-1.116561	-493.771097
321	0.378507	75000	-1.114086	-494.885184
322	0.377113	75000	-1.111653	-495.996837
323	0.375722	75000	-1.109207	-497.106043
324	0.374334	75000	-1.106796	-498.212839
325	0.372949	75000	-1.104380	-499.317219
326	0.371567	75000	-1.101872	-500.419091
327	0.370189	75000	-1.099501	-501.518592
328	0.368813	75000	-1.097033	-502.615625
329	0.367440	75000	-1.094583	-503.710207
330	0.366071	75000	-1.092165	-504.802372
331	0.364705	75000	-1.089727	-505.892099
332	0.363341	75000	-1.087303	-506.979402
333	0.361981	75000	-1.084919	-508.064321
334	0.360624	75000	-1.082410	-509.146731
335	0.359269	75000	-1.080000	-510.226730
336	0.357918	75000	-1.077504	-511.304235
337	0.356570	75000	-1.075160	-512.379395
338	0.355225	75000	-1.072731	-513.452126
339	0.353883	75000	-1.070416	-514.522543
340	0.352544	75000	-1.067878	-515.590421
341	0.351208	75000	-1.065538	-516.655959
342	0.349875	75000	-1.063062	-517.719021
343	0.348546	75000	-1.060655	-518.779676
344	0.347219	75000	-1.058333	-519.838009
345	0.345895	75000	-1.055872	-520.893881
346	0.344574	75000	-1.053472	-521.947352
347	0.343257	75000	-1.051008	-522.998360
348	0.341942	75000	-1.048664	-524.047024
349	0.340630	75000	-1.046299	-525.093323
350	0.339322	75000	-1.043876	-526.137199
351	0.338016	75000	-1.041487	-527.178686
352	0.336714	75000	-1.039117	-528.217803
353	0.335414	75000	-1.036763	-529.254566
354	0.334118	75000	-1.034292	-530.288858
355	0.332824	75000	-1.031833	-531.320691
356	0.331534	75000	-1.029580	-532.350271
357	0.330246	75000	-1.027177	-533.377449
358	0.328962	75000	-1.024871	-534.402320
359	0.327680	75000	-1.022373	-535.424693
360	0.326401	75000	-1.020031	-536.444723
361	0.325126	75000	-1.017574	-537.462298
362	0.323853	75000	-1.015325	-538.477623
363	0.322584	75000	-1.012857	-539.490480
364	0.321317	75000	-1.010512	-540.500992
365	0.320054	75000	-1.008173	-541.509164
366	0.318793	75000	-1.005782	-542.514946
367	0.317536	75000	-1.003496	-543.518442
368	0.316281	75000	-1.001101	-544.519542
369	0.315030	75000	-0.998786	-545.518328
370	0.313781	75000	-0.996409	-546.514737
371	0.312535	75000	-0.993981	-547.508718
372	0.311293	75000	-0.991595	-548.500313
373	0.310053	75000	-0.989337	-549.489650
374	0.308816	75000	-0.987002	-550.476652
375	0.307582	75000	-0.984583	-551.461235
376	0.306352	75000	-0.982259	-552.443494
377	0.305124	75000	-0.979954	-553.423448
378	0.303899	75000	-0.977562	-554.401010
379	0.302677	75000	-0.975203	-555.376212
380	0.301458	75000	-0.972882	-556.349094
381	0.300242	75000	-0.970618	-557.319712
382	0.299029	75000	-0.968150	-558.287863
383	0.297819	75000	-0.965826	-559.253688
384	0.296611	75000	-0.963566	-560.217254
385	0.295407	75000	-0.961176	-561.178431
386	0.294206	75000	-0.958825	-562.137256
387	0.293007	75000	-0.956469	-563.093725
388	0.291812	75000	-0.954207	-564.047932
389	0.290619	75000	-0.951918	-564.999850
390	0.289430	75000	-0.949549	-565.949400
391	0.288243	75000	-0.947274	-566.896674
392	0.287059	75000	-0.944849	-567.841523
393	0.285879	75000	-0.942600	-568.784122
394	0.284701	75000	-0.940361	-569.724484
395	0.283526	75000	-0.938002	-570.662486
396	0.282354	75000	-0.935707	-571.598193
397	0.281184	75000	-0.933322	-572.531516
398	0.280018	75000	-0.931017	-573.462532
399	0.278855	75000	-0.928784	-574.391316
400	0.277694	75000	-0.926472	-575.317788
401	0.276537	75000	-0.924199	-576.241987
402	0.275382	75000	-0.921903	-577.163890
403	0.274230	75000	-0.919594	-578.083484
404	0.273082	75000	-0.917266	-579.000750
405	0.271936	75000	-0.915093	-579.915843
406	0.270793	75000	-0.912749	-580.828591
407	0.269652	75000	-0.910388	-581.738979
408	0.268515	75000	-0.908079	-582.647058
409	0.267381	75000	-0.905797	-583.552854
410	0.266249	75000	-0.903619	-584.456473
411	0.265121	75000	-0.901349	-585.357822
412	0.263995	75000	-0.898891	-586.256713
413	0.262872	75000	-0.896645	-587.153357
414	0.261752	75000	-0.894429	-588.047786
415	0.260635	75000	-0.892128	-588.939914
416	0.259520	75000	-0.889881	-589.829796
417	0.258409	75000	-0.887633	-590.717429
418	0.257300	75000	-0.885390	-591.602819
419	0.256195	75000	-0.883138	-592.485957
420	0.255092	75000	-0.880792	-593.366749
421	0.253992	75000	-0.878523	-594.245272
422	0.252895	75000	-0.876257	-595.121529
423	0.251800	75000	-0.874223	-595.995752
424	0.250709	75000	-0.871863	-596.867615
425	0.249620	75000	-0.869637	-597.737253
426	0.248534	75000	-0.867402	-598.604655
427	0.247451	75000	-0.865060	-599.469715
428	0.246371	75000	-0.862720	-600.332435
429	0.245294	75000	-0.860667	-601.193102
430	0.244220	75000	-0.858423	-602.051524
431	0.243148	75000	-0.856121	-602.907645
432	0.242079	75000	-0.853876	-603.761521
433	0.241013	75000	-0.851639	-604.613159
434	0.239950	75000	-0.849480	-605.462640
435	0.238890	75000	-0.847176	-606.309815
436	0.237832	75000	-0.844908	-607.154723
437	0.236778	75000	-0.842821	-607.997544
438	0.235726	75000	-0.840561	-608.838106
439	0.234677	75000	-0.838325	-609.676431
440	0.233630	75000	-0.836088	-610.512519
441	0.232587	75000	-0.833828	-611.346347
442	0.231546	75000	-0.831573	-612.177920
443	0.230509	75000	-0.829316	-613.007236
444	0.229473	75000	-0.827283	-613.834519
445	0.228441	75000	-0.825025	-614.659544
446	0.227412	75000	-0.822756	-615.482300
447	0.226385	75000	-0.820522	-616.302821
448	0.225361	75000	-0.818409	-617.121230
449	0.224340	75000	-0.816118	-617.937348
450	0.223322	75000	-0.813995	-618.751343
451	0.222306	75000	-0.811766	-619.563109
452	0.221293	75000	-0.809376	-620.372485
453	0.220283	75000	-0.807339	-621.179824
454	0.219276	75000	-0.805213	-621.985038
455	0.218272	75000	-0.802991	-622.788029
456	0.217270	75000	-0.800757	-623.588786
457	0.216271	75000	-0.798645	-624.387430
458	0.215275	75000	-0.796433	-625.183864
459	0.214281	75000	-0.794359	-625.978223
460	0.213291	75000	-0.792029	-626.770252
461	0.212303	75000	-0.789858	-627.560109
462	0.211318	75000	-0.787680	-628.347789
463	0.210335	75000	-0.785542	-629.133331
464	0.209356	75000	-0.783446	-629.916777
465	0.208379	75000	-0.781133	-630.697909
466	0.207404	75000	-0.779110	-631.477020
467	0.206433	75000	-0.776814	-632.253834
468	0.205464	75000	-0.774678	-633.028512
469	0.204498	75000	-0.772413	-633.800924
470	0.203535	75000	-0.770340	-634.571265
471	0.202575	75000	-0.768273	-635.339538
472	0.201617	75000	-0.766004	-636.105542
473	0.200662	75000	-0.763946	-636.869488
474	0.199709	75000	-0.761734	-637.631221
475	0.198760	75000	-0.759692	-638.390913
476	0.197813	75000	-0.757490	-639.148403
477	0.196869	75000	-0.755271	-639.903673
478	0.195927	75000	-0.753131	-640.656804
479	0.194988	75000	-0.750964	-641.407768
480	0.194052	75000	-0.748827	-642.156595
481	0.193119	75000	-0.746662	-642.903257
482	0.192188	75000	-0.744600	-643.647857
483	0.191260	75000	-0.742485	-644.390343
484	0.190335	75000	-0.740347	-645.130689
485	0.189412	75000	-0.738165	-645.868854
486	0.188492	75000	-0.735981	-646.604835
487	0.187575	75000	-0.733970	-647.338804
488	0.186660	75000	-0.731900	-648.070704
489	0.185749	75000	-0.729731	-648.800435
490	0.184839	75000	-0.727744	-649.528179
491	0.183933	75000	-0.725487	-650.253666
492	0.183029	75000	-0.723396	-650.977062
493	0.182128	75000	-0.721162	-651.698224
494	0.181229	75000	-0.719188	-652.417411
495	0.180333	75000	-0.717057	-653.134469
496	0.179440	75000	-0.715023	-653.849491
497	0.178550	75000	-0.712835	-654.562326
498	0.177662	75000	-0.710788	-655.273114
499	0.176777	75000	-0.708630	-655.981744
500	0.175894	75000	-0.706672	-656.688416
501	0.175014	75000	-0.704380	-657.392797
502	0.174137	75000	-0.702398	-658.095195
503	0.173262	75000	-0.700182	-658.795377
504	0.172390	75000	-0.698282	-659.493659
505	0.171521	75000	-0.696135	-660.189795
506	0.170654	75000	-0.694026	-660.883820
507	0.169790	75000	-0.691960	-661.575780
508	0.168929	75000	-0.689831	-662.265611
509	0.168070	75000	-0.687738	-662.953349
510	0.167214	75000	-0.685660	-663.639008
511	0.166360	75000	-0.683534	-664.322543
512	0.165509	75000	-0.681655	-665.004198
513	0.164661	75000	-0.679628	-665.683826
514	0.163815	75000	-0.677305	-666.361132
515	0.162972	75000	-0.675402	-667.036534
516	0.162132	75000	-0.673208	-667.709741
517	0.161294	75000	-0.671237	-668.380978
518	0.160458	75000	-0.669183	-669.050161
519	0.159626	75000	-0.667095	-669.717256
520	0.158796	75000	-0.665080	-670.382336
521	0.157968	75000	-0.663056	-671.045392
522	0.157143	75000	-0.660946	-671.706338
523	0.156321	75000	-0.658781	-672.365119
524	0.155501	75000	-0.656768	-673.021887
525	0.154684	75000	-0.654789	-673.676675
526	0.153870	75000	-0.652903	-674.329578
527	0.153058	75000	-0.650835	-674.980413
528	0.152248	75000	-0.648711	-675.629124
529	0.151441	75000	-0.646849	-676.275973
530	0.150637	75000	-0.644735	-676.920708
531	0.149835	75000	-0.642853	-677.563561
532	0.149036	75000	-0.640579	-678.204141
533	0.148240	75000	-0.638616	-678.842757
534	0.147446	75000	-0.636639	-679.479396
535	0.146654	75000	-0.634547	-680.113943
536	0.145865	75000	-0.632627	-680.746570
537	0.145079	75000	-0.630606	-681.377175
538	0.144295	75000	-0.628545	-682.005720
539	0.143514	75000	-0.626499	-682.632219
540	0.142735	75000	-0.624530	-683.256749
541	0.141959	75000	-0.622499	-683.879247
542	0.141186	75000	-0.620400	-684.499647
543	0.140415	75000	-0.618506	-685.118153
544	0.139646	75000	-0.616541	-685.734695
545	0.138880	75000	-0.614428	-686.349122
546	0.138116	75000	-0.612504	-686.961626
547	0.137356	75000	-0.610513	-687.572139
548	0.136597	75000	-0.608558	-688.180698
549	0.135841	75000	-0.606372	-688.787069
550	0.135088	75000	-0.604715	-689.391784
551	0.134337	75000	-0.602561	-689.994345
552	0.133588	75000	-0.600753	-690.595098
553	0.132843	75000	-0.598584	-691.193682
554	0.132099	75000	-0.596714	-691.790396
555	0.131358	75000	-0.594664	-692.385060
556	0.130620	75000	-0.592733	-692.977793
557	0.129884	75000	-0.590696	-693.568489
558	0.129151	75000	-0.588830	-694.157319
559	0.128420	75000	-0.586815	-694.744135
560	0.127691	75000	-0.584739	-695.328873
561	0.126965	75000	-0.582897	-695.911771
562	0.126242	75000	-0.580924	-696.492695
563	0.125521	75000	-0.579121	-697.071816
564	0.124802	75000	-0.576975	-697.648791
565	0.124086	75000	-0.575144	-698.223936
566	0.123373	75000	-0.573124	-698.797060
567	0.122662	75000	-0.571144	-699.368204
568	0.121953	75000	-0.569312	-699.937516
569	0.121247	75000	-0.567290	-700.504806
570	0.120543	75000	-0.565423	-701.070229
571	0.119842	75000	-0.563458	-701.633687
572	0.119143	75000	-0.561567	-702.195254
573	0.118447	75000	-0.559683	-702.754937
574	0.117753	75000	-0.557528	-703.312465
575	0.117062	75000	-0.555744	-703.868208
576	0.116373	75000	-0.553818	-704.422026
577	0.115686	75000	-0.551852	-704.973878
578	0.115002	75000	-0.550106	-705.523984
579	0.114320	75000	-0.547999	-706.071984
580	0.113641	75000	-0.546208	-706.618192
581	0.112964	75000	-0.544173	-707.162364
582	0.112290	75000	-0.542226	-707.704590
583	0.111618	75000	-0.540358	-708.244948
584	0.110948	75000	-0.538392	-708.783340
585	0.110281	75000	-0.536562	-709.319902
586	0.109616	75000	-0.534500	-709.854402
587	0.108954	75000	-0.532836	-710.387238
588	0.108294	75000	-0.530765	-710.918003
589	0.107637	75000	-0.528948	-711.446951
590	0.106981	75000	-0.526989	-711.973940
591	0.106329	75000	-0.525299	-712.499239
592	0.105678	75000	-0.523276	-713.022515
593	0.105030	75000	-0.521384	-713.543899
594	0.104385	75000	-0.519612	-714.063511
595	0.103742	75000	-0.517542	-714.581053
596	0.103101	75000	-0.515807	-715.096860
597	0.102463	75000	-0.513902	-715.610762
598	0.101827	75000	-0.512091	-716.122853
599	0.101193	75000	-0.510214	-716.633067
600	0.100562	75000	-0.508146	-717.141212
601	0.099933	75000	-0.506543	-717.647756
602	0.099306	75000	-0.504627	-718.152383
603	0.098682	75000	-0.502710	-718.655093
604	0.098060	75000	-0.500806	-719.155899
605	0.097441	75000	-0.499095	-719.654993
606	0.096824	75000	-0.497221	-720.152215
607	0.096209	75000	-0.495376	-720.647591
608	0.095596	75000	-0.493477	-721.141068
609	0.094986	75000	-0.491695	-721.632763
610	0.094379	75000	-0.489839	-722.122602
611	0.093773	75000	-0.488032	-722.610634
612	0.093170	75000	-0.486212	-723.096846
613	0.092570	75000	-0.484253	-723.581098
614	0.091971	75000	-0.482469	-724.063567
615	0.091375	75000	-0.480747	-724.544314
616	0.090781	75000	-0.478757	-725.023071
617	0.090190	75000	-0.476968	-725.500039
618	0.089601	75000	-0.475145	-725.975184
619	0.089014	75000	-0.473302	-726.448486
620	0.088430	75000	-0.471434	-726.919920
621	0.087848	75000	-0.469725	-727.389645
622	0.087268	75000	-0.467955	-727.857600
623	0.086690	75000	-0.466077	-728.323678
624	0.086115	75000	-0.464319	-728.787996
625	0.085542	75000	-0.462662	-729.250659
626	0.084971	75000	-0.460630	-729.711289
627	0.084403	75000	-0.458840	-730.170129
628	0.083837	75000	-0.457222	-730.627350
629	0.083273	75000	-0.455335	-731.082685
630	0.082712	75000	-0.453587	-731.536272
631	0.082152	75000	-0.451802	-731.988074
632	0.081595	75000	-0.449856	-732.437931
633	0.081041	75000	-0.448084	-732.886015
634	0.080488	75000	-0.446463	-733.332478
635	0.079938	75000	-0.444523	-733.777001
636	0.079390	75000	-0.443155	-734.220155
637	0.078845	75000	-0.441128	-734.661283
638	0.078301	75000	-0.439296	-735.100579
639	0.077760	75000	-0.437505	-735.538084
640	0.077221	75000	-0.435676	-735.973759
641	0.076684	75000	-0.434029	-736.407788
642	0.076150	75000	-0.432290	-736.840078
643	0.075618	75000	-0.430310	-737.270388
644	0.075088	75000	-0.428566	-737.698954
645	0.074560	75000	-0.426891	-738.125845
646	0.074035	75000	-0.425245	-738.551090
647	0.073512	75000	-0.423541	-738.974630
648	0.072991	75000	-0.421857	-739.396487
649	0.072472	75000	-0.420105	-739.816592
650	0.071955	75000	-0.418408	-740.235000
651	0.071441	75000	-0.416622	-740.651622
652	0.070929	75000	-0.414847	-741.066470
653	0.070419	75000	-0.413175	-741.479645
654	0.069911	75000	-0.411389	-741.891034
655	0.069406	75000	-0.409633	-742.300667
656	0.068903	75000	-0.407981	-742.708648
657	0.068401	75000	-0.406218	-743.114866
658	0.067903	75000	-0.404506	-743.519372
659	0.067406	75000	-0.403010	-743.922382
660	0.066911	75000	-0.400923	-744.323305
661	0.066419	75000	-0.399491	-744.722796
662	0.065929	75000	-0.397600	-745.120396
663	0.065441	75000	-0.396103	-745.516500
664	0.064955	75000	-0.394226	-745.910726
665	0.064471	75000	-0.392533	-746.303259
666	0.063990	75000	-0.391081	-746.694340
667	0.063510	75000	-0.389370	-747.083709
668	0.063033	75000	-0.387834	-747.471544
669	0.062558	75000	-0.385933	-747.857477
670	0.062085	75000	-0.384151	-748.241627
671	0.061615	75000	-0.382559	-748.624187
672	0.061146	75000	-0.380833	-749.005020
673	0.060680	75000	-0.379054	-749.384074
674	0.060216	75000	-0.377431	-749.761505
675	0.059753	75000	-0.375739	-750.137243
676	0.059293	75000	-0.374166	-750.511409
677	0.058836	75000	-0.372634	-750.884043
678	0.058380	75000	-0.370964	-751.255008
679	0.057926	75000	-0.369186	-751.624194
680	0.057475	75000	-0.367531	-751.991725
681	0.057025	75000	-0.365956	-752.357681
682	0.056578	75000	-0.364251	-752.721932
683	0.056133	75000	-0.362768	-753.084700
684	0.055690	75000	-0.360899	-753.445599
685	0.055249	75000	-0.359282	-753.804881
686	0.054810	75000	-0.357634	-754.162515
687	0.054373	75000	-0.356132	-754.518646
688	0.053939	75000	-0.354587	-754.873234
689	0.053506	75000	-0.352898	-755.226132
690	0.053076	75000	-0.351179	-755.577310
691	0.052647	75000	-0.349707	-755.927018
692	0.052221	75000	-0.347908	-756.274925
693	0.051797	75000	-0.346473	-756.621399
694	0.051375	75000	-0.344717	-756.966116
695	0.050955	75000	-0.343210	-757.309326
696	0.050537	75000	-0.341556	-757.650882
697	0.050121	75000	-0.339982	-757.990864
698	0.049707	75000	-0.338277	-758.329141
699	0.049295	75000	-0.336732	-758.665873
700	0.048885	75000	-0.335082	-759.000954
701	0.048478	75000	-0.333449	-759.334403
702	0.048072	75000	-0.332012	-759.666416
703	0.047668	75000	-0.330421	-759.996837
704	0.047267	75000	-0.328943	-760.325780
705	0.046867	75000	-0.327081	-760.652861
706	0.046470	75000	-0.325821	-760.978682
707	0.046074	75000	-0.323924	-761.302607
708	0.045681	75000	-0.322630	-761.625236
709	0.045289	75000	-0.321051	-761.946288
710	0.044900	75000	-0.319573	-762.265861
711	0.044512	75000	-0.317899	-762.583760
712	0.044127	75000	-0.316402	-762.900162
713	0.043744	75000	-0.314838	-763.215000
714	0.043362	75000	-0.313278	-763.528278
715	0.042983	75000	-0.311928	-763.840206
716	0.042606	75000	-0.309937	-764.150143
717	0.042230	75000	-0.308520	-764.458663
718	0.041857	75000	-0.307030	-764.765692
719	0.041485	75000	-0.305686	-765.071378
720	0.041116	75000	-0.304304	-765.375683
721	0.040749	75000	-0.302587	-765.678269
722	0.040383	75000	-0.300930	-765.979199
723	0.040020	75000	-0.299443	-766.278642
724	0.039658	75000	-0.297961	-766.576603
725	0.039299	75000	-0.296339	-766.872942
726	0.038941	75000	-0.295059	-767.168001
727	0.038585	75000	-0.293181	-767.461182
728	0.038232	75000	-0.292179	-767.753361
729	0.037880	75000	-0.290818	-768.044180
730	0.037530	75000	-0.289069	-768.333249
731	0.037182	75000	-0.287422	-768.620671
732	0.036836	75000	-0.286014	-768.906685
733	0.036493	75000	-0.284404	-769.191088
734	0.036151	75000	-0.283088	-769.474176
735	0.035810	75000	-0.281876	-769.756052
736	0.035472	75000	-0.280238	-770.036290
737	0.035136	75000	-0.278553	-770.314843
738	0.034802	75000	-0.277289	-770.592132
739	0.034469	75000	-0.275635	-770.867767
740	0.034139	75000	-0.274249	-771.142017
741	0.033810	75000	-0.272767	-771.414783
742	0.033484	75000	-0.271229	-771.686013
743	0.033159	75000	-0.269947	-771.955959
744	0.032836	75000	-0.268525	-772.224484
745	0.032515	75000	-0.267188	-772.491672
746	0.032196	75000	-0.265574	-772.757246
747	0.031879	75000	-0.264342	-773.021588
748	0.031563	75000	-0.262660	-773.284248
749	0.031250	75000	-0.261420	-773.545668
750	0.030938	75000	-0.260038	-773.805706
751	0.030629	75000	-0.258890	-774.064596
752	0.030321	75000	-0.257390	-774.321986
753	0.030015	75000	-0.256003	-774.577989
754	0.029711	75000	-0.254457	-774.832447
755	0.029409	75000	-0.252856	-775.085303
756	0.029108	75000	-0.251703	-775.337006
757	0.028810	75000	-0.250338	-775.587345
758	0.028513	75000	-0.248747	-775.836092
759	0.028218	75000	-0.247349	-776.083441
760	0.027925	75000	-0.246176	-776.329617
761	0.027634	75000	-0.245028	-776.574645
762	0.027345	75000	-0.243316	-776.817961
763	0.027057	75000	-0.242219	-777.060179
764	0.026771	75000	-0.240510	-777.300689
765	0.026487	75000	-0.239282	-777.539972
766	0.026205	75000	-0.237649	-777.777621
767	0.025925	75000	-0.236755	-778.014376
768	0.025647	75000	-0.235669	-778.250045
769	0.025370	75000	-0.234098	-778.484144
770	0.025095	75000	-0.232663	-778.716807
771	0.024822	75000	-0.231219	-778.948025
772	0.024551	75000	-0.230445	-779.178470
773	0.024281	75000	-0.228959	-779.407430
774	0.024014	75000	-0.227559	-779.634988
775	0.023748	75000	-0.226213	-779.861201
776	0.023483	75000	-0.224951	-780.086152
777	0.023221	75000	-0.223513	-780.309665
778	0.022960	75000	-0.222552	-780.532217
779	0.022702	75000	-0.220927	-780.753144
780	0.022445	75000	-0.219569	-780.972713
781	0.022189	75000	-0.218434	-781.191147
782	0.021936	75000	-0.217300	-781.408447
783	0.021684	75000	-0.215642	-781.624088
784	0.021434	75000	-0.214558	-781.838646
785	0.021185	75000	-0.213678	-782.052324
786	0.020939	75000	-0.212069	-782.264392
787	0.020694	75000	-0.211016	-782.475408
788	0.020451	75000	-0.209897	-782.685305
789	0.020209	75000	-0.208689	-782.893994
790	0.019969	75000	-0.207741	-783.101736
791	0.019731	75000	-0.205902	-783.307637
792	0.019495	75000	-0.205159	-783.512796
793	0.019261	75000	-0.203959	-783.716755
794	0.019028	75000	-0.202726	-783.919480
795	0.018796	75000	-0.200879	-784.120359
796	0.018567	75000	-0.200198	-784.320557
797	0.018339	75000	-0.198845	-784.519402
798	0.018113	75000	-0.198065	-784.717467
799	0.017889	75000	-0.196931	-784.914398
800	0.017666	75000	-0.195656	-785.110054
801	0.017445	75000	-0.194862	-785.304916
802	0.017225	75000	-0.193880	-785.498797
803	0.017007	75000	-0.192053	-785.690849
804	0.016791	75000	-0.191537	-785.882387
805	0.016577	75000	-0.190207	-786.072594
806	0.016364	75000	-0.189018	-786.261611
807	0.016153	75000	-0.187968	-786.449579
808	0.015943	75000	-0.187067	-786.636646
809	0.015736	75000	-0.185623	-786.822269
810	0.015529	75000	-0.185117	-787.007387
811	0.015325	75000	-0.183389	-787.190776
812	0.015122	75000	-0.183229	-787.374004
813	0.014920	75000	-0.181877	-787.555882
814	0.014721	75000	-0.181116	-787.736998
815	0.014523	75000	-0.179242	-787.916240
816	0.014326	75000	-0.178132	-788.094371
817	0.014131	75000	-0.177550	-788.271922
818	0.013938	75000	-0.176288	-788.448210
819	0.013746	75000	-0.175580	-788.623790
820	0.013556	75000	-0.175213	-788.799004
821	0.013367	75000	-0.173623	-788.972626
822	0.013181	75000	-0.173367	-789.145993
823	0.012995	75000	-0.171594	-789.317587
824	0.012811	75000	-0.171265	-789.488852
825	0.012629	75000	-0.170342	-789.659194
826	0.012448	75000	-0.169880	-789.829074
827	0.012269	75000	-0.168498	-789.997572
828	0.012092	75000	-0.167741	-790.165313
829	0.011916	75000	-0.166343	-790.331656
830	0.011741	75000	-0.165478	-790.497134
831	0.011568	75000	-0.164893	-790.662027
832	0.011397	75000	-0.164344	-790.826371
833	0.011227	75000	-0.163758	-790.990128
834	0.011059	75000	-0.163529	-791.153657
835	0.010892	75000	-0.162767	-791.316425
836	0.010727	75000	-0.161622	-791.478046
837	0.010563	75000	-0.161087	-791.639134
838	0.010401	75000	-0.160420	-791.799554
839	0.010240	75000	-0.159555	-791.959109
840	0.010081	75000	-0.159756	-792.118865
841	0.009923	75000	-0.157572	-792.276437
842	0.009767	75000	-0.157541	-792.433977
843	0.009612	75000	-0.156551	-792.590528
844	0.009459	75000	-0.156534	-792.747062
845	0.009307	75000	-0.155589	-792.902651
846	0.009156	75000	-0.155840	-793.058491
847	0.009008	75000	-0.155211	-793.213702
848	0.008860	75000	-0.154114	-793.367817
849	0.008714	75000	-0.153119	-793.520936
850	0.008570	75000	-0.152787	-793.673722
851	0.008427	75000	-0.151728	-793.825450
852	0.008285	75000	-0.149795	-793.975245
853	0.008145	75000	-0.151833	-794.127077
854	0.008006	75000	-0.151439	-794.278517
855	0.007869	75000	-0.149883	-794.428400
856	0.007733	75000	-0.150435	-794.578834
857	0.007598	75000	-0.149505	-794.728339
858	0.007465	75000	-0.148953	-794.877292
859	0.007334	75000	-0.148847	-795.026139
860	0.007203	75000	-0.148283	-795.174422
861	0.007075	75000	-0.148295	-795.322717
862	0.006947	75000	-0.148307	-795.471024
863	0.006821	75000	-0.146174	-795.617198
864	0.006696	75000	-0.147312	-795.764510
865	0.006573	75000	-0.145587	-795.910097
866	0.006451	75000	-0.145589	-796.055686
867	0.006330	75000	-0.144819	-796.200506
868	0.006211	75000	-0.145161	-796.345667
869	0.006093	75000	-0.144164	-796.489831
870	0.005977	75000	-0.143102	-796.632933
871	0.005862	75000	-0.143554	-796.776487
872	0.005748	75000	-0.142751	-796.919237
873	0.005635	75000	-0.142108	-797.061345
874	0.005524	75000	-0.141467	-797.202812
875	0.005414	75000	-0.141908	-797.344720
876	0.005306	75000	-0.140499	-797.485219
877	0.005199	75000	-0.140579	-797.625797
878	0.005093	75000	-0.139322	-797.765119
879	0.004988	75000	-0.138763	-797.903882
880	0.004885	75000	-0.138633	-798.042515
881	0.004783	75000	-0.137785	-798.180300
882	0.004682	75000	-0.135980	-798.316280
883	0.004583	75000	-0.136199	-798.452479
884	0.004485	75000	-0.135161	-798.587640
885	0.004388	75000	-0.135584	-798.723224
886	0.004292	75000	-0.134263	-798.857487
887	0.004198	75000	-0.133119	-798.990606
888	0.004105	75000	-0.132832	-799.123438
889	0.004013	75000	-0.131023	-799.254462
890	0.003923	75000	-0.130582	-799.385044
891	0.003833	75000	-0.129667	-799.514712
892	0.003745	75000	-0.128143	-799.642855
893	0.003658	75000	-0.128245	-799.771099
894	0.003573	75000	-0.126707	-799.897806
895	0.003488	75000	-0.125578	-800.023384
896	0.003405	75000	-0.123683	-800.147066
897	0.003323	75000	-0.123613	-800.270680
898	0.003242	75000	-0.122026	-800.392706
899	0.003162	75000	-0.121688	-800.514395
900	0.003084	75000	-0.121152	-800.635546
901	0.003007	75000	-0.119852	-800.755398
902	0.002930	75000	-0.117995	-800.873393
903	0.002855	75000	-0.117185	-800.990578
904	0.002782	75000	-0.115973	-801.106551
905	0.002709	75000	-0.114992	-801.221543
906	0.002638	75000	-0.113013	-801.334556
907	0.002567	75000	-0.111999	-801.446555
908	0.002498	75000	-0.110703	-801.557258
909	0.002430	75000	-0.109523	-801.666781
910	0.002363	75000	-0.107499	-801.774281
911	0.002297	75000	-0.106644	-801.880924
912	0.002233	75000	-0.105382	-801.986306
913	0.002169	75000	-0.104455	-802.090760
914	0.002106	75000	-0.102200	-802.192961
915	0.002045	75000	-0.101904	-802.294865
916	0.001985	75000	-0.099787	-802.394652
917	0.001925	75000	-0.098037	-802.492689
918	0.001867	75000	-0.096895	-802.589583
919	0.001810	75000	-0.095913	-802.685496
920	0.001754	75000	-0.094045	-802.779541
921	0.001699	75000	-0.092460	-802.872001
922	0.001645	75000	-0.090924	-802.962925
923	0.001592	75000	-0.089352	-803.052277
924	0.001540	75000	-0.088468	-803.140745
925	0.001490	75000	-0.087052	-803.227797
926	0.001440	75000	-0.085342	-803.313138
927	0.001391	75000	-0.083737	-803.396876
928	0.001343	75000	-0.082082	-803.478958
929	0.001296	75000	-0.080542	-803.559500
930	0.001251	75000	-0.079553	-803.639053
931	0.001206	75000	-0.077943	-803.716996
932	0.001162	75000	-0.076380	-803.793376
933	0.001119	75000	-0.074373	-803.867749
934	0.001077	75000	-0.073439	-803.941189
935	0.001036	75000	-0.071818	-804.013006
936	0.000996	75000	-0.070652	-804.083658
937	0.000957	75000	-0.068746	-804.152404
938	0.000919	75000	-0.067236	-804.219639
939	0.000882	75000	-0.065692	-804.285331
940	0.000846	75000	-0.064055	-804.349386
941	0.000810	75000	-0.062800	-804.412186
942	0.000776	75000	-0.061118	-804.473304
943	0.000742	75000	-0.059766	-804.533071
944	0.000709	75000	-0.058207	-804.591278
945	0.000678	75000	-0.056825	-804.648103
946	0.000647	75000	-0.055322	-804.703424
947	0.000617	75000	-0.053700	-804.757124
948	0.000587	75000	-0.052379	-804.809503
949	0.000559	75000	-0.050887	-804.860390
950	0.000531	75000	-0.049565	-804.909955
951	0.000505	75000	-0.047957	-804.957912
952	0.000479	75000	-0.046677	-805.004589
953	0.000454	75000	-0.045365	-805.049954
954	0.000430	75000	-0.043744	-805.093698
955	0.000406	75000	-0.042332	-805.136030
956	0.000383	75000	-0.041045	-805.177075
957	0.000362	75000	-0.039598	-805.216673
958	0.000340	75000	-0.038330	-805.255004
959	0.000320	75000	-0.037052	-805.292056
960	0.000300	75000	-0.035560	-805.327616
961	0.000281	75000	-0.034256	-805.361872
962	0.000263	75000	-0.033072	-805.394944
963	0.000246	75000	-0.031777	-805.426721
964	0.000229	75000	-0.030388	-805.457109
965	0.000213	75000	-0.029188	-805.486297
966	0.000198	75000	-0.027984	-805.514281
967	0.000183	75000	-0.026802	-805.541082
968	0.000169	75000	-0.025474	-805.566556
969	0.000156	75000	-0.024393	-805.590949
970	0.000143	75000	-0.023192	-805.614142
971	0.000131	75000	-0.021970	-805.636111
972	0.000120	75000	-0.020829	-805.656940
973	0.000109	75000	-0.019730	-805.676670
974	0.000099	75000	-0.018676	-805.695347
975	0.000089	75000	-0.017603	-805.712950
976	0.000080	75000	-0.016530	-805.729480
977	0.000072	75000	-0.015521	-805.745001
978	0.000064	75000	-0.014433	-805.759434
979	0.000057	75000	-0.013426	-805.772860
980	0.000050	75000	-0.012489	-805.785349
981	0.000043	75000	-0.011540	-805.796889
982	0.000038	75000	-0.010631	-805.807520
983	0.000032	75000	-0.009694	-805.817214
984	0.000028	75000	-0.008868	-805.826082
985	0.000023	75000	-0.008018	-805.834100
986	0.000019	75000	-0.007220	-805.841320
987	0.000016	75000	-0.006440	-805.847760
988	0.000013	75000	-0.005672	-805.853432
989	0.000010	75000	-0.004949	-805.858381
990	0.000008	75000	-0.004253	-805.862635
991	0.000006	75000	-0.003597	-805.866232
992	0.000004	75000	-0.002992	-805.869224
993	0.000003	75000	-0.002416	-805.871640
994	0.000002	75000	-0.001878	-805.873519
995	0.000001	75000	-0.001390	-805.874908
996	0.000000	75000	-0.000953	-805.875861
997	0.000000	75000	-0.000579	-805.876440
998	0.000000	75000	-0.000271	-805.876711
999	0.000000	75000	-0.000058	-805.876769
Log marginal likelihood:	-805.876769
