Steppingstone sampler:
        No Stones:                  1000
        Start It:                   10000001
        It Per Stone:               100000
        Sample Freq:                1
        Dist:                       Beta(0.400000,1.000000)
Stone No	Power	N	Stone MLh	Running MLh
0	0.997502	75000	-0.351637	-0.351637
1	0.995007	75000	-0.351128	-0.702765
2	0.992517	75000	-0.350572	-1.053337
3	0.990030	75000	-0.350060	-1.403396
4	0.987547	75000	-0.349521	-1.752917
5	0.985067	75000	-0.348986	-2.101903
6	0.982592	75000	-0.348495	-2.450398
7	0.980120	75000	-0.347895	-2.798293
8	0.977652	75000	-0.347417	-3.145711
9	0.975187	75000	-0.346892	-3.492603
10	0.972726	75000	-0.346446	-3.839049
11	0.970269	75000	-0.345895	-4.184944
12	0.967816	75000	-0.345382	-4.530327
13	0.965367	75000	-0.344924	-4.875251
14	0.962921	75000	-0.344332	-5.219583
15	0.960479	75000	-0.343853	-5.563436
16	0.958040	75000	-0.343268	-5.906704
17	0.955606	75000	-0.342773	-6.249477
18	0.953175	75000	-0.342316	-6.591793
19	0.950747	75000	-0.341740	-6.933533
20	0.948324	75000	-0.341228	-7.274760
21	0.945904	75000	-0.340720	-7.615480
22	0.943488	75000	-0.340190	-7.955671
23	0.941076	75000	-0.339673	-8.295344
24	0.938667	75000	-0.339178	-8.634521
25	0.936262	75000	-0.338692	-8.973214
26	0.933861	75000	-0.338135	-9.311349
27	0.931463	75000	-0.337604	-9.648954
28	0.929069	75000	-0.337038	-9.985991
29	0.926679	75000	-0.336552	-10.322544
30	0.924293	75000	-0.336102	-10.658645
31	0.921910	75000	-0.335556	-10.994201
32	0.919531	75000	-0.335050	-11.329252
33	0.917155	75000	-0.334593	-11.663845
34	0.914783	75000	-0.334063	-11.997907
35	0.912415	75000	-0.333501	-12.331408
36	0.910051	75000	-0.333061	-12.664469
37	0.907690	75000	-0.332494	-12.996963
38	0.905333	75000	-0.331946	-13.328909
39	0.902980	75000	-0.331448	-13.660357
40	0.900630	75000	-0.330971	-13.991328
41	0.898284	75000	-0.330454	-14.321782
42	0.895942	75000	-0.329876	-14.651658
43	0.893603	75000	-0.329457	-14.981115
44	0.891268	75000	-0.328930	-15.310045
45	0.888937	75000	-0.328454	-15.638499
46	0.886609	75000	-0.327910	-15.966409
47	0.884285	75000	-0.327423	-16.293832
48	0.881965	75000	-0.326946	-16.620777
49	0.879648	75000	-0.326440	-16.947217
50	0.877335	75000	-0.325917	-17.273134
51	0.875026	75000	-0.325360	-17.598494
52	0.872720	75000	-0.324859	-17.923353
53	0.870418	75000	-0.324323	-18.247676
54	0.868120	75000	-0.323840	-18.571516
55	0.865825	75000	-0.323316	-18.894832
56	0.863534	75000	-0.322831	-19.217663
57	0.861246	75000	-0.322300	-19.539963
58	0.858962	75000	-0.321834	-19.861797
59	0.856682	75000	-0.321286	-20.183084
60	0.854405	75000	-0.320740	-20.503824
61	0.852132	75000	-0.320235	-20.824059
62	0.849863	75000	-0.319789	-21.143848
63	0.847597	75000	-0.319270	-21.463118
64	0.845335	75000	-0.318719	-21.781838
65	0.843077	75000	-0.318287	-22.100124
66	0.840822	75000	-0.317812	-22.417937
67	0.838571	75000	-0.317228	-22.735165
68	0.836323	75000	-0.316782	-23.051947
69	0.834079	75000	-0.316259	-23.368206
70	0.831839	75000	-0.315748	-23.683954
71	0.829602	75000	-0.315274	-23.999228
72	0.827369	75000	-0.314766	-24.313994
73	0.825140	75000	-0.314259	-24.628253
74	0.822914	75000	-0.313701	-24.941954
75	0.820691	75000	-0.313288	-25.255242
76	0.818473	75000	-0.312732	-25.567974
77	0.816258	75000	-0.312308	-25.880283
78	0.814046	75000	-0.311783	-26.192066
79	0.811838	75000	-0.311194	-26.503259
80	0.809634	75000	-0.310778	-26.814037
81	0.807433	75000	-0.310267	-27.124304
82	0.805236	75000	-0.309747	-27.434051
83	0.803043	75000	-0.309216	-27.743267
84	0.800853	75000	-0.308758	-28.052024
85	0.798667	75000	-0.308256	-28.360281
86	0.796484	75000	-0.307758	-28.668039
87	0.794305	75000	-0.307299	-28.975338
88	0.792129	75000	-0.306741	-29.282079
89	0.789957	75000	-0.306231	-29.588310
90	0.787789	75000	-0.305769	-29.894079
91	0.785624	75000	-0.305355	-30.199434
92	0.783463	75000	-0.304758	-30.504191
93	0.781305	75000	-0.304298	-30.808489
94	0.779151	75000	-0.303776	-31.112266
95	0.777000	75000	-0.303302	-31.415567
96	0.774853	75000	-0.302797	-31.718364
97	0.772710	75000	-0.302301	-32.020664
98	0.770570	75000	-0.301818	-32.322483
99	0.768433	75000	-0.301296	-32.623778
100	0.766301	75000	-0.300843	-32.924622
101	0.764172	75000	-0.300419	-33.225041
102	0.762046	75000	-0.299850	-33.524891
103	0.759924	75000	-0.299327	-33.824218
104	0.757805	75000	-0.298916	-34.123134
105	0.755690	75000	-0.298370	-34.421504
106	0.753579	75000	-0.297843	-34.719347
107	0.751471	75000	-0.297393	-35.016739
108	0.749366	75000	-0.296893	-35.313632
109	0.747266	75000	-0.296410	-35.610042
110	0.745168	75000	-0.295909	-35.905951
111	0.743075	75000	-0.295360	-36.201311
112	0.740984	75000	-0.294928	-36.496239
113	0.738898	75000	-0.294446	-36.790684
114	0.736815	75000	-0.293979	-37.084663
115	0.734735	75000	-0.293410	-37.378073
116	0.732659	75000	-0.292965	-37.671039
117	0.730586	75000	-0.292510	-37.963549
118	0.728517	75000	-0.291963	-38.255512
119	0.726452	75000	-0.291503	-38.547015
120	0.724390	75000	-0.290979	-38.837994
121	0.722331	75000	-0.290495	-39.128488
122	0.720276	75000	-0.290055	-39.418544
123	0.718225	75000	-0.289581	-39.708125
124	0.716177	75000	-0.289062	-39.997187
125	0.714132	75000	-0.288556	-40.285743
126	0.712091	75000	-0.288071	-40.573814
127	0.710054	75000	-0.287647	-40.861461
128	0.708020	75000	-0.287087	-41.148547
129	0.705989	75000	-0.286566	-41.435114
130	0.703962	75000	-0.286166	-41.721279
131	0.701939	75000	-0.285642	-42.006921
132	0.699919	75000	-0.285161	-42.292082
133	0.697902	75000	-0.284693	-42.576775
134	0.695889	75000	-0.284239	-42.861014
135	0.693880	75000	-0.283694	-43.144709
136	0.691874	75000	-0.283210	-43.427919
137	0.689871	75000	-0.282813	-43.710732
138	0.687872	75000	-0.282202	-43.992934
139	0.685877	75000	-0.281766	-44.274700
140	0.683885	75000	-0.281264	-44.555964
141	0.681896	75000	-0.280829	-44.836793
142	0.679911	75000	-0.280359	-45.117153
143	0.677929	75000	-0.279879	-45.397032
144	0.675951	75000	-0.279417	-45.676449
145	0.673976	75000	-0.278879	-45.955327
146	0.672005	75000	-0.278423	-46.233751
147	0.670037	75000	-0.277922	-46.511672
148	0.668073	75000	-0.277459	-46.789132
149	0.666112	75000	-0.276917	-47.066049
150	0.664155	75000	-0.276499	-47.342548
151	0.662201	75000	-0.276026	-47.618574
152	0.660250	75000	-0.275509	-47.894083
153	0.658303	75000	-0.275080	-48.169164
154	0.656359	75000	-0.274596	-48.443760
155	0.654419	75000	-0.274037	-48.717797
156	0.652483	75000	-0.273660	-48.991456
157	0.650549	75000	-0.273168	-49.264625
158	0.648619	75000	-0.272615	-49.537239
159	0.646693	75000	-0.272218	-49.809457
160	0.644770	75000	-0.271758	-50.081216
161	0.642851	75000	-0.271170	-50.352385
162	0.640934	75000	-0.270725	-50.623111
163	0.639022	75000	-0.270273	-50.893384
164	0.637113	75000	-0.269871	-51.163255
165	0.635207	75000	-0.269299	-51.432554
166	0.633304	75000	-0.268839	-51.701393
167	0.631405	75000	-0.268389	-51.969781
168	0.629510	75000	-0.267937	-52.237718
169	0.627618	75000	-0.267490	-52.505208
170	0.625729	75000	-0.267036	-52.772243
171	0.623844	75000	-0.266493	-53.038737
172	0.621962	75000	-0.266180	-53.304917
173	0.620083	75000	-0.265588	-53.570505
174	0.618208	75000	-0.265091	-53.835596
175	0.616337	75000	-0.264616	-54.100213
176	0.614468	75000	-0.264124	-54.364336
177	0.612604	75000	-0.263657	-54.627993
178	0.610742	75000	-0.263240	-54.891233
179	0.608884	75000	-0.262690	-55.153924
180	0.607029	75000	-0.262200	-55.416123
181	0.605178	75000	-0.261735	-55.677859
182	0.603330	75000	-0.261263	-55.939122
183	0.601486	75000	-0.260851	-56.199973
184	0.599645	75000	-0.260442	-56.460414
185	0.597807	75000	-0.259934	-56.720348
186	0.595973	75000	-0.259448	-56.979796
187	0.594142	75000	-0.258973	-57.238769
188	0.592314	75000	-0.258498	-57.497267
189	0.590490	75000	-0.258014	-57.755281
190	0.588669	75000	-0.257531	-58.012811
191	0.586852	75000	-0.257136	-58.269947
192	0.585038	75000	-0.256606	-58.526553
193	0.583227	75000	-0.256093	-58.782646
194	0.581420	75000	-0.255746	-59.038392
195	0.579616	75000	-0.255244	-59.293637
196	0.577815	75000	-0.254742	-59.548379
197	0.576018	75000	-0.254334	-59.802713
198	0.574224	75000	-0.253903	-60.056616
199	0.572433	75000	-0.253387	-60.310003
200	0.570646	75000	-0.252880	-60.562883
201	0.568862	75000	-0.252385	-60.815268
202	0.567082	75000	-0.252023	-61.067292
203	0.565305	75000	-0.251500	-61.318792
204	0.563531	75000	-0.251072	-61.569865
205	0.561761	75000	-0.250512	-61.820377
206	0.559993	75000	-0.250198	-62.070575
207	0.558230	75000	-0.249593	-62.320168
208	0.556469	75000	-0.249258	-62.569426
209	0.554712	75000	-0.248708	-62.818134
210	0.552958	75000	-0.248278	-63.066412
211	0.551208	75000	-0.247758	-63.314171
212	0.549461	75000	-0.247391	-63.561561
213	0.547717	75000	-0.246810	-63.808372
214	0.545977	75000	-0.246366	-64.054738
215	0.544240	75000	-0.245951	-64.300689
216	0.542506	75000	-0.245520	-64.546209
217	0.540775	75000	-0.245108	-64.791318
218	0.539048	75000	-0.244588	-65.035905
219	0.537324	75000	-0.244206	-65.280112
220	0.535604	75000	-0.243690	-65.523802
221	0.533887	75000	-0.243298	-65.767099
222	0.532173	75000	-0.242763	-66.009862
223	0.530462	75000	-0.242343	-66.252205
224	0.528755	75000	-0.241820	-66.494025
225	0.527051	75000	-0.241371	-66.735396
226	0.525350	75000	-0.240850	-66.976246
227	0.523653	75000	-0.240519	-67.216765
228	0.521958	75000	-0.239998	-67.456763
229	0.520268	75000	-0.239579	-67.696342
230	0.518580	75000	-0.239013	-67.935355
231	0.516896	75000	-0.238713	-68.174068
232	0.515215	75000	-0.238242	-68.412310
233	0.513537	75000	-0.237668	-68.649979
234	0.511863	75000	-0.237303	-68.887282
235	0.510192	75000	-0.236871	-69.124152
236	0.508524	75000	-0.236425	-69.360578
237	0.506859	75000	-0.235970	-69.596547
238	0.505198	75000	-0.235501	-69.832048
239	0.503540	75000	-0.235031	-70.067079
240	0.501885	75000	-0.234591	-70.301670
241	0.500234	75000	-0.234159	-70.535828
242	0.498586	75000	-0.233647	-70.769476
243	0.496941	75000	-0.233204	-71.002680
244	0.495299	75000	-0.232805	-71.235485
245	0.493660	75000	-0.232356	-71.467841
246	0.492025	75000	-0.231885	-71.699726
247	0.490393	75000	-0.231434	-71.931160
248	0.488765	75000	-0.230896	-72.162056
249	0.487139	75000	-0.230501	-72.392557
250	0.485517	75000	-0.229981	-72.622538
251	0.483898	75000	-0.229627	-72.852164
252	0.482283	75000	-0.229171	-73.081335
253	0.480670	75000	-0.228769	-73.310104
254	0.479061	75000	-0.228349	-73.538453
255	0.477455	75000	-0.227751	-73.766203
256	0.475852	75000	-0.227338	-73.993541
257	0.474253	75000	-0.226984	-74.220524
258	0.472656	75000	-0.226588	-74.447112
259	0.471063	75000	-0.226065	-74.673177
260	0.469474	75000	-0.225597	-74.898774
261	0.467887	75000	-0.225125	-75.123898
262	0.466304	75000	-0.224739	-75.348638
263	0.464723	75000	-0.224278	-75.572915
264	0.463146	75000	-0.223767	-75.796683
265	0.461573	75000	-0.223374	-76.020056
266	0.460002	75000	-0.222901	-76.242957
267	0.458435	75000	-0.222435	-76.465392
268	0.456871	75000	-0.222152	-76.687544
269	0.455310	75000	-0.221626	-76.909170
270	0.453752	75000	-0.221198	-77.130368
271	0.452198	75000	-0.220629	-77.350997
272	0.450647	75000	-0.220306	-77.571303
273	0.449098	75000	-0.219740	-77.791043
274	0.447554	75000	-0.219385	-78.010428
275	0.446012	75000	-0.218932	-78.229361
276	0.444473	75000	-0.218489	-78.447850
277	0.442938	75000	-0.218058	-78.665908
278	0.441406	75000	-0.217627	-78.883535
279	0.439877	75000	-0.217249	-79.100784
280	0.438351	75000	-0.216763	-79.317547
281	0.436829	75000	-0.216261	-79.533808
282	0.435309	75000	-0.215863	-79.749670
283	0.433793	75000	-0.215381	-79.965051
284	0.432280	75000	-0.215018	-80.180069
285	0.430770	75000	-0.214555	-80.394624
286	0.429263	75000	-0.214191	-80.608815
287	0.427760	75000	-0.213715	-80.822530
288	0.426259	75000	-0.213238	-81.035768
289	0.424762	75000	-0.212811	-81.248579
290	0.423268	75000	-0.212296	-81.460875
291	0.421777	75000	-0.211935	-81.672810
292	0.420289	75000	-0.211461	-81.884271
293	0.418805	75000	-0.211092	-82.095363
294	0.417323	75000	-0.210585	-82.305948
295	0.415845	75000	-0.210226	-82.516173
296	0.414370	75000	-0.209798	-82.725971
297	0.412898	75000	-0.209347	-82.935319
298	0.411429	75000	-0.208853	-83.144172
299	0.409963	75000	-0.208488	-83.352660
300	0.408501	75000	-0.207973	-83.560633
301	0.407041	75000	-0.207578	-83.768211
302	0.405585	75000	-0.207243	-83.975454
303	0.404132	75000	-0.206703	-84.182157
304	0.402682	75000	-0.206281	-84.388438
305	0.401235	75000	-0.205813	-84.594251
306	0.399791	75000	-0.205402	-84.799654
307	0.398350	75000	-0.204962	-85.004616
308	0.396913	75000	-0.204553	-85.209168
309	0.395478	75000	-0.204077	-85.413245
310	0.394047	75000	-0.203673	-85.616919
311	0.392619	75000	-0.203324	-85.820243
312	0.391194	75000	-0.202841	-86.023084
313	0.389772	75000	-0.202413	-86.225497
314	0.388353	75000	-0.202020	-86.427517
315	0.386937	75000	-0.201631	-86.629148
316	0.385524	75000	-0.201123	-86.830271
317	0.384115	75000	-0.200794	-87.031065
318	0.382708	75000	-0.200238	-87.231303
319	0.381305	75000	-0.199791	-87.431094
320	0.379904	75000	-0.199432	-87.630525
321	0.378507	75000	-0.198932	-87.829458
322	0.377113	75000	-0.198611	-88.028069
323	0.375722	75000	-0.198212	-88.226281
324	0.374334	75000	-0.197844	-88.424125
325	0.372949	75000	-0.197259	-88.621384
326	0.371567	75000	-0.196842	-88.818226
327	0.370189	75000	-0.196533	-89.014759
328	0.368813	75000	-0.196066	-89.210825
329	0.367440	75000	-0.195718	-89.406543
330	0.366071	75000	-0.195251	-89.601794
331	0.364705	75000	-0.194840	-89.796634
332	0.363341	75000	-0.194424	-89.991058
333	0.361981	75000	-0.193990	-90.185047
334	0.360624	75000	-0.193449	-90.378496
335	0.359269	75000	-0.193153	-90.571649
336	0.357918	75000	-0.192589	-90.764238
337	0.356570	75000	-0.192268	-90.956506
338	0.355225	75000	-0.191815	-91.148322
339	0.353883	75000	-0.191406	-91.339728
340	0.352544	75000	-0.191019	-91.530747
341	0.351208	75000	-0.190483	-91.721230
342	0.349875	75000	-0.190140	-91.911371
343	0.348546	75000	-0.189664	-92.101035
344	0.347219	75000	-0.189398	-92.290433
345	0.345895	75000	-0.188894	-92.479327
346	0.344574	75000	-0.188472	-92.667798
347	0.343257	75000	-0.188049	-92.855848
348	0.341942	75000	-0.187569	-93.043416
349	0.340630	75000	-0.187262	-93.230678
350	0.339322	75000	-0.186762	-93.417440
351	0.338016	75000	-0.186308	-93.603747
352	0.336714	75000	-0.185941	-93.789689
353	0.335414	75000	-0.185605	-93.975293
354	0.334118	75000	-0.185141	-94.160434
355	0.332824	75000	-0.184700	-94.345134
356	0.331534	75000	-0.184321	-94.529455
357	0.330246	75000	-0.183841	-94.713297
358	0.328962	75000	-0.183494	-94.896790
359	0.327680	75000	-0.183053	-95.079843
360	0.326401	75000	-0.182619	-95.262463
361	0.325126	75000	-0.182216	-95.444679
362	0.323853	75000	-0.181784	-95.626463
363	0.322584	75000	-0.181402	-95.807866
364	0.321317	75000	-0.181032	-95.988898
365	0.320054	75000	-0.180613	-96.169511
366	0.318793	75000	-0.180142	-96.349653
367	0.317536	75000	-0.179824	-96.529477
368	0.316281	75000	-0.179268	-96.708745
369	0.315030	75000	-0.178910	-96.887655
370	0.313781	75000	-0.178512	-97.066168
371	0.312535	75000	-0.178230	-97.244397
372	0.311293	75000	-0.177766	-97.422163
373	0.310053	75000	-0.177354	-97.599517
374	0.308816	75000	-0.176950	-97.776467
375	0.307582	75000	-0.176609	-97.953076
376	0.306352	75000	-0.176168	-98.129243
377	0.305124	75000	-0.175748	-98.304991
378	0.303899	75000	-0.175353	-98.480344
379	0.302677	75000	-0.174949	-98.655294
380	0.301458	75000	-0.174469	-98.829763
381	0.300242	75000	-0.174017	-99.003780
382	0.299029	75000	-0.173568	-99.177348
383	0.297819	75000	-0.173284	-99.350632
384	0.296611	75000	-0.172955	-99.523587
385	0.295407	75000	-0.172574	-99.696161
386	0.294206	75000	-0.172032	-99.868192
387	0.293007	75000	-0.171701	-100.039893
388	0.291812	75000	-0.171217	-100.211110
389	0.290619	75000	-0.170831	-100.381940
390	0.289430	75000	-0.170421	-100.552361
391	0.288243	75000	-0.170007	-100.722368
392	0.287059	75000	-0.169603	-100.891972
393	0.285879	75000	-0.169290	-101.061261
394	0.284701	75000	-0.168868	-101.230130
395	0.283526	75000	-0.168509	-101.398638
396	0.282354	75000	-0.168015	-101.566653
397	0.281184	75000	-0.167617	-101.734270
398	0.280018	75000	-0.167265	-101.901535
399	0.278855	75000	-0.166825	-102.068360
400	0.277694	75000	-0.166436	-102.234796
401	0.276537	75000	-0.165978	-102.400775
402	0.275382	75000	-0.165656	-102.566431
403	0.274230	75000	-0.165263	-102.731694
404	0.273082	75000	-0.164802	-102.896496
405	0.271936	75000	-0.164424	-103.060920
406	0.270793	75000	-0.163986	-103.224907
407	0.269652	75000	-0.163677	-103.388583
408	0.268515	75000	-0.163241	-103.551825
409	0.267381	75000	-0.162883	-103.714707
410	0.266249	75000	-0.162449	-103.877156
411	0.265121	75000	-0.162043	-104.039199
412	0.263995	75000	-0.161634	-104.200833
413	0.262872	75000	-0.161328	-104.362161
414	0.261752	75000	-0.160925	-104.523086
415	0.260635	75000	-0.160619	-104.683705
416	0.259520	75000	-0.160103	-104.843808
417	0.258409	75000	-0.159714	-105.003522
418	0.257300	75000	-0.159299	-105.162821
419	0.256195	75000	-0.158979	-105.321800
420	0.255092	75000	-0.158621	-105.480421
421	0.253992	75000	-0.158174	-105.638595
422	0.252895	75000	-0.157768	-105.796363
423	0.251800	75000	-0.157404	-105.953767
424	0.250709	75000	-0.157018	-106.110785
425	0.249620	75000	-0.156572	-106.267357
426	0.248534	75000	-0.156252	-106.423609
427	0.247451	75000	-0.155857	-106.579467
428	0.246371	75000	-0.155389	-106.734856
429	0.245294	75000	-0.155147	-106.890003
430	0.244220	75000	-0.154597	-107.044599
431	0.243148	75000	-0.154375	-107.198975
432	0.242079	75000	-0.153870	-107.352845
433	0.241013	75000	-0.153491	-107.506337
434	0.239950	75000	-0.153212	-107.659548
435	0.238890	75000	-0.152799	-107.812347
436	0.237832	75000	-0.152239	-107.964586
437	0.236778	75000	-0.151867	-108.116453
438	0.235726	75000	-0.151639	-108.268092
439	0.234677	75000	-0.151281	-108.419372
440	0.233630	75000	-0.150855	-108.570228
441	0.232587	75000	-0.150306	-108.720534
442	0.231546	75000	-0.150002	-108.870536
443	0.230509	75000	-0.149686	-109.020222
444	0.229473	75000	-0.149330	-109.169551
445	0.228441	75000	-0.148888	-109.318439
446	0.227412	75000	-0.148555	-109.466994
447	0.226385	75000	-0.148098	-109.615092
448	0.225361	75000	-0.147894	-109.762986
449	0.224340	75000	-0.147538	-109.910524
450	0.223322	75000	-0.147014	-110.057538
451	0.222306	75000	-0.146633	-110.204171
452	0.221293	75000	-0.146328	-110.350499
453	0.220283	75000	-0.145933	-110.496432
454	0.219276	75000	-0.145523	-110.641955
455	0.218272	75000	-0.145136	-110.787091
456	0.217270	75000	-0.144732	-110.931823
457	0.216271	75000	-0.144450	-111.076273
458	0.215275	75000	-0.143925	-111.220198
459	0.214281	75000	-0.143677	-111.363875
460	0.213291	75000	-0.143370	-111.507245
461	0.212303	75000	-0.142838	-111.650083
462	0.211318	75000	-0.142529	-111.792612
463	0.210335	75000	-0.142210	-111.934821
464	0.209356	75000	-0.141849	-112.076671
465	0.208379	75000	-0.141354	-112.218024
466	0.207404	75000	-0.140939	-112.358963
467	0.206433	75000	-0.140497	-112.499460
468	0.205464	75000	-0.140204	-112.639664
469	0.204498	75000	-0.139877	-112.779541
470	0.203535	75000	-0.139451	-112.918993
471	0.202575	75000	-0.139276	-113.058269
472	0.201617	75000	-0.138788	-113.197056
473	0.200662	75000	-0.138488	-113.335544
474	0.199709	75000	-0.138081	-113.473625
475	0.198760	75000	-0.137722	-113.611347
476	0.197813	75000	-0.137321	-113.748669
477	0.196869	75000	-0.136793	-113.885461
478	0.195927	75000	-0.136500	-114.021961
479	0.194988	75000	-0.136311	-114.158272
480	0.194052	75000	-0.135904	-114.294176
481	0.193119	75000	-0.135444	-114.429620
482	0.192188	75000	-0.135106	-114.564727
483	0.191260	75000	-0.134658	-114.699385
484	0.190335	75000	-0.134336	-114.833721
485	0.189412	75000	-0.134053	-114.967773
486	0.188492	75000	-0.133586	-115.101359
487	0.187575	75000	-0.133407	-115.234766
488	0.186660	75000	-0.132874	-115.367640
489	0.185749	75000	-0.132537	-115.500178
490	0.184839	75000	-0.132233	-115.632410
491	0.183933	75000	-0.131777	-115.764187
492	0.183029	75000	-0.131358	-115.895545
493	0.182128	75000	-0.131092	-116.026637
494	0.181229	75000	-0.130798	-116.157436
495	0.180333	75000	-0.130424	-116.287860
496	0.179440	75000	-0.130080	-116.417940
497	0.178550	75000	-0.129641	-116.547581
498	0.177662	75000	-0.129266	-116.676847
499	0.176777	75000	-0.128901	-116.805747
500	0.175894	75000	-0.128488	-116.934235
501	0.175014	75000	-0.128183	-117.062418
502	0.174137	75000	-0.127871	-117.190289
503	0.173262	75000	-0.127500	-117.317789
504	0.172390	75000	-0.127196	-117.444986
505	0.171521	75000	-0.126771	-117.571757
506	0.170654	75000	-0.126491	-117.698247
507	0.169790	75000	-0.126008	-117.824255
508	0.168929	75000	-0.125733	-117.949989
509	0.168070	75000	-0.125413	-118.075402
510	0.167214	75000	-0.124974	-118.200376
511	0.166360	75000	-0.124665	-118.325041
512	0.165509	75000	-0.124370	-118.449411
513	0.164661	75000	-0.123934	-118.573345
514	0.163815	75000	-0.123649	-118.696994
515	0.162972	75000	-0.123336	-118.820330
516	0.162132	75000	-0.122818	-118.943148
517	0.161294	75000	-0.122497	-119.065645
518	0.160458	75000	-0.122229	-119.187874
519	0.159626	75000	-0.121836	-119.309710
520	0.158796	75000	-0.121386	-119.431096
521	0.157968	75000	-0.121056	-119.552153
522	0.157143	75000	-0.120814	-119.672966
523	0.156321	75000	-0.120476	-119.793443
524	0.155501	75000	-0.120048	-119.913491
525	0.154684	75000	-0.119754	-120.033245
526	0.153870	75000	-0.119405	-120.152650
527	0.153058	75000	-0.119135	-120.271785
528	0.152248	75000	-0.118782	-120.390567
529	0.151441	75000	-0.118320	-120.508887
530	0.150637	75000	-0.117942	-120.626829
531	0.149835	75000	-0.117633	-120.744461
532	0.149036	75000	-0.117306	-120.861768
533	0.148240	75000	-0.117225	-120.978993
534	0.147446	75000	-0.116580	-121.095573
535	0.146654	75000	-0.116172	-121.211746
536	0.145865	75000	-0.115875	-121.327620
537	0.145079	75000	-0.115480	-121.443100
538	0.144295	75000	-0.115285	-121.558385
539	0.143514	75000	-0.114965	-121.673350
540	0.142735	75000	-0.114553	-121.787903
541	0.141959	75000	-0.114244	-121.902147
542	0.141186	75000	-0.113938	-122.016085
543	0.140415	75000	-0.113471	-122.129556
544	0.139646	75000	-0.113281	-122.242837
545	0.138880	75000	-0.112939	-122.355776
546	0.138116	75000	-0.112479	-122.468255
547	0.137356	75000	-0.112204	-122.580459
548	0.136597	75000	-0.111803	-122.692262
549	0.135841	75000	-0.111532	-122.803794
550	0.135088	75000	-0.111255	-122.915049
551	0.134337	75000	-0.110890	-123.025939
552	0.133588	75000	-0.110470	-123.136409
553	0.132843	75000	-0.110228	-123.246637
554	0.132099	75000	-0.109860	-123.356497
555	0.131358	75000	-0.109555	-123.466052
556	0.130620	75000	-0.109187	-123.575239
557	0.129884	75000	-0.108871	-123.684109
558	0.129151	75000	-0.108606	-123.792715
559	0.128420	75000	-0.108128	-123.900843
560	0.127691	75000	-0.107882	-124.008724
561	0.126965	75000	-0.107591	-124.116315
562	0.126242	75000	-0.107181	-124.223496
563	0.125521	75000	-0.106908	-124.330404
564	0.124802	75000	-0.106664	-124.437067
565	0.124086	75000	-0.106237	-124.543305
566	0.123373	75000	-0.105946	-124.649251
567	0.122662	75000	-0.105616	-124.754866
568	0.121953	75000	-0.105225	-124.860092
569	0.121247	75000	-0.104833	-124.964925
570	0.120543	75000	-0.104410	-125.069335
571	0.119842	75000	-0.104270	-125.173605
572	0.119143	75000	-0.103933	-125.277538
573	0.118447	75000	-0.103514	-125.381052
574	0.117753	75000	-0.103160	-125.484212
575	0.117062	75000	-0.102868	-125.587080
576	0.116373	75000	-0.102614	-125.689694
577	0.115686	75000	-0.102354	-125.792048
578	0.115002	75000	-0.102081	-125.894129
579	0.114320	75000	-0.101549	-125.995678
580	0.113641	75000	-0.101517	-126.097195
581	0.112964	75000	-0.101106	-126.198301
582	0.112290	75000	-0.100724	-126.299025
583	0.111618	75000	-0.100436	-126.399461
584	0.110948	75000	-0.099939	-126.499400
585	0.110281	75000	-0.099745	-126.599145
586	0.109616	75000	-0.099410	-126.698555
587	0.108954	75000	-0.099157	-126.797712
588	0.108294	75000	-0.098818	-126.896530
589	0.107637	75000	-0.098241	-126.994771
590	0.106981	75000	-0.098102	-127.092872
591	0.106329	75000	-0.097876	-127.190748
592	0.105678	75000	-0.097404	-127.288152
593	0.105030	75000	-0.097265	-127.385418
594	0.104385	75000	-0.096980	-127.482397
595	0.103742	75000	-0.096512	-127.578909
596	0.103101	75000	-0.096212	-127.675121
597	0.102463	75000	-0.095896	-127.771016
598	0.101827	75000	-0.095577	-127.866593
599	0.101193	75000	-0.095017	-127.961611
600	0.100562	75000	-0.095207	-128.056817
601	0.099933	75000	-0.094716	-128.151534
602	0.099306	75000	-0.094325	-128.245859
603	0.098682	75000	-0.094212	-128.340071
604	0.098060	75000	-0.093728	-128.433799
605	0.097441	75000	-0.093278	-128.527077
606	0.096824	75000	-0.093059	-128.620135
607	0.096209	75000	-0.093041	-128.713176
608	0.095596	75000	-0.092541	-128.805716
609	0.094986	75000	-0.092325	-128.898042
610	0.094379	75000	-0.092127	-128.990168
611	0.093773	75000	-0.091640	-129.081808
612	0.093170	75000	-0.091357	-129.173165
613	0.092570	75000	-0.090996	-129.264162
614	0.091971	75000	-0.090625	-129.354786
615	0.091375	75000	-0.090536	-129.445323
616	0.090781	75000	-0.090157	-129.535480
617	0.090190	75000	-0.089953	-129.625433
618	0.089601	75000	-0.089510	-129.714943
619	0.089014	75000	-0.089162	-129.804105
620	0.088430	75000	-0.088889	-129.892994
621	0.087848	75000	-0.088553	-129.981547
622	0.087268	75000	-0.088347	-130.069894
623	0.086690	75000	-0.088115	-130.158008
624	0.086115	75000	-0.087647	-130.245656
625	0.085542	75000	-0.087523	-130.333178
626	0.084971	75000	-0.087191	-130.420369
627	0.084403	75000	-0.086857	-130.507226
628	0.083837	75000	-0.086566	-130.593793
629	0.083273	75000	-0.086372	-130.680164
630	0.082712	75000	-0.085938	-130.766102
631	0.082152	75000	-0.085890	-130.851992
632	0.081595	75000	-0.085423	-130.937415
633	0.081041	75000	-0.084978	-131.022392
634	0.080488	75000	-0.084915	-131.107307
635	0.079938	75000	-0.084548	-131.191855
636	0.079390	75000	-0.084349	-131.276204
637	0.078845	75000	-0.083759	-131.359963
638	0.078301	75000	-0.083760	-131.443724
639	0.077760	75000	-0.083368	-131.527092
640	0.077221	75000	-0.083167	-131.610259
641	0.076684	75000	-0.082633	-131.692892
642	0.076150	75000	-0.082550	-131.775442
643	0.075618	75000	-0.082207	-131.857649
644	0.075088	75000	-0.081935	-131.939584
645	0.074560	75000	-0.081736	-132.021320
646	0.074035	75000	-0.081275	-132.102595
647	0.073512	75000	-0.081081	-132.183676
648	0.072991	75000	-0.080902	-132.264578
649	0.072472	75000	-0.080420	-132.344998
650	0.071955	75000	-0.080140	-132.425138
651	0.071441	75000	-0.080104	-132.505242
652	0.070929	75000	-0.079872	-132.585114
653	0.070419	75000	-0.079382	-132.664496
654	0.069911	75000	-0.079011	-132.743507
655	0.069406	75000	-0.078825	-132.822332
656	0.068903	75000	-0.078606	-132.900938
657	0.068401	75000	-0.078143	-132.979081
658	0.067903	75000	-0.077956	-133.057037
659	0.067406	75000	-0.077537	-133.134574
660	0.066911	75000	-0.077558	-133.212132
661	0.066419	75000	-0.077036	-133.289168
662	0.065929	75000	-0.076772	-133.365941
663	0.065441	75000	-0.076683	-133.442624
664	0.064955	75000	-0.076330	-133.518954
665	0.064471	75000	-0.076099	-133.595052
666	0.063990	75000	-0.075942	-133.670994
667	0.063510	75000	-0.075591	-133.746585
668	0.063033	75000	-0.075139	-133.821724
669	0.062558	75000	-0.074898	-133.896622
670	0.062085	75000	-0.074753	-133.971375
671	0.061615	75000	-0.074472	-134.045847
672	0.061146	75000	-0.074240	-134.120087
673	0.060680	75000	-0.074110	-134.194197
674	0.060216	75000	-0.073831	-134.268028
675	0.059753	75000	-0.073648	-134.341676
676	0.059293	75000	-0.073456	-134.415132
677	0.058836	75000	-0.072955	-134.488087
678	0.058380	75000	-0.072708	-134.560795
679	0.057926	75000	-0.072536	-134.633332
680	0.057475	75000	-0.072307	-134.705639
681	0.057025	75000	-0.071854	-134.777493
682	0.056578	75000	-0.071827	-134.849320
683	0.056133	75000	-0.071530	-134.920849
684	0.055690	75000	-0.071103	-134.991953
685	0.055249	75000	-0.070792	-135.062745
686	0.054810	75000	-0.070600	-135.133345
687	0.054373	75000	-0.070222	-135.203567
688	0.053939	75000	-0.070208	-135.273775
689	0.053506	75000	-0.070066	-135.343840
690	0.053076	75000	-0.069715	-135.413556
691	0.052647	75000	-0.069670	-135.483225
692	0.052221	75000	-0.069135	-135.552360
693	0.051797	75000	-0.068981	-135.621341
694	0.051375	75000	-0.068847	-135.690188
695	0.050955	75000	-0.068323	-135.758511
696	0.050537	75000	-0.068194	-135.826705
697	0.050121	75000	-0.068017	-135.894722
698	0.049707	75000	-0.067916	-135.962638
699	0.049295	75000	-0.067658	-136.030296
700	0.048885	75000	-0.067407	-136.097703
701	0.048478	75000	-0.067196	-136.164899
702	0.048072	75000	-0.066817	-136.231716
703	0.047668	75000	-0.066718	-136.298434
704	0.047267	75000	-0.066336	-136.364770
705	0.046867	75000	-0.065959	-136.430729
706	0.046470	75000	-0.065660	-136.496390
707	0.046074	75000	-0.065555	-136.561945
708	0.045681	75000	-0.065222	-136.627167
709	0.045289	75000	-0.065235	-136.692402
710	0.044900	75000	-0.065134	-136.757536
711	0.044512	75000	-0.064742	-136.822277
712	0.044127	75000	-0.064509	-136.886786
713	0.043744	75000	-0.064301	-136.951088
714	0.043362	75000	-0.063739	-137.014827
715	0.042983	75000	-0.063967	-137.078793
716	0.042606	75000	-0.063526	-137.142319
717	0.042230	75000	-0.063391	-137.205710
718	0.041857	75000	-0.063146	-137.268856
719	0.041485	75000	-0.062944	-137.331801
720	0.041116	75000	-0.062778	-137.394579
721	0.040749	75000	-0.062510	-137.457089
722	0.040383	75000	-0.062514	-137.519603
723	0.040020	75000	-0.062079	-137.581682
724	0.039658	75000	-0.061953	-137.643635
725	0.039299	75000	-0.061913	-137.705548
726	0.038941	75000	-0.061539	-137.767087
727	0.038585	75000	-0.061532	-137.828618
728	0.038232	75000	-0.061280	-137.889898
729	0.037880	75000	-0.060961	-137.950859
730	0.037530	75000	-0.060717	-138.011576
731	0.037182	75000	-0.060611	-138.072187
732	0.036836	75000	-0.060295	-138.132482
733	0.036493	75000	-0.060116	-138.192599
734	0.036151	75000	-0.059787	-138.252386
735	0.035810	75000	-0.059990	-138.312376
736	0.035472	75000	-0.059784	-138.372160
737	0.035136	75000	-0.059053	-138.431213
738	0.034802	75000	-0.059343	-138.490556
739	0.034469	75000	-0.058758	-138.549314
740	0.034139	75000	-0.058628	-138.607942
741	0.033810	75000	-0.059020	-138.666962
742	0.033484	75000	-0.058031	-138.724993
743	0.033159	75000	-0.058298	-138.783290
744	0.032836	75000	-0.057935	-138.841225
745	0.032515	75000	-0.057909	-138.899134
746	0.032196	75000	-0.057607	-138.956741
747	0.031879	75000	-0.057331	-139.014073
748	0.031563	75000	-0.057633	-139.071705
749	0.031250	75000	-0.057098	-139.128803
750	0.030938	75000	-0.057230	-139.186033
751	0.030629	75000	-0.056908	-139.242941
752	0.030321	75000	-0.057192	-139.300133
753	0.030015	75000	-0.056553	-139.356686
754	0.029711	75000	-0.056258	-139.412944
755	0.029409	75000	-0.056504	-139.469448
756	0.029108	75000	-0.056237	-139.525685
757	0.028810	75000	-0.056164	-139.581848
758	0.028513	75000	-0.055893	-139.637742
759	0.028218	75000	-0.055912	-139.693654
760	0.027925	75000	-0.055767	-139.749420
761	0.027634	75000	-0.055635	-139.805056
762	0.027345	75000	-0.055589	-139.860645
763	0.027057	75000	-0.054933	-139.915578
764	0.026771	75000	-0.055366	-139.970944
765	0.026487	75000	-0.054672	-140.025616
766	0.026205	75000	-0.054957	-140.080572
767	0.025925	75000	-0.054813	-140.135386
768	0.025647	75000	-0.054646	-140.190032
769	0.025370	75000	-0.054895	-140.244927
770	0.025095	75000	-0.054502	-140.299429
771	0.024822	75000	-0.053832	-140.353261
772	0.024551	75000	-0.054325	-140.407586
773	0.024281	75000	-0.053746	-140.461332
774	0.024014	75000	-0.054222	-140.515553
775	0.023748	75000	-0.054132	-140.569686
776	0.023483	75000	-0.054261	-140.623947
777	0.023221	75000	-0.053611	-140.677558
778	0.022960	75000	-0.054197	-140.731756
779	0.022702	75000	-0.053610	-140.785365
780	0.022445	75000	-0.053798	-140.839163
781	0.022189	75000	-0.054000	-140.893163
782	0.021936	75000	-0.054234	-140.947398
783	0.021684	75000	-0.053312	-141.000709
784	0.021434	75000	-0.053677	-141.054386
785	0.021185	75000	-0.054313	-141.108699
786	0.020939	75000	-0.053819	-141.162518
787	0.020694	75000	-0.053652	-141.216170
788	0.020451	75000	-0.053141	-141.269311
789	0.020209	75000	-0.053253	-141.322563
790	0.019969	75000	-0.053065	-141.375628
791	0.019731	75000	-0.053573	-141.429201
792	0.019495	75000	-0.053590	-141.482791
793	0.019261	75000	-0.053578	-141.536369
794	0.019028	75000	-0.053747	-141.590116
795	0.018796	75000	-0.053228	-141.643344
796	0.018567	75000	-0.053003	-141.696347
797	0.018339	75000	-0.054771	-141.751118
798	0.018113	75000	-0.054417	-141.805535
799	0.017889	75000	-0.055902	-141.861437
800	0.017666	75000	-0.054571	-141.916008
801	0.017445	75000	-0.054988	-141.970997
802	0.017225	75000	-0.054728	-142.025724
803	0.017007	75000	-0.054812	-142.080537
804	0.016791	75000	-0.054370	-142.134907
805	0.016577	75000	-0.054892	-142.189798
806	0.016364	75000	-0.056579	-142.246377
807	0.016153	75000	-0.055749	-142.302126
808	0.015943	75000	-0.055959	-142.358086
809	0.015736	75000	-0.055259	-142.413345
810	0.015529	75000	-0.055690	-142.469035
811	0.015325	75000	-0.056747	-142.525783
812	0.015122	75000	-0.057699	-142.583482
813	0.014920	75000	-0.058488	-142.641970
814	0.014721	75000	-0.057173	-142.699143
815	0.014523	75000	-0.057023	-142.756166
816	0.014326	75000	-0.058720	-142.814886
817	0.014131	75000	-0.059884	-142.874770
818	0.013938	75000	-0.060833	-142.935603
819	0.013746	75000	-0.059595	-142.995198
820	0.013556	75000	-0.060573	-143.055771
821	0.013367	75000	-0.066054	-143.121825
822	0.013181	75000	-0.063772	-143.185597
823	0.012995	75000	-0.064009	-143.249605
824	0.012811	75000	-0.063336	-143.312941
825	0.012629	75000	-0.065702	-143.378643
826	0.012448	75000	-0.067843	-143.446486
827	0.012269	75000	-0.066146	-143.512633
828	0.012092	75000	-0.067798	-143.580431
829	0.011916	75000	-0.067858	-143.648289
830	0.011741	75000	-0.067936	-143.716225
831	0.011568	75000	-0.070296	-143.786521
832	0.011397	75000	-0.069757	-143.856278
833	0.011227	75000	-0.069623	-143.925901
834	0.011059	75000	-0.073394	-143.999294
835	0.010892	75000	-0.074996	-144.074290
836	0.010727	75000	-0.072789	-144.147079
837	0.010563	75000	-0.076078	-144.223156
838	0.010401	75000	-0.077817	-144.300974
839	0.010240	75000	-0.081060	-144.382034
840	0.010081	75000	-0.079349	-144.461383
841	0.009923	75000	-0.081324	-144.542707
842	0.009767	75000	-0.081095	-144.623803
843	0.009612	75000	-0.083633	-144.707436
844	0.009459	75000	-0.087757	-144.795193
845	0.009307	75000	-0.086463	-144.881656
846	0.009156	75000	-0.087514	-144.969169
847	0.009008	75000	-0.089911	-145.059080
848	0.008860	75000	-0.092278	-145.151358
849	0.008714	75000	-0.091080	-145.242438
850	0.008570	75000	-0.093256	-145.335694
851	0.008427	75000	-0.091147	-145.426841
852	0.008285	75000	-0.098653	-145.525494
853	0.008145	75000	-0.098680	-145.624174
854	0.008006	75000	-0.100992	-145.725167
855	0.007869	75000	-0.098514	-145.823680
856	0.007733	75000	-0.097715	-145.921395
857	0.007598	75000	-0.099864	-146.021260
858	0.007465	75000	-0.101878	-146.123137
859	0.007334	75000	-0.100884	-146.224021
860	0.007203	75000	-0.101154	-146.325175
861	0.007075	75000	-0.102424	-146.427598
862	0.006947	75000	-0.103917	-146.531515
863	0.006821	75000	-0.103406	-146.634921
864	0.006696	75000	-0.106237	-146.741159
865	0.006573	75000	-0.104476	-146.845635
866	0.006451	75000	-0.103255	-146.948890
867	0.006330	75000	-0.104065	-147.052955
868	0.006211	75000	-0.102378	-147.155333
869	0.006093	75000	-0.104587	-147.259920
870	0.005977	75000	-0.104406	-147.364326
871	0.005862	75000	-0.103603	-147.467929
872	0.005748	75000	-0.104829	-147.572758
873	0.005635	75000	-0.102184	-147.674942
874	0.005524	75000	-0.102844	-147.777785
875	0.005414	75000	-0.102874	-147.880660
876	0.005306	75000	-0.101932	-147.982592
877	0.005199	75000	-0.100192	-148.082783
878	0.005093	75000	-0.099635	-148.182419
879	0.004988	75000	-0.101769	-148.284187
880	0.004885	75000	-0.100028	-148.384215
881	0.004783	75000	-0.099675	-148.483890
882	0.004682	75000	-0.099025	-148.582914
883	0.004583	75000	-0.097017	-148.679931
884	0.004485	75000	-0.097235	-148.777166
885	0.004388	75000	-0.096342	-148.873508
886	0.004292	75000	-0.095515	-148.969023
887	0.004198	75000	-0.095591	-149.064614
888	0.004105	75000	-0.094115	-149.158730
889	0.004013	75000	-0.093371	-149.252100
890	0.003923	75000	-0.092565	-149.344665
891	0.003833	75000	-0.090996	-149.435661
892	0.003745	75000	-0.090174	-149.525835
893	0.003658	75000	-0.090265	-149.616100
894	0.003573	75000	-0.088314	-149.704414
895	0.003488	75000	-0.087156	-149.791570
896	0.003405	75000	-0.086853	-149.878423
897	0.003323	75000	-0.086492	-149.964915
898	0.003242	75000	-0.084434	-150.049349
899	0.003162	75000	-0.083307	-150.132656
900	0.003084	75000	-0.082536	-150.215193
901	0.003007	75000	-0.081361	-150.296554
902	0.002930	75000	-0.080146	-150.376700
903	0.002855	75000	-0.079531	-150.456231
904	0.002782	75000	-0.078394	-150.534625
905	0.002709	75000	-0.077593	-150.612218
906	0.002638	75000	-0.076547	-150.688764
907	0.002567	75000	-0.075010	-150.763774
908	0.002498	75000	-0.074448	-150.838223
909	0.002430	75000	-0.073130	-150.911352
910	0.002363	75000	-0.072106	-150.983458
911	0.002297	75000	-0.070923	-151.054381
912	0.002233	75000	-0.070178	-151.124560
913	0.002169	75000	-0.068941	-151.193501
914	0.002106	75000	-0.067723	-151.261223
915	0.002045	75000	-0.066594	-151.327817
916	0.001985	75000	-0.065667	-151.393484
917	0.001925	75000	-0.064556	-151.458040
918	0.001867	75000	-0.063516	-151.521556
919	0.001810	75000	-0.062035	-151.583591
920	0.001754	75000	-0.061257	-151.644849
921	0.001699	75000	-0.060028	-151.704876
922	0.001645	75000	-0.058940	-151.763816
923	0.001592	75000	-0.057990	-151.821806
924	0.001540	75000	-0.056948	-151.878754
925	0.001490	75000	-0.055868	-151.934623
926	0.001440	75000	-0.054805	-151.989427
927	0.001391	75000	-0.053752	-152.043179
928	0.001343	75000	-0.052577	-152.095756
929	0.001296	75000	-0.051812	-152.147568
930	0.001251	75000	-0.050529	-152.198097
931	0.001206	75000	-0.049625	-152.247722
932	0.001162	75000	-0.048443	-152.296166
933	0.001119	75000	-0.047572	-152.343737
934	0.001077	75000	-0.046452	-152.390189
935	0.001036	75000	-0.045568	-152.435757
936	0.000996	75000	-0.044395	-152.480152
937	0.000957	75000	-0.043393	-152.523545
938	0.000919	75000	-0.042293	-152.565838
939	0.000882	75000	-0.041317	-152.607155
940	0.000846	75000	-0.040286	-152.647441
941	0.000810	75000	-0.039476	-152.686917
942	0.000776	75000	-0.038478	-152.725395
943	0.000742	75000	-0.037440	-152.762835
944	0.000709	75000	-0.036409	-152.799244
945	0.000678	75000	-0.035430	-152.834674
946	0.000647	75000	-0.034501	-152.869175
947	0.000617	75000	-0.033567	-152.902742
948	0.000587	75000	-0.032715	-152.935457
949	0.000559	75000	-0.031669	-152.967126
950	0.000531	75000	-0.030788	-152.997914
951	0.000505	75000	-0.029915	-153.027829
952	0.000479	75000	-0.028911	-153.056739
953	0.000454	75000	-0.028036	-153.084775
954	0.000430	75000	-0.027177	-153.111952
955	0.000406	75000	-0.026292	-153.138244
956	0.000383	75000	-0.025412	-153.163656
957	0.000362	75000	-0.024562	-153.188218
958	0.000340	75000	-0.023731	-153.211950
959	0.000320	75000	-0.022871	-153.234821
960	0.000300	75000	-0.022032	-153.256853
961	0.000281	75000	-0.021227	-153.278080
962	0.000263	75000	-0.020349	-153.298429
963	0.000246	75000	-0.019609	-153.318038
964	0.000229	75000	-0.018773	-153.336811
965	0.000213	75000	-0.018025	-153.354836
966	0.000198	75000	-0.017252	-153.372088
967	0.000183	75000	-0.016475	-153.388564
968	0.000169	75000	-0.015722	-153.404285
969	0.000156	75000	-0.014971	-153.419257
970	0.000143	75000	-0.014265	-153.433522
971	0.000131	75000	-0.013559	-153.447081
972	0.000120	75000	-0.012848	-153.459929
973	0.000109	75000	-0.012138	-153.472067
974	0.000099	75000	-0.011446	-153.483513
975	0.000089	75000	-0.010798	-153.494311
976	0.000080	75000	-0.010127	-153.504438
977	0.000072	75000	-0.009513	-153.513950
978	0.000064	75000	-0.008882	-153.522833
979	0.000057	75000	-0.008265	-153.531097
980	0.000050	75000	-0.007675	-153.538772
981	0.000043	75000	-0.007089	-153.545861
982	0.000038	75000	-0.006526	-153.552387
983	0.000032	75000	-0.005983	-153.558370
984	0.000028	75000	-0.005432	-153.563802
985	0.000023	75000	-0.004918	-153.568720
986	0.000019	75000	-0.004426	-153.573146
987	0.000016	75000	-0.003938	-153.577084
988	0.000013	75000	-0.003472	-153.580556
989	0.000010	75000	-0.003035	-153.583591
990	0.000008	75000	-0.002617	-153.586208
991	0.000006	75000	-0.002212	-153.588420
992	0.000004	75000	-0.001831	-153.590251
993	0.000003	75000	-0.001480	-153.591731
994	0.000002	75000	-0.001151	-153.592882
995	0.000001	75000	-0.000852	-153.593734
996	0.000000	75000	-0.000585	-153.594319
997	0.000000	75000	-0.000355	-153.594674
998	0.000000	75000	-0.000167	-153.594840
999	0.000000	75000	-0.000036	-153.594876
Log marginal likelihood:	-153.594876
