Steppingstone sampler:
        No Stones:                  1000
        Start It:                   10000001
        It Per Stone:               100000
        Sample Freq:                1
        Dist:                       Beta(0.400000,1.000000)
Stone No	Power	N	Stone MLh	Running MLh
0	0.997502	75000	-0.466908	-0.466908
1	0.995007	75000	-0.466216	-0.933125
2	0.992517	75000	-0.465537	-1.398662
3	0.990030	75000	-0.464847	-1.863509
4	0.987547	75000	-0.464193	-2.327703
5	0.985067	75000	-0.463473	-2.791176
6	0.982592	75000	-0.462767	-3.253942
7	0.980120	75000	-0.462083	-3.716026
8	0.977652	75000	-0.461395	-4.177420
9	0.975187	75000	-0.460725	-4.638145
10	0.972726	75000	-0.459969	-5.098114
11	0.970269	75000	-0.459212	-5.557326
12	0.967816	75000	-0.458573	-6.015899
13	0.965367	75000	-0.457951	-6.473850
14	0.962921	75000	-0.457234	-6.931084
15	0.960479	75000	-0.456513	-7.387597
16	0.958040	75000	-0.455818	-7.843415
17	0.955606	75000	-0.455175	-8.298591
18	0.953175	75000	-0.454453	-8.753044
19	0.950747	75000	-0.453775	-9.206818
20	0.948324	75000	-0.453106	-9.659925
21	0.945904	75000	-0.452384	-10.112309
22	0.943488	75000	-0.451703	-10.564012
23	0.941076	75000	-0.451002	-11.015014
24	0.938667	75000	-0.450315	-11.465328
25	0.936262	75000	-0.449729	-11.915058
26	0.933861	75000	-0.449009	-12.364067
27	0.931463	75000	-0.448297	-12.812364
28	0.929069	75000	-0.447600	-13.259964
29	0.926679	75000	-0.446911	-13.706875
30	0.924293	75000	-0.446278	-14.153153
31	0.921910	75000	-0.445605	-14.598757
32	0.919531	75000	-0.444853	-15.043610
33	0.917155	75000	-0.444206	-15.487816
34	0.914783	75000	-0.443543	-15.931359
35	0.912415	75000	-0.442898	-16.374257
36	0.910051	75000	-0.442157	-16.816414
37	0.907690	75000	-0.441410	-17.257824
38	0.905333	75000	-0.440709	-17.698533
39	0.902980	75000	-0.440098	-18.138631
40	0.900630	75000	-0.439450	-18.578081
41	0.898284	75000	-0.438716	-19.016797
42	0.895942	75000	-0.438080	-19.454877
43	0.893603	75000	-0.437386	-19.892263
44	0.891268	75000	-0.436718	-20.328981
45	0.888937	75000	-0.435964	-20.764945
46	0.886609	75000	-0.435379	-21.200324
47	0.884285	75000	-0.434641	-21.634965
48	0.881965	75000	-0.433920	-22.068885
49	0.879648	75000	-0.433336	-22.502220
50	0.877335	75000	-0.432612	-22.934833
51	0.875026	75000	-0.431951	-23.366784
52	0.872720	75000	-0.431261	-23.798044
53	0.870418	75000	-0.430577	-24.228622
54	0.868120	75000	-0.429934	-24.658556
55	0.865825	75000	-0.429269	-25.087825
56	0.863534	75000	-0.428616	-25.516440
57	0.861246	75000	-0.427827	-25.944268
58	0.858962	75000	-0.427315	-26.371583
59	0.856682	75000	-0.426566	-26.798149
60	0.854405	75000	-0.425920	-27.224069
61	0.852132	75000	-0.425197	-27.649266
62	0.849863	75000	-0.424529	-28.073796
63	0.847597	75000	-0.423942	-28.497737
64	0.845335	75000	-0.423209	-28.920946
65	0.843077	75000	-0.422482	-29.343428
66	0.840822	75000	-0.421883	-29.765311
67	0.838571	75000	-0.421228	-30.186539
68	0.836323	75000	-0.420518	-30.607057
69	0.834079	75000	-0.419926	-31.026984
70	0.831839	75000	-0.419115	-31.446099
71	0.829602	75000	-0.418521	-31.864619
72	0.827369	75000	-0.417810	-32.282429
73	0.825140	75000	-0.417205	-32.699634
74	0.822914	75000	-0.416508	-33.116143
75	0.820691	75000	-0.415851	-33.531994
76	0.818473	75000	-0.415099	-33.947092
77	0.816258	75000	-0.414504	-34.361596
78	0.814046	75000	-0.413847	-34.775444
79	0.811838	75000	-0.413241	-35.188684
80	0.809634	75000	-0.412522	-35.601206
81	0.807433	75000	-0.411800	-36.013006
82	0.805236	75000	-0.411141	-36.424146
83	0.803043	75000	-0.410536	-36.834683
84	0.800853	75000	-0.409884	-37.244567
85	0.798667	75000	-0.409165	-37.653732
86	0.796484	75000	-0.408502	-38.062233
87	0.794305	75000	-0.407888	-38.470122
88	0.792129	75000	-0.407113	-38.877234
89	0.789957	75000	-0.406580	-39.283814
90	0.787789	75000	-0.405869	-39.689683
91	0.785624	75000	-0.405211	-40.094894
92	0.783463	75000	-0.404489	-40.499382
93	0.781305	75000	-0.403914	-40.903297
94	0.779151	75000	-0.403204	-41.306501
95	0.777000	75000	-0.402580	-41.709081
96	0.774853	75000	-0.401890	-42.110971
97	0.772710	75000	-0.401291	-42.512262
98	0.770570	75000	-0.400574	-42.912836
99	0.768433	75000	-0.399920	-43.312755
100	0.766301	75000	-0.399286	-43.712041
101	0.764172	75000	-0.398664	-44.110705
102	0.762046	75000	-0.398006	-44.508711
103	0.759924	75000	-0.397258	-44.905970
104	0.757805	75000	-0.396700	-45.302670
105	0.755690	75000	-0.395968	-45.698638
106	0.753579	75000	-0.395315	-46.093953
107	0.751471	75000	-0.394737	-46.488689
108	0.749366	75000	-0.394077	-46.882766
109	0.747266	75000	-0.393425	-47.276192
110	0.745168	75000	-0.392671	-47.668863
111	0.743075	75000	-0.392088	-48.060950
112	0.740984	75000	-0.391420	-48.452370
113	0.738898	75000	-0.390769	-48.843139
114	0.736815	75000	-0.390089	-49.233228
115	0.734735	75000	-0.389435	-49.622663
116	0.732659	75000	-0.388846	-50.011509
117	0.730586	75000	-0.388132	-50.399640
118	0.728517	75000	-0.387475	-50.787115
119	0.726452	75000	-0.386848	-51.173963
120	0.724390	75000	-0.386148	-51.560111
121	0.722331	75000	-0.385555	-51.945666
122	0.720276	75000	-0.384829	-52.330495
123	0.718225	75000	-0.384228	-52.714723
124	0.716177	75000	-0.383613	-53.098336
125	0.714132	75000	-0.382933	-53.481269
126	0.712091	75000	-0.382251	-53.863520
127	0.710054	75000	-0.381647	-54.245166
128	0.708020	75000	-0.381005	-54.626171
129	0.705989	75000	-0.380347	-55.006519
130	0.703962	75000	-0.379755	-55.386273
131	0.701939	75000	-0.379045	-55.765318
132	0.699919	75000	-0.378376	-56.143695
133	0.697902	75000	-0.377676	-56.521371
134	0.695889	75000	-0.377158	-56.898529
135	0.693880	75000	-0.376505	-57.275034
136	0.691874	75000	-0.375804	-57.650838
137	0.689871	75000	-0.375163	-58.026001
138	0.687872	75000	-0.374606	-58.400606
139	0.685877	75000	-0.373902	-58.774508
140	0.683885	75000	-0.373313	-59.147822
141	0.681896	75000	-0.372603	-59.520424
142	0.679911	75000	-0.372019	-59.892443
143	0.677929	75000	-0.371343	-60.263786
144	0.675951	75000	-0.370659	-60.634445
145	0.673976	75000	-0.370089	-61.004534
146	0.672005	75000	-0.369411	-61.373945
147	0.670037	75000	-0.368759	-61.742704
148	0.668073	75000	-0.368122	-62.110826
149	0.666112	75000	-0.367441	-62.478267
150	0.664155	75000	-0.366860	-62.845127
151	0.662201	75000	-0.366328	-63.211455
152	0.660250	75000	-0.365581	-63.577036
153	0.658303	75000	-0.364946	-63.941982
154	0.656359	75000	-0.364245	-64.306227
155	0.654419	75000	-0.363649	-64.669877
156	0.652483	75000	-0.362990	-65.032867
157	0.650549	75000	-0.362392	-65.395259
158	0.648619	75000	-0.361769	-65.757028
159	0.646693	75000	-0.361123	-66.118150
160	0.644770	75000	-0.360508	-66.478659
161	0.642851	75000	-0.359903	-66.838562
162	0.640934	75000	-0.359205	-67.197766
163	0.639022	75000	-0.358601	-67.556367
164	0.637113	75000	-0.357934	-67.914302
165	0.635207	75000	-0.357387	-68.271689
166	0.633304	75000	-0.356717	-68.628406
167	0.631405	75000	-0.356073	-68.984478
168	0.629510	75000	-0.355471	-69.339950
169	0.627618	75000	-0.354772	-69.694721
170	0.625729	75000	-0.354144	-70.048865
171	0.623844	75000	-0.353553	-70.402418
172	0.621962	75000	-0.352850	-70.755268
173	0.620083	75000	-0.352281	-71.107549
174	0.618208	75000	-0.351664	-71.459213
175	0.616337	75000	-0.351015	-71.810228
176	0.614468	75000	-0.350360	-72.160588
177	0.612604	75000	-0.349686	-72.510274
178	0.610742	75000	-0.349119	-72.859393
179	0.608884	75000	-0.348469	-73.207862
180	0.607029	75000	-0.347919	-73.555781
181	0.605178	75000	-0.347250	-73.903032
182	0.603330	75000	-0.346616	-74.249648
183	0.601486	75000	-0.345973	-74.595621
184	0.599645	75000	-0.345324	-74.940945
185	0.597807	75000	-0.344719	-75.285664
186	0.595973	75000	-0.344107	-75.629771
187	0.594142	75000	-0.343496	-75.973267
188	0.592314	75000	-0.342855	-76.316122
189	0.590490	75000	-0.342213	-76.658335
190	0.588669	75000	-0.341590	-76.999925
191	0.586852	75000	-0.340988	-77.340913
192	0.585038	75000	-0.340366	-77.681279
193	0.583227	75000	-0.339760	-78.021039
194	0.581420	75000	-0.339088	-78.360127
195	0.579616	75000	-0.338492	-78.698619
196	0.577815	75000	-0.337975	-79.036594
197	0.576018	75000	-0.337196	-79.373790
198	0.574224	75000	-0.336537	-79.710327
199	0.572433	75000	-0.335991	-80.046319
200	0.570646	75000	-0.335398	-80.381717
201	0.568862	75000	-0.334779	-80.716496
202	0.567082	75000	-0.334122	-81.050618
203	0.565305	75000	-0.333556	-81.384174
204	0.563531	75000	-0.332915	-81.717090
205	0.561761	75000	-0.332325	-82.049415
206	0.559993	75000	-0.331659	-82.381074
207	0.558230	75000	-0.331001	-82.712075
208	0.556469	75000	-0.330466	-83.042541
209	0.554712	75000	-0.329805	-83.372346
210	0.552958	75000	-0.329234	-83.701580
211	0.551208	75000	-0.328666	-84.030246
212	0.549461	75000	-0.328001	-84.358247
213	0.547717	75000	-0.327282	-84.685529
214	0.545977	75000	-0.326726	-85.012255
215	0.544240	75000	-0.326180	-85.338435
216	0.542506	75000	-0.325550	-85.663985
217	0.540775	75000	-0.324944	-85.988929
218	0.539048	75000	-0.324241	-86.313170
219	0.537324	75000	-0.323701	-86.636872
220	0.535604	75000	-0.323072	-86.959944
221	0.533887	75000	-0.322535	-87.282479
222	0.532173	75000	-0.321930	-87.604409
223	0.530462	75000	-0.321250	-87.925659
224	0.528755	75000	-0.320613	-88.246272
225	0.527051	75000	-0.320059	-88.566331
226	0.525350	75000	-0.319450	-88.885781
227	0.523653	75000	-0.318784	-89.204564
228	0.521958	75000	-0.318248	-89.522812
229	0.520268	75000	-0.317586	-89.840398
230	0.518580	75000	-0.316994	-90.157392
231	0.516896	75000	-0.316366	-90.473758
232	0.515215	75000	-0.315764	-90.789522
233	0.513537	75000	-0.315148	-91.104670
234	0.511863	75000	-0.314617	-91.419287
235	0.510192	75000	-0.313950	-91.733237
236	0.508524	75000	-0.313342	-92.046579
237	0.506859	75000	-0.312810	-92.359389
238	0.505198	75000	-0.312151	-92.671540
239	0.503540	75000	-0.311562	-92.983101
240	0.501885	75000	-0.310966	-93.294068
241	0.500234	75000	-0.310369	-93.604437
242	0.498586	75000	-0.309750	-93.914187
243	0.496941	75000	-0.309214	-94.223400
244	0.495299	75000	-0.308586	-94.531986
245	0.493660	75000	-0.307929	-94.839915
246	0.492025	75000	-0.307407	-95.147321
247	0.490393	75000	-0.306763	-95.454085
248	0.488765	75000	-0.306228	-95.760313
249	0.487139	75000	-0.305570	-96.065883
250	0.485517	75000	-0.304908	-96.370791
251	0.483898	75000	-0.304340	-96.675131
252	0.482283	75000	-0.303665	-96.978795
253	0.480670	75000	-0.303130	-97.281925
254	0.479061	75000	-0.302507	-97.584432
255	0.477455	75000	-0.301956	-97.886389
256	0.475852	75000	-0.301383	-98.187772
257	0.474253	75000	-0.300772	-98.488544
258	0.472656	75000	-0.300190	-98.788734
259	0.471063	75000	-0.299563	-99.088297
260	0.469474	75000	-0.298965	-99.387262
261	0.467887	75000	-0.298352	-99.685615
262	0.466304	75000	-0.297718	-99.983333
263	0.464723	75000	-0.297197	-100.280530
264	0.463146	75000	-0.296658	-100.577188
265	0.461573	75000	-0.295869	-100.873057
266	0.460002	75000	-0.295426	-101.168483
267	0.458435	75000	-0.294811	-101.463295
268	0.456871	75000	-0.294120	-101.757415
269	0.455310	75000	-0.293629	-102.051045
270	0.453752	75000	-0.293051	-102.344095
271	0.452198	75000	-0.292430	-102.636525
272	0.450647	75000	-0.291846	-102.928371
273	0.449098	75000	-0.291241	-103.219612
274	0.447554	75000	-0.290644	-103.510256
275	0.446012	75000	-0.290047	-103.800304
276	0.444473	75000	-0.289552	-104.089856
277	0.442938	75000	-0.288885	-104.378741
278	0.441406	75000	-0.288281	-104.667021
279	0.439877	75000	-0.287829	-104.954850
280	0.438351	75000	-0.287160	-105.242011
281	0.436829	75000	-0.286564	-105.528575
282	0.435309	75000	-0.286018	-105.814593
283	0.433793	75000	-0.285538	-106.100131
284	0.432280	75000	-0.284761	-106.384892
285	0.430770	75000	-0.284219	-106.669111
286	0.429263	75000	-0.283715	-106.952826
287	0.427760	75000	-0.283029	-107.235854
288	0.426259	75000	-0.282585	-107.518439
289	0.424762	75000	-0.281923	-107.800362
290	0.423268	75000	-0.281239	-108.081601
291	0.421777	75000	-0.280747	-108.362348
292	0.420289	75000	-0.280161	-108.642509
293	0.418805	75000	-0.279595	-108.922104
294	0.417323	75000	-0.278950	-109.201053
295	0.415845	75000	-0.278418	-109.479471
296	0.414370	75000	-0.277867	-109.757339
297	0.412898	75000	-0.277234	-110.034572
298	0.411429	75000	-0.276717	-110.311289
299	0.409963	75000	-0.276169	-110.587458
300	0.408501	75000	-0.275591	-110.863049
301	0.407041	75000	-0.274935	-111.137984
302	0.405585	75000	-0.274357	-111.412341
303	0.404132	75000	-0.273839	-111.686180
304	0.402682	75000	-0.273249	-111.959429
305	0.401235	75000	-0.272587	-112.232016
306	0.399791	75000	-0.271999	-112.504015
307	0.398350	75000	-0.271362	-112.775377
308	0.396913	75000	-0.270889	-113.046265
309	0.395478	75000	-0.270274	-113.316539
310	0.394047	75000	-0.269678	-113.586218
311	0.392619	75000	-0.269098	-113.855316
312	0.391194	75000	-0.268628	-114.123944
313	0.389772	75000	-0.268039	-114.391983
314	0.388353	75000	-0.267570	-114.659553
315	0.386937	75000	-0.266923	-114.926476
316	0.385524	75000	-0.266402	-115.192878
317	0.384115	75000	-0.265739	-115.458617
318	0.382708	75000	-0.265150	-115.723767
319	0.381305	75000	-0.264555	-115.988321
320	0.379904	75000	-0.264084	-116.252405
321	0.378507	75000	-0.263441	-116.515846
322	0.377113	75000	-0.262811	-116.778658
323	0.375722	75000	-0.262296	-117.040953
324	0.374334	75000	-0.261748	-117.302701
325	0.372949	75000	-0.261156	-117.563857
326	0.371567	75000	-0.260612	-117.824469
327	0.370189	75000	-0.260057	-118.084526
328	0.368813	75000	-0.259495	-118.344021
329	0.367440	75000	-0.259026	-118.603047
330	0.366071	75000	-0.258392	-118.861439
331	0.364705	75000	-0.257837	-119.119276
332	0.363341	75000	-0.257257	-119.376534
333	0.361981	75000	-0.256717	-119.633251
334	0.360624	75000	-0.256099	-119.889350
335	0.359269	75000	-0.255495	-120.144845
336	0.357918	75000	-0.255013	-120.399858
337	0.356570	75000	-0.254563	-120.654420
338	0.355225	75000	-0.253911	-120.908331
339	0.353883	75000	-0.253312	-121.161644
340	0.352544	75000	-0.252722	-121.414366
341	0.351208	75000	-0.252239	-121.666605
342	0.349875	75000	-0.251628	-121.918233
343	0.348546	75000	-0.251165	-122.169398
344	0.347219	75000	-0.250415	-122.419812
345	0.345895	75000	-0.249957	-122.669769
346	0.344574	75000	-0.249318	-122.919087
347	0.343257	75000	-0.248873	-123.167960
348	0.341942	75000	-0.248348	-123.416308
349	0.340630	75000	-0.247774	-123.664082
350	0.339322	75000	-0.247138	-123.911220
351	0.338016	75000	-0.246619	-124.157839
352	0.336714	75000	-0.245956	-124.403796
353	0.335414	75000	-0.245411	-124.649207
354	0.334118	75000	-0.245052	-124.894258
355	0.332824	75000	-0.244379	-125.138638
356	0.331534	75000	-0.243769	-125.382407
357	0.330246	75000	-0.243285	-125.625692
358	0.328962	75000	-0.242765	-125.868457
359	0.327680	75000	-0.242268	-126.110724
360	0.326401	75000	-0.241729	-126.352453
361	0.325126	75000	-0.241081	-126.593534
362	0.323853	75000	-0.240513	-126.834047
363	0.322584	75000	-0.239988	-127.074036
364	0.321317	75000	-0.239357	-127.313393
365	0.320054	75000	-0.238902	-127.552295
366	0.318793	75000	-0.238367	-127.790663
367	0.317536	75000	-0.237799	-128.028462
368	0.316281	75000	-0.237291	-128.265753
369	0.315030	75000	-0.236778	-128.502530
370	0.313781	75000	-0.236173	-128.738703
371	0.312535	75000	-0.235582	-128.974285
372	0.311293	75000	-0.235085	-129.209370
373	0.310053	75000	-0.234544	-129.443914
374	0.308816	75000	-0.233929	-129.677843
375	0.307582	75000	-0.233562	-129.911406
376	0.306352	75000	-0.232847	-130.144253
377	0.305124	75000	-0.232507	-130.376760
378	0.303899	75000	-0.231855	-130.608616
379	0.302677	75000	-0.231280	-130.839896
380	0.301458	75000	-0.230710	-131.070606
381	0.300242	75000	-0.230190	-131.300795
382	0.299029	75000	-0.229557	-131.530353
383	0.297819	75000	-0.229107	-131.759460
384	0.296611	75000	-0.228534	-131.987994
385	0.295407	75000	-0.228062	-132.216056
386	0.294206	75000	-0.227428	-132.443484
387	0.293007	75000	-0.226933	-132.670417
388	0.291812	75000	-0.226443	-132.896860
389	0.290619	75000	-0.225851	-133.122711
390	0.289430	75000	-0.225317	-133.348028
391	0.288243	75000	-0.224814	-133.572842
392	0.287059	75000	-0.224250	-133.797091
393	0.285879	75000	-0.223678	-134.020770
394	0.284701	75000	-0.223108	-134.243878
395	0.283526	75000	-0.222683	-134.466560
396	0.282354	75000	-0.222044	-134.688605
397	0.281184	75000	-0.221672	-134.910276
398	0.280018	75000	-0.221112	-135.131389
399	0.278855	75000	-0.220550	-135.351939
400	0.277694	75000	-0.220022	-135.571960
401	0.276537	75000	-0.219431	-135.791391
402	0.275382	75000	-0.218825	-136.010216
403	0.274230	75000	-0.218326	-136.228543
404	0.273082	75000	-0.217861	-136.446403
405	0.271936	75000	-0.217318	-136.663721
406	0.270793	75000	-0.216773	-136.880495
407	0.269652	75000	-0.216209	-137.096704
408	0.268515	75000	-0.215681	-137.312384
409	0.267381	75000	-0.215279	-137.527663
410	0.266249	75000	-0.214687	-137.742350
411	0.265121	75000	-0.214238	-137.956588
412	0.263995	75000	-0.213647	-138.170235
413	0.262872	75000	-0.213073	-138.383308
414	0.261752	75000	-0.212500	-138.595808
415	0.260635	75000	-0.212057	-138.807865
416	0.259520	75000	-0.211547	-139.019412
417	0.258409	75000	-0.210850	-139.230262
418	0.257300	75000	-0.210496	-139.440758
419	0.256195	75000	-0.210023	-139.650781
420	0.255092	75000	-0.209440	-139.860221
421	0.253992	75000	-0.208931	-140.069152
422	0.252895	75000	-0.208448	-140.277600
423	0.251800	75000	-0.207923	-140.485523
424	0.250709	75000	-0.207404	-140.692927
425	0.249620	75000	-0.206889	-140.899815
426	0.248534	75000	-0.206375	-141.106191
427	0.247451	75000	-0.205822	-141.312013
428	0.246371	75000	-0.205315	-141.517327
429	0.245294	75000	-0.204852	-141.722179
430	0.244220	75000	-0.204285	-141.926464
431	0.243148	75000	-0.203780	-142.130244
432	0.242079	75000	-0.203318	-142.333562
433	0.241013	75000	-0.202583	-142.536145
434	0.239950	75000	-0.202106	-142.738251
435	0.238890	75000	-0.201758	-142.940009
436	0.237832	75000	-0.201094	-143.141104
437	0.236778	75000	-0.200631	-143.341735
438	0.235726	75000	-0.200083	-143.541818
439	0.234677	75000	-0.199671	-143.741488
440	0.233630	75000	-0.199213	-143.940701
441	0.232587	75000	-0.198580	-144.139281
442	0.231546	75000	-0.197978	-144.337258
443	0.230509	75000	-0.197584	-144.534843
444	0.229473	75000	-0.197022	-144.731864
445	0.228441	75000	-0.196535	-144.928399
446	0.227412	75000	-0.196065	-145.124464
447	0.226385	75000	-0.195564	-145.320028
448	0.225361	75000	-0.195079	-145.515107
449	0.224340	75000	-0.194457	-145.709563
450	0.223322	75000	-0.193987	-145.903550
451	0.222306	75000	-0.193513	-146.097063
452	0.221293	75000	-0.192988	-146.290051
453	0.220283	75000	-0.192522	-146.482574
454	0.219276	75000	-0.191990	-146.674564
455	0.218272	75000	-0.191471	-146.866035
456	0.217270	75000	-0.190950	-147.056985
457	0.216271	75000	-0.190508	-147.247493
458	0.215275	75000	-0.190035	-147.437527
459	0.214281	75000	-0.189470	-147.626997
460	0.213291	75000	-0.188912	-147.815910
461	0.212303	75000	-0.188414	-148.004323
462	0.211318	75000	-0.187894	-148.192217
463	0.210335	75000	-0.187392	-148.379609
464	0.209356	75000	-0.186887	-148.566496
465	0.208379	75000	-0.186410	-148.752906
466	0.207404	75000	-0.185897	-148.938803
467	0.206433	75000	-0.185355	-149.124158
468	0.205464	75000	-0.184912	-149.309070
469	0.204498	75000	-0.184357	-149.493427
470	0.203535	75000	-0.183917	-149.677343
471	0.202575	75000	-0.183426	-149.860769
472	0.201617	75000	-0.183024	-150.043793
473	0.200662	75000	-0.182481	-150.226275
474	0.199709	75000	-0.181974	-150.408249
475	0.198760	75000	-0.181454	-150.589703
476	0.197813	75000	-0.180958	-150.770662
477	0.196869	75000	-0.180502	-150.951164
478	0.195927	75000	-0.179962	-151.131126
479	0.194988	75000	-0.179449	-151.310575
480	0.194052	75000	-0.179078	-151.489652
481	0.193119	75000	-0.178532	-151.668184
482	0.192188	75000	-0.178074	-151.846258
483	0.191260	75000	-0.177520	-152.023778
484	0.190335	75000	-0.177049	-152.200827
485	0.189412	75000	-0.176553	-152.377380
486	0.188492	75000	-0.175987	-152.553367
487	0.187575	75000	-0.175511	-152.728878
488	0.186660	75000	-0.175115	-152.903993
489	0.185749	75000	-0.174502	-153.078494
490	0.184839	75000	-0.174111	-153.252605
491	0.183933	75000	-0.173630	-153.426235
492	0.183029	75000	-0.172948	-153.599183
493	0.182128	75000	-0.172637	-153.771820
494	0.181229	75000	-0.172199	-153.944020
495	0.180333	75000	-0.171681	-154.115701
496	0.179440	75000	-0.171175	-154.286876
497	0.178550	75000	-0.170658	-154.457534
498	0.177662	75000	-0.170173	-154.627707
499	0.176777	75000	-0.169652	-154.797360
500	0.175894	75000	-0.169219	-154.966579
501	0.175014	75000	-0.168760	-155.135339
502	0.174137	75000	-0.168341	-155.303680
503	0.173262	75000	-0.167762	-155.471441
504	0.172390	75000	-0.167388	-155.638829
505	0.171521	75000	-0.166919	-155.805748
506	0.170654	75000	-0.166521	-155.972269
507	0.169790	75000	-0.165971	-156.138241
508	0.168929	75000	-0.165419	-156.303660
509	0.168070	75000	-0.164792	-156.468453
510	0.167214	75000	-0.164507	-156.632959
511	0.166360	75000	-0.164163	-156.797123
512	0.165509	75000	-0.163573	-156.960696
513	0.164661	75000	-0.162885	-157.123581
514	0.163815	75000	-0.162511	-157.286091
515	0.162972	75000	-0.162301	-157.448392
516	0.162132	75000	-0.161662	-157.610055
517	0.161294	75000	-0.161162	-157.771216
518	0.160458	75000	-0.160822	-157.932038
519	0.159626	75000	-0.160255	-158.092293
520	0.158796	75000	-0.159750	-158.252044
521	0.157968	75000	-0.159291	-158.411334
522	0.157143	75000	-0.158868	-158.570202
523	0.156321	75000	-0.158417	-158.728620
524	0.155501	75000	-0.157846	-158.886466
525	0.154684	75000	-0.157425	-159.043891
526	0.153870	75000	-0.156873	-159.200764
527	0.153058	75000	-0.156502	-159.357266
528	0.152248	75000	-0.156003	-159.513269
529	0.151441	75000	-0.155583	-159.668852
530	0.150637	75000	-0.155048	-159.823900
531	0.149835	75000	-0.154580	-159.978480
532	0.149036	75000	-0.154114	-160.132593
533	0.148240	75000	-0.153688	-160.286281
534	0.147446	75000	-0.153185	-160.439466
535	0.146654	75000	-0.152752	-160.592217
536	0.145865	75000	-0.152258	-160.744475
537	0.145079	75000	-0.151857	-160.896332
538	0.144295	75000	-0.151425	-161.047757
539	0.143514	75000	-0.150889	-161.198647
540	0.142735	75000	-0.150401	-161.349048
541	0.141959	75000	-0.149965	-161.499013
542	0.141186	75000	-0.149436	-161.648448
543	0.140415	75000	-0.149214	-161.797663
544	0.139646	75000	-0.148673	-161.946336
545	0.138880	75000	-0.148137	-162.094473
546	0.138116	75000	-0.147758	-162.242231
547	0.137356	75000	-0.147174	-162.389405
548	0.136597	75000	-0.146641	-162.536046
549	0.135841	75000	-0.146332	-162.682378
550	0.135088	75000	-0.145873	-162.828251
551	0.134337	75000	-0.145443	-162.973694
552	0.133588	75000	-0.145037	-163.118731
553	0.132843	75000	-0.144471	-163.263202
554	0.132099	75000	-0.144045	-163.407247
555	0.131358	75000	-0.143552	-163.550799
556	0.130620	75000	-0.143238	-163.694037
557	0.129884	75000	-0.142717	-163.836754
558	0.129151	75000	-0.142262	-163.979016
559	0.128420	75000	-0.141876	-164.120892
560	0.127691	75000	-0.141348	-164.262240
561	0.126965	75000	-0.141010	-164.403250
562	0.126242	75000	-0.140566	-164.543816
563	0.125521	75000	-0.140031	-164.683847
564	0.124802	75000	-0.139602	-164.823449
565	0.124086	75000	-0.139197	-164.962646
566	0.123373	75000	-0.138700	-165.101347
567	0.122662	75000	-0.138244	-165.239591
568	0.121953	75000	-0.137849	-165.377440
569	0.121247	75000	-0.137464	-165.514904
570	0.120543	75000	-0.136938	-165.651842
571	0.119842	75000	-0.136543	-165.788385
572	0.119143	75000	-0.135972	-165.924357
573	0.118447	75000	-0.135822	-166.060180
574	0.117753	75000	-0.135237	-166.195417
575	0.117062	75000	-0.134699	-166.330116
576	0.116373	75000	-0.134331	-166.464447
577	0.115686	75000	-0.134030	-166.598476
578	0.115002	75000	-0.133544	-166.732021
579	0.114320	75000	-0.132962	-166.864983
580	0.113641	75000	-0.132631	-166.997614
581	0.112964	75000	-0.132030	-167.129644
582	0.112290	75000	-0.131767	-167.261412
583	0.111618	75000	-0.131286	-167.392698
584	0.110948	75000	-0.130710	-167.523408
585	0.110281	75000	-0.130422	-167.653830
586	0.109616	75000	-0.129972	-167.783802
587	0.108954	75000	-0.129582	-167.913384
588	0.108294	75000	-0.129015	-168.042399
589	0.107637	75000	-0.128768	-168.171167
590	0.106981	75000	-0.128161	-168.299328
591	0.106329	75000	-0.127962	-168.427290
592	0.105678	75000	-0.127374	-168.554664
593	0.105030	75000	-0.126976	-168.681641
594	0.104385	75000	-0.126574	-168.808215
595	0.103742	75000	-0.126046	-168.934261
596	0.103101	75000	-0.125576	-169.059837
597	0.102463	75000	-0.125163	-169.185000
598	0.101827	75000	-0.124972	-169.309972
599	0.101193	75000	-0.124354	-169.434327
600	0.100562	75000	-0.124051	-169.558378
601	0.099933	75000	-0.123576	-169.681954
602	0.099306	75000	-0.123124	-169.805078
603	0.098682	75000	-0.122704	-169.927782
604	0.098060	75000	-0.122303	-170.050085
605	0.097441	75000	-0.122012	-170.172096
606	0.096824	75000	-0.121339	-170.293435
607	0.096209	75000	-0.121177	-170.414612
608	0.095596	75000	-0.120677	-170.535289
609	0.094986	75000	-0.120226	-170.655516
610	0.094379	75000	-0.119904	-170.775420
611	0.093773	75000	-0.119492	-170.894912
612	0.093170	75000	-0.119036	-171.013947
613	0.092570	75000	-0.118561	-171.132508
614	0.091971	75000	-0.118219	-171.250727
615	0.091375	75000	-0.117796	-171.368523
616	0.090781	75000	-0.117272	-171.485796
617	0.090190	75000	-0.116994	-171.602789
618	0.089601	75000	-0.116573	-171.719363
619	0.089014	75000	-0.116239	-171.835602
620	0.088430	75000	-0.115775	-171.951377
621	0.087848	75000	-0.115275	-172.066652
622	0.087268	75000	-0.114839	-172.181491
623	0.086690	75000	-0.114436	-172.295927
624	0.086115	75000	-0.114172	-172.410100
625	0.085542	75000	-0.113706	-172.523805
626	0.084971	75000	-0.113291	-172.637096
627	0.084403	75000	-0.113007	-172.750103
628	0.083837	75000	-0.112510	-172.862613
629	0.083273	75000	-0.111944	-172.974557
630	0.082712	75000	-0.111642	-173.086199
631	0.082152	75000	-0.111398	-173.197597
632	0.081595	75000	-0.110807	-173.308404
633	0.081041	75000	-0.110512	-173.418916
634	0.080488	75000	-0.110043	-173.528959
635	0.079938	75000	-0.109637	-173.638596
636	0.079390	75000	-0.109406	-173.748002
637	0.078845	75000	-0.108936	-173.856938
638	0.078301	75000	-0.108503	-173.965441
639	0.077760	75000	-0.108201	-174.073642
640	0.077221	75000	-0.107703	-174.181345
641	0.076684	75000	-0.107258	-174.288603
642	0.076150	75000	-0.106928	-174.395531
643	0.075618	75000	-0.106378	-174.501909
644	0.075088	75000	-0.106066	-174.607975
645	0.074560	75000	-0.105876	-174.713851
646	0.074035	75000	-0.105368	-174.819219
647	0.073512	75000	-0.104969	-174.924188
648	0.072991	75000	-0.104718	-175.028906
649	0.072472	75000	-0.104297	-175.133203
650	0.071955	75000	-0.103903	-175.237105
651	0.071441	75000	-0.103567	-175.340672
652	0.070929	75000	-0.103052	-175.443724
653	0.070419	75000	-0.102878	-175.546602
654	0.069911	75000	-0.102218	-175.648820
655	0.069406	75000	-0.101967	-175.750787
656	0.068903	75000	-0.101566	-175.852352
657	0.068401	75000	-0.101201	-175.953553
658	0.067903	75000	-0.100767	-176.054320
659	0.067406	75000	-0.100386	-176.154706
660	0.066911	75000	-0.100116	-176.254822
661	0.066419	75000	-0.099681	-176.354503
662	0.065929	75000	-0.099277	-176.453781
663	0.065441	75000	-0.098716	-176.552496
664	0.064955	75000	-0.098504	-176.651000
665	0.064471	75000	-0.098198	-176.749198
666	0.063990	75000	-0.097594	-176.846792
667	0.063510	75000	-0.097364	-176.944157
668	0.063033	75000	-0.097279	-177.041436
669	0.062558	75000	-0.096533	-177.137969
670	0.062085	75000	-0.096332	-177.234301
671	0.061615	75000	-0.095897	-177.330197
672	0.061146	75000	-0.095544	-177.425741
673	0.060680	75000	-0.095157	-177.520898
674	0.060216	75000	-0.094840	-177.615737
675	0.059753	75000	-0.094356	-177.710093
676	0.059293	75000	-0.093837	-177.803930
677	0.058836	75000	-0.093592	-177.897522
678	0.058380	75000	-0.093560	-177.991083
679	0.057926	75000	-0.092958	-178.084040
680	0.057475	75000	-0.092716	-178.176757
681	0.057025	75000	-0.092323	-178.269080
682	0.056578	75000	-0.091927	-178.361007
683	0.056133	75000	-0.091604	-178.452611
684	0.055690	75000	-0.091431	-178.544042
685	0.055249	75000	-0.090849	-178.634891
686	0.054810	75000	-0.090522	-178.725413
687	0.054373	75000	-0.090252	-178.815665
688	0.053939	75000	-0.089930	-178.905595
689	0.053506	75000	-0.089490	-178.995084
690	0.053076	75000	-0.089326	-179.084410
691	0.052647	75000	-0.088709	-179.173119
692	0.052221	75000	-0.088374	-179.261494
693	0.051797	75000	-0.087964	-179.349458
694	0.051375	75000	-0.087746	-179.437204
695	0.050955	75000	-0.087216	-179.524420
696	0.050537	75000	-0.087066	-179.611486
697	0.050121	75000	-0.086835	-179.698321
698	0.049707	75000	-0.086282	-179.784603
699	0.049295	75000	-0.085897	-179.870500
700	0.048885	75000	-0.085559	-179.956059
701	0.048478	75000	-0.085324	-180.041383
702	0.048072	75000	-0.085079	-180.126462
703	0.047668	75000	-0.084721	-180.211183
704	0.047267	75000	-0.084473	-180.295656
705	0.046867	75000	-0.083856	-180.379513
706	0.046470	75000	-0.083759	-180.463272
707	0.046074	75000	-0.083354	-180.546625
708	0.045681	75000	-0.083070	-180.629695
709	0.045289	75000	-0.082690	-180.712385
710	0.044900	75000	-0.082284	-180.794668
711	0.044512	75000	-0.081950	-180.876618
712	0.044127	75000	-0.081674	-180.958292
713	0.043744	75000	-0.081197	-181.039489
714	0.043362	75000	-0.081286	-181.120776
715	0.042983	75000	-0.080777	-181.201552
716	0.042606	75000	-0.080435	-181.281987
717	0.042230	75000	-0.080148	-181.362135
718	0.041857	75000	-0.079879	-181.442014
719	0.041485	75000	-0.079751	-181.521765
720	0.041116	75000	-0.079211	-181.600976
721	0.040749	75000	-0.078876	-181.679852
722	0.040383	75000	-0.078624	-181.758475
723	0.040020	75000	-0.078055	-181.836531
724	0.039658	75000	-0.077902	-181.914433
725	0.039299	75000	-0.077491	-181.991923
726	0.038941	75000	-0.077520	-182.069443
727	0.038585	75000	-0.076997	-182.146440
728	0.038232	75000	-0.076673	-182.223112
729	0.037880	75000	-0.076276	-182.299388
730	0.037530	75000	-0.076317	-182.375706
731	0.037182	75000	-0.075629	-182.451335
732	0.036836	75000	-0.075268	-182.526603
733	0.036493	75000	-0.075372	-182.601975
734	0.036151	75000	-0.074916	-182.676891
735	0.035810	75000	-0.074507	-182.751398
736	0.035472	75000	-0.074107	-182.825506
737	0.035136	75000	-0.074303	-182.899809
738	0.034802	75000	-0.073668	-182.973477
739	0.034469	75000	-0.073456	-183.046933
740	0.034139	75000	-0.072892	-183.119825
741	0.033810	75000	-0.072840	-183.192665
742	0.033484	75000	-0.072582	-183.265247
743	0.033159	75000	-0.072240	-183.337487
744	0.032836	75000	-0.071891	-183.409378
745	0.032515	75000	-0.071698	-183.481075
746	0.032196	75000	-0.071770	-183.552845
747	0.031879	75000	-0.071024	-183.623869
748	0.031563	75000	-0.070908	-183.694777
749	0.031250	75000	-0.070558	-183.765335
750	0.030938	75000	-0.070152	-183.835487
751	0.030629	75000	-0.070036	-183.905523
752	0.030321	75000	-0.069749	-183.975272
753	0.030015	75000	-0.069465	-184.044737
754	0.029711	75000	-0.068948	-184.113685
755	0.029409	75000	-0.068792	-184.182478
756	0.029108	75000	-0.068631	-184.251108
757	0.028810	75000	-0.068781	-184.319889
758	0.028513	75000	-0.068086	-184.387975
759	0.028218	75000	-0.068074	-184.456049
760	0.027925	75000	-0.067626	-184.523676
761	0.027634	75000	-0.067551	-184.591227
762	0.027345	75000	-0.067310	-184.658537
763	0.027057	75000	-0.067111	-184.725649
764	0.026771	75000	-0.066495	-184.792144
765	0.026487	75000	-0.066290	-184.858434
766	0.026205	75000	-0.066093	-184.924527
767	0.025925	75000	-0.065947	-184.990474
768	0.025647	75000	-0.065338	-185.055811
769	0.025370	75000	-0.065444	-185.121255
770	0.025095	75000	-0.065586	-185.186840
771	0.024822	75000	-0.064855	-185.251696
772	0.024551	75000	-0.064963	-185.316658
773	0.024281	75000	-0.064623	-185.381281
774	0.024014	75000	-0.064464	-185.445745
775	0.023748	75000	-0.063906	-185.509650
776	0.023483	75000	-0.063750	-185.573400
777	0.023221	75000	-0.063654	-185.637054
778	0.022960	75000	-0.063865	-185.700919
779	0.022702	75000	-0.063415	-185.764334
780	0.022445	75000	-0.063273	-185.827607
781	0.022189	75000	-0.062917	-185.890524
782	0.021936	75000	-0.062918	-185.953442
783	0.021684	75000	-0.062438	-186.015880
784	0.021434	75000	-0.062433	-186.078313
785	0.021185	75000	-0.062374	-186.140687
786	0.020939	75000	-0.062256	-186.202943
787	0.020694	75000	-0.061997	-186.264940
788	0.020451	75000	-0.061839	-186.326780
789	0.020209	75000	-0.061631	-186.388410
790	0.019969	75000	-0.061464	-186.449875
791	0.019731	75000	-0.061400	-186.511274
792	0.019495	75000	-0.061174	-186.572448
793	0.019261	75000	-0.061022	-186.633470
794	0.019028	75000	-0.060868	-186.694338
795	0.018796	75000	-0.060185	-186.754523
796	0.018567	75000	-0.060181	-186.814704
797	0.018339	75000	-0.060684	-186.875389
798	0.018113	75000	-0.059976	-186.935365
799	0.017889	75000	-0.060166	-186.995530
800	0.017666	75000	-0.060075	-187.055605
801	0.017445	75000	-0.060077	-187.115682
802	0.017225	75000	-0.060099	-187.175781
803	0.017007	75000	-0.059460	-187.235242
804	0.016791	75000	-0.059799	-187.295040
805	0.016577	75000	-0.059082	-187.354122
806	0.016364	75000	-0.059091	-187.413213
807	0.016153	75000	-0.059011	-187.472225
808	0.015943	75000	-0.059104	-187.531329
809	0.015736	75000	-0.059033	-187.590362
810	0.015529	75000	-0.058739	-187.649101
811	0.015325	75000	-0.058756	-187.707858
812	0.015122	75000	-0.058290	-187.766148
813	0.014920	75000	-0.059351	-187.825499
814	0.014721	75000	-0.058638	-187.884137
815	0.014523	75000	-0.059545	-187.943682
816	0.014326	75000	-0.058719	-188.002401
817	0.014131	75000	-0.059005	-188.061406
818	0.013938	75000	-0.059443	-188.120849
819	0.013746	75000	-0.059508	-188.180357
820	0.013556	75000	-0.059951	-188.240309
821	0.013367	75000	-0.059207	-188.299515
822	0.013181	75000	-0.058731	-188.358246
823	0.012995	75000	-0.058862	-188.417108
824	0.012811	75000	-0.059775	-188.476883
825	0.012629	75000	-0.060227	-188.537110
826	0.012448	75000	-0.059931	-188.597041
827	0.012269	75000	-0.060262	-188.657302
828	0.012092	75000	-0.060023	-188.717325
829	0.011916	75000	-0.061101	-188.778426
830	0.011741	75000	-0.060267	-188.838693
831	0.011568	75000	-0.060439	-188.899132
832	0.011397	75000	-0.059727	-188.958859
833	0.011227	75000	-0.060274	-189.019133
834	0.011059	75000	-0.061581	-189.080715
835	0.010892	75000	-0.061254	-189.141968
836	0.010727	75000	-0.061138	-189.203106
837	0.010563	75000	-0.063201	-189.266307
838	0.010401	75000	-0.062119	-189.328426
839	0.010240	75000	-0.061981	-189.390407
840	0.010081	75000	-0.063827	-189.454234
841	0.009923	75000	-0.062702	-189.516936
842	0.009767	75000	-0.065080	-189.582016
843	0.009612	75000	-0.065419	-189.647435
844	0.009459	75000	-0.063759	-189.711195
845	0.009307	75000	-0.066399	-189.777594
846	0.009156	75000	-0.066585	-189.844179
847	0.009008	75000	-0.065722	-189.909901
848	0.008860	75000	-0.066162	-189.976063
849	0.008714	75000	-0.068998	-190.045061
850	0.008570	75000	-0.069586	-190.114647
851	0.008427	75000	-0.068018	-190.182665
852	0.008285	75000	-0.068495	-190.251160
853	0.008145	75000	-0.070961	-190.322121
854	0.008006	75000	-0.071788	-190.393909
855	0.007869	75000	-0.072159	-190.466068
856	0.007733	75000	-0.072558	-190.538626
857	0.007598	75000	-0.073701	-190.612327
858	0.007465	75000	-0.074842	-190.687170
859	0.007334	75000	-0.075853	-190.763023
860	0.007203	75000	-0.078588	-190.841611
861	0.007075	75000	-0.076513	-190.918124
862	0.006947	75000	-0.078454	-190.996578
863	0.006821	75000	-0.080046	-191.076625
864	0.006696	75000	-0.081494	-191.158119
865	0.006573	75000	-0.080906	-191.239025
866	0.006451	75000	-0.082211	-191.321236
867	0.006330	75000	-0.084141	-191.405377
868	0.006211	75000	-0.082736	-191.488114
869	0.006093	75000	-0.085476	-191.573589
870	0.005977	75000	-0.085160	-191.658749
871	0.005862	75000	-0.087578	-191.746327
872	0.005748	75000	-0.088641	-191.834968
873	0.005635	75000	-0.090444	-191.925413
874	0.005524	75000	-0.091991	-192.017404
875	0.005414	75000	-0.091912	-192.109316
876	0.005306	75000	-0.092588	-192.201904
877	0.005199	75000	-0.095564	-192.297468
878	0.005093	75000	-0.095640	-192.393108
879	0.004988	75000	-0.095026	-192.488134
880	0.004885	75000	-0.098870	-192.587004
881	0.004783	75000	-0.096165	-192.683169
882	0.004682	75000	-0.098946	-192.782116
883	0.004583	75000	-0.099365	-192.881480
884	0.004485	75000	-0.101260	-192.982740
885	0.004388	75000	-0.100406	-193.083146
886	0.004292	75000	-0.100828	-193.183974
887	0.004198	75000	-0.101529	-193.285504
888	0.004105	75000	-0.101431	-193.386935
889	0.004013	75000	-0.102910	-193.489845
890	0.003923	75000	-0.104845	-193.594690
891	0.003833	75000	-0.103557	-193.698246
892	0.003745	75000	-0.104701	-193.802948
893	0.003658	75000	-0.104553	-193.907501
894	0.003573	75000	-0.104021	-194.011522
895	0.003488	75000	-0.102021	-194.113543
896	0.003405	75000	-0.103966	-194.217510
897	0.003323	75000	-0.104120	-194.321629
898	0.003242	75000	-0.104558	-194.426187
899	0.003162	75000	-0.104253	-194.530441
900	0.003084	75000	-0.103594	-194.634035
901	0.003007	75000	-0.103609	-194.737644
902	0.002930	75000	-0.102705	-194.840349
903	0.002855	75000	-0.102540	-194.942889
904	0.002782	75000	-0.100993	-195.043882
905	0.002709	75000	-0.101746	-195.145628
906	0.002638	75000	-0.100124	-195.245752
907	0.002567	75000	-0.100234	-195.345986
908	0.002498	75000	-0.100137	-195.446123
909	0.002430	75000	-0.099603	-195.545725
910	0.002363	75000	-0.098360	-195.644086
911	0.002297	75000	-0.097571	-195.741657
912	0.002233	75000	-0.096266	-195.837923
913	0.002169	75000	-0.095965	-195.933888
914	0.002106	75000	-0.093992	-196.027880
915	0.002045	75000	-0.093722	-196.121602
916	0.001985	75000	-0.092158	-196.213761
917	0.001925	75000	-0.091026	-196.304786
918	0.001867	75000	-0.090713	-196.395499
919	0.001810	75000	-0.089089	-196.484588
920	0.001754	75000	-0.088100	-196.572688
921	0.001699	75000	-0.087202	-196.659891
922	0.001645	75000	-0.086480	-196.746371
923	0.001592	75000	-0.084738	-196.831109
924	0.001540	75000	-0.083376	-196.914485
925	0.001490	75000	-0.083051	-196.997536
926	0.001440	75000	-0.081479	-197.079015
927	0.001391	75000	-0.080157	-197.159172
928	0.001343	75000	-0.078190	-197.237362
929	0.001296	75000	-0.077230	-197.314593
930	0.001251	75000	-0.075488	-197.390080
931	0.001206	75000	-0.075027	-197.465107
932	0.001162	75000	-0.073091	-197.538198
933	0.001119	75000	-0.072006	-197.610204
934	0.001077	75000	-0.070761	-197.680965
935	0.001036	75000	-0.069200	-197.750165
936	0.000996	75000	-0.067369	-197.817534
937	0.000957	75000	-0.066387	-197.883921
938	0.000919	75000	-0.065092	-197.949013
939	0.000882	75000	-0.063499	-198.012511
940	0.000846	75000	-0.061930	-198.074441
941	0.000810	75000	-0.061050	-198.135491
942	0.000776	75000	-0.059456	-198.194947
943	0.000742	75000	-0.058166	-198.253113
944	0.000709	75000	-0.056641	-198.309754
945	0.000678	75000	-0.055015	-198.364769
946	0.000647	75000	-0.054019	-198.418788
947	0.000617	75000	-0.052551	-198.471339
948	0.000587	75000	-0.051119	-198.522458
949	0.000559	75000	-0.049813	-198.572271
950	0.000531	75000	-0.048397	-198.620668
951	0.000505	75000	-0.046928	-198.667596
952	0.000479	75000	-0.045601	-198.713197
953	0.000454	75000	-0.044185	-198.757382
954	0.000430	75000	-0.042926	-198.800309
955	0.000406	75000	-0.041626	-198.841935
956	0.000383	75000	-0.040189	-198.882124
957	0.000362	75000	-0.038871	-198.920995
958	0.000340	75000	-0.037491	-198.958486
959	0.000320	75000	-0.036278	-198.994764
960	0.000300	75000	-0.035055	-199.029819
961	0.000281	75000	-0.033759	-199.063578
962	0.000263	75000	-0.032384	-199.095962
963	0.000246	75000	-0.031108	-199.127070
964	0.000229	75000	-0.030084	-199.157154
965	0.000213	75000	-0.028648	-199.185802
966	0.000198	75000	-0.027546	-199.213348
967	0.000183	75000	-0.026104	-199.239452
968	0.000169	75000	-0.025123	-199.264575
969	0.000156	75000	-0.024008	-199.288584
970	0.000143	75000	-0.022856	-199.311439
971	0.000131	75000	-0.021660	-199.333099
972	0.000120	75000	-0.020578	-199.353677
973	0.000109	75000	-0.019461	-199.373138
974	0.000099	75000	-0.018394	-199.391532
975	0.000089	75000	-0.017252	-199.408784
976	0.000080	75000	-0.016268	-199.425052
977	0.000072	75000	-0.015259	-199.440311
978	0.000064	75000	-0.014227	-199.454539
979	0.000057	75000	-0.013312	-199.467851
980	0.000050	75000	-0.012292	-199.480143
981	0.000043	75000	-0.011374	-199.491517
982	0.000038	75000	-0.010498	-199.502015
983	0.000032	75000	-0.009598	-199.511613
984	0.000028	75000	-0.008761	-199.520374
985	0.000023	75000	-0.007942	-199.528316
986	0.000019	75000	-0.007099	-199.535415
987	0.000016	75000	-0.006336	-199.541751
988	0.000013	75000	-0.005600	-199.547351
989	0.000010	75000	-0.004874	-199.552225
990	0.000008	75000	-0.004197	-199.556422
991	0.000006	75000	-0.003542	-199.559964
992	0.000004	75000	-0.002955	-199.562919
993	0.000003	75000	-0.002379	-199.565298
994	0.000002	75000	-0.001847	-199.567145
995	0.000001	75000	-0.001370	-199.568515
996	0.000000	75000	-0.000944	-199.569459
997	0.000000	75000	-0.000568	-199.570028
998	0.000000	75000	-0.000266	-199.570294
999	0.000000	75000	-0.000057	-199.570351
Log marginal likelihood:	-199.570351
