Steppingstone sampler:
        No Stones:                  1000
        Start It:                   10000001
        It Per Stone:               100000
        Sample Freq:                1
        Dist:                       Beta(0.400000,1.000000)
Stone No	Power	N	Stone MLh	Running MLh
0	0.997502	75000	0.123206	0.123206
1	0.995007	75000	0.123103	0.246310
2	0.992517	75000	0.122927	0.369237
3	0.990030	75000	0.122734	0.491971
4	0.987547	75000	0.122519	0.614490
5	0.985067	75000	0.122371	0.736861
6	0.982592	75000	0.122103	0.858964
7	0.980120	75000	0.121951	0.980915
8	0.977652	75000	0.121747	1.102663
9	0.975187	75000	0.121612	1.224274
10	0.972726	75000	0.121356	1.345631
11	0.970269	75000	0.121268	1.466899
12	0.967816	75000	0.121067	1.587966
13	0.965367	75000	0.120817	1.708783
14	0.962921	75000	0.120584	1.829367
15	0.960479	75000	0.120463	1.949830
16	0.958040	75000	0.120233	2.070063
17	0.955606	75000	0.120054	2.190117
18	0.953175	75000	0.119909	2.310026
19	0.950747	75000	0.119687	2.429714
20	0.948324	75000	0.119457	2.549171
21	0.945904	75000	0.119313	2.668483
22	0.943488	75000	0.119093	2.787576
23	0.941076	75000	0.118926	2.906502
24	0.938667	75000	0.118704	3.025206
25	0.936262	75000	0.118529	3.143735
26	0.933861	75000	0.118324	3.262059
27	0.931463	75000	0.118188	3.380248
28	0.929069	75000	0.117977	3.498225
29	0.926679	75000	0.117816	3.616041
30	0.924293	75000	0.117587	3.733628
31	0.921910	75000	0.117345	3.850973
32	0.919531	75000	0.117254	3.968227
33	0.917155	75000	0.117039	4.085266
34	0.914783	75000	0.116846	4.202112
35	0.912415	75000	0.116664	4.318776
36	0.910051	75000	0.116467	4.435243
37	0.907690	75000	0.116265	4.551508
38	0.905333	75000	0.116012	4.667520
39	0.902980	75000	0.115855	4.783375
40	0.900630	75000	0.115687	4.899062
41	0.898284	75000	0.115519	5.014581
42	0.895942	75000	0.115365	5.129946
43	0.893603	75000	0.115086	5.245032
44	0.891268	75000	0.114979	5.360010
45	0.888937	75000	0.114698	5.474709
46	0.886609	75000	0.114584	5.589293
47	0.884285	75000	0.114400	5.703693
48	0.881965	75000	0.114186	5.817879
49	0.879648	75000	0.114005	5.931883
50	0.877335	75000	0.113789	6.045673
51	0.875026	75000	0.113613	6.159286
52	0.872720	75000	0.113378	6.272665
53	0.870418	75000	0.113291	6.385955
54	0.868120	75000	0.113065	6.499021
55	0.865825	75000	0.112930	6.611950
56	0.863534	75000	0.112681	6.724631
57	0.861246	75000	0.112500	6.837131
58	0.858962	75000	0.112295	6.949427
59	0.856682	75000	0.112176	7.061602
60	0.854405	75000	0.111961	7.173563
61	0.852132	75000	0.111771	7.285334
62	0.849863	75000	0.111555	7.396890
63	0.847597	75000	0.111442	7.508332
64	0.845335	75000	0.111239	7.619570
65	0.843077	75000	0.111096	7.730667
66	0.840822	75000	0.110878	7.841545
67	0.838571	75000	0.110692	7.952237
68	0.836323	75000	0.110479	8.062716
69	0.834079	75000	0.110269	8.172985
70	0.831839	75000	0.110083	8.283068
71	0.829602	75000	0.109913	8.392981
72	0.827369	75000	0.109688	8.502669
73	0.825140	75000	0.109603	8.612272
74	0.822914	75000	0.109332	8.721604
75	0.820691	75000	0.109196	8.830800
76	0.818473	75000	0.109050	8.939850
77	0.816258	75000	0.108786	9.048637
78	0.814046	75000	0.108673	9.157310
79	0.811838	75000	0.108485	9.265795
80	0.809634	75000	0.108281	9.374076
81	0.807433	75000	0.108057	9.482134
82	0.805236	75000	0.107895	9.590028
83	0.803043	75000	0.107667	9.697695
84	0.800853	75000	0.107506	9.805201
85	0.798667	75000	0.107321	9.912522
86	0.796484	75000	0.107138	10.019660
87	0.794305	75000	0.106926	10.126586
88	0.792129	75000	0.106840	10.233426
89	0.789957	75000	0.106569	10.339995
90	0.787789	75000	0.106452	10.446447
91	0.785624	75000	0.106312	10.552758
92	0.783463	75000	0.106047	10.658806
93	0.781305	75000	0.105875	10.764681
94	0.779151	75000	0.105730	10.870411
95	0.777000	75000	0.105498	10.975909
96	0.774853	75000	0.105354	11.081263
97	0.772710	75000	0.105126	11.186390
98	0.770570	75000	0.104930	11.291319
99	0.768433	75000	0.104824	11.396144
100	0.766301	75000	0.104559	11.500703
101	0.764172	75000	0.104369	11.605072
102	0.762046	75000	0.104250	11.709322
103	0.759924	75000	0.104005	11.813328
104	0.757805	75000	0.103884	11.917212
105	0.755690	75000	0.103657	12.020869
106	0.753579	75000	0.103467	12.124337
107	0.751471	75000	0.103340	12.227677
108	0.749366	75000	0.103221	12.330898
109	0.747266	75000	0.103008	12.433907
110	0.745168	75000	0.102742	12.536648
111	0.743075	75000	0.102634	12.639282
112	0.740984	75000	0.102388	12.741670
113	0.738898	75000	0.102272	12.843942
114	0.736815	75000	0.102073	12.946015
115	0.734735	75000	0.101870	13.047886
116	0.732659	75000	0.101700	13.149586
117	0.730586	75000	0.101478	13.251064
118	0.728517	75000	0.101293	13.352357
119	0.726452	75000	0.101111	13.453468
120	0.724390	75000	0.100901	13.554370
121	0.722331	75000	0.100763	13.655133
122	0.720276	75000	0.100633	13.755766
123	0.718225	75000	0.100410	13.856176
124	0.716177	75000	0.100288	13.956464
125	0.714132	75000	0.100045	14.056509
126	0.712091	75000	0.099907	14.156416
127	0.710054	75000	0.099752	14.256169
128	0.708020	75000	0.099586	14.355755
129	0.705989	75000	0.099396	14.455151
130	0.703962	75000	0.099227	14.554379
131	0.701939	75000	0.099011	14.653390
132	0.699919	75000	0.098753	14.752143
133	0.697902	75000	0.098613	14.850756
134	0.695889	75000	0.098344	14.949100
135	0.693880	75000	0.098276	15.047377
136	0.691874	75000	0.098049	15.145426
137	0.689871	75000	0.097913	15.243339
138	0.687872	75000	0.097702	15.341041
139	0.685877	75000	0.097561	15.438602
140	0.683885	75000	0.097386	15.535988
141	0.681896	75000	0.097251	15.633239
142	0.679911	75000	0.096987	15.730226
143	0.677929	75000	0.096866	15.827092
144	0.675951	75000	0.096678	15.923770
145	0.673976	75000	0.096529	16.020299
146	0.672005	75000	0.096294	16.116593
147	0.670037	75000	0.096141	16.212734
148	0.668073	75000	0.095954	16.308688
149	0.666112	75000	0.095717	16.404405
150	0.664155	75000	0.095623	16.500028
151	0.662201	75000	0.095412	16.595440
152	0.660250	75000	0.095275	16.690715
153	0.658303	75000	0.095039	16.785754
154	0.656359	75000	0.094806	16.880560
155	0.654419	75000	0.094702	16.975261
156	0.652483	75000	0.094488	17.069749
157	0.650549	75000	0.094365	17.164114
158	0.648619	75000	0.094193	17.258307
159	0.646693	75000	0.093963	17.352270
160	0.644770	75000	0.093789	17.446059
161	0.642851	75000	0.093672	17.539731
162	0.640934	75000	0.093539	17.633270
163	0.639022	75000	0.093301	17.726570
164	0.637113	75000	0.093108	17.819678
165	0.635207	75000	0.092937	17.912615
166	0.633304	75000	0.092755	18.005370
167	0.631405	75000	0.092566	18.097936
168	0.629510	75000	0.092414	18.190351
169	0.627618	75000	0.092323	18.282673
170	0.625729	75000	0.092080	18.374753
171	0.623844	75000	0.091870	18.466623
172	0.621962	75000	0.091777	18.558401
173	0.620083	75000	0.091551	18.649951
174	0.618208	75000	0.091350	18.741301
175	0.616337	75000	0.091198	18.832499
176	0.614468	75000	0.091015	18.923514
177	0.612604	75000	0.090834	19.014349
178	0.610742	75000	0.090694	19.105043
179	0.608884	75000	0.090492	19.195535
180	0.607029	75000	0.090318	19.285853
181	0.605178	75000	0.090057	19.375910
182	0.603330	75000	0.090058	19.465969
183	0.601486	75000	0.089759	19.555728
184	0.599645	75000	0.089634	19.645362
185	0.597807	75000	0.089479	19.734841
186	0.595973	75000	0.089326	19.824167
187	0.594142	75000	0.089162	19.913329
188	0.592314	75000	0.088978	20.002307
189	0.590490	75000	0.088740	20.091048
190	0.588669	75000	0.088518	20.179566
191	0.586852	75000	0.088365	20.267930
192	0.585038	75000	0.088211	20.356142
193	0.583227	75000	0.088075	20.444217
194	0.581420	75000	0.087817	20.532034
195	0.579616	75000	0.087719	20.619753
196	0.577815	75000	0.087484	20.707237
197	0.576018	75000	0.087335	20.794572
198	0.574224	75000	0.087107	20.881679
199	0.572433	75000	0.087002	20.968682
200	0.570646	75000	0.086757	21.055439
201	0.568862	75000	0.086680	21.142118
202	0.567082	75000	0.086499	21.228617
203	0.565305	75000	0.086251	21.314868
204	0.563531	75000	0.086156	21.401024
205	0.561761	75000	0.085918	21.486942
206	0.559993	75000	0.085733	21.572676
207	0.558230	75000	0.085600	21.658276
208	0.556469	75000	0.085523	21.743799
209	0.554712	75000	0.085273	21.829072
210	0.552958	75000	0.085132	21.914204
211	0.551208	75000	0.084981	21.999185
212	0.549461	75000	0.084708	22.083894
213	0.547717	75000	0.084645	22.168539
214	0.545977	75000	0.084478	22.253017
215	0.544240	75000	0.084269	22.337286
216	0.542506	75000	0.084065	22.421351
217	0.540775	75000	0.083945	22.505296
218	0.539048	75000	0.083770	22.589066
219	0.537324	75000	0.083546	22.672611
220	0.535604	75000	0.083382	22.755994
221	0.533887	75000	0.083177	22.839170
222	0.532173	75000	0.083012	22.922183
223	0.530462	75000	0.082884	23.005066
224	0.528755	75000	0.082690	23.087757
225	0.527051	75000	0.082583	23.170339
226	0.525350	75000	0.082353	23.252692
227	0.523653	75000	0.082220	23.334912
228	0.521958	75000	0.082096	23.417008
229	0.520268	75000	0.081849	23.498857
230	0.518580	75000	0.081685	23.580542
231	0.516896	75000	0.081534	23.662077
232	0.515215	75000	0.081328	23.743404
233	0.513537	75000	0.081060	23.824464
234	0.511863	75000	0.081055	23.905519
235	0.510192	75000	0.080830	23.986349
236	0.508524	75000	0.080690	24.067039
237	0.506859	75000	0.080518	24.147556
238	0.505198	75000	0.080303	24.227860
239	0.503540	75000	0.080179	24.308038
240	0.501885	75000	0.080053	24.388092
241	0.500234	75000	0.079847	24.467939
242	0.498586	75000	0.079692	24.547631
243	0.496941	75000	0.079440	24.627072
244	0.495299	75000	0.079269	24.706340
245	0.493660	75000	0.079214	24.785554
246	0.492025	75000	0.078997	24.864551
247	0.490393	75000	0.078828	24.943379
248	0.488765	75000	0.078669	25.022048
249	0.487139	75000	0.078421	25.100469
250	0.485517	75000	0.078303	25.178772
251	0.483898	75000	0.078123	25.256895
252	0.482283	75000	0.077907	25.334802
253	0.480670	75000	0.077838	25.412640
254	0.479061	75000	0.077545	25.490185
255	0.477455	75000	0.077494	25.567678
256	0.475852	75000	0.077347	25.645025
257	0.474253	75000	0.077122	25.722147
258	0.472656	75000	0.076930	25.799077
259	0.471063	75000	0.076722	25.875799
260	0.469474	75000	0.076646	25.952445
261	0.467887	75000	0.076391	26.028837
262	0.466304	75000	0.076298	26.105135
263	0.464723	75000	0.076151	26.181287
264	0.463146	75000	0.075916	26.257203
265	0.461573	75000	0.075689	26.332892
266	0.460002	75000	0.075565	26.408457
267	0.458435	75000	0.075472	26.483929
268	0.456871	75000	0.075251	26.559180
269	0.455310	75000	0.075135	26.634315
270	0.453752	75000	0.074975	26.709290
271	0.452198	75000	0.074778	26.784069
272	0.450647	75000	0.074596	26.858665
273	0.449098	75000	0.074470	26.933135
274	0.447554	75000	0.074363	27.007499
275	0.446012	75000	0.074148	27.081647
276	0.444473	75000	0.073947	27.155594
277	0.442938	75000	0.073748	27.229342
278	0.441406	75000	0.073586	27.302928
279	0.439877	75000	0.073488	27.376416
280	0.438351	75000	0.073370	27.449786
281	0.436829	75000	0.073153	27.522939
282	0.435309	75000	0.073019	27.595959
283	0.433793	75000	0.072787	27.668745
284	0.432280	75000	0.072617	27.741362
285	0.430770	75000	0.072482	27.813845
286	0.429263	75000	0.072386	27.886230
287	0.427760	75000	0.072187	27.958418
288	0.426259	75000	0.071994	28.030412
289	0.424762	75000	0.071882	28.102293
290	0.423268	75000	0.071673	28.173966
291	0.421777	75000	0.071486	28.245452
292	0.420289	75000	0.071452	28.316904
293	0.418805	75000	0.071116	28.388021
294	0.417323	75000	0.071015	28.459036
295	0.415845	75000	0.070764	28.529799
296	0.414370	75000	0.070709	28.600508
297	0.412898	75000	0.070541	28.671049
298	0.411429	75000	0.070218	28.741267
299	0.409963	75000	0.070151	28.811417
300	0.408501	75000	0.070048	28.881465
301	0.407041	75000	0.069907	28.951372
302	0.405585	75000	0.069672	29.021044
303	0.404132	75000	0.069538	29.090581
304	0.402682	75000	0.069395	29.159976
305	0.401235	75000	0.069191	29.229167
306	0.399791	75000	0.069075	29.298242
307	0.398350	75000	0.068875	29.367117
308	0.396913	75000	0.068648	29.435765
309	0.395478	75000	0.068699	29.504464
310	0.394047	75000	0.068311	29.572776
311	0.392619	75000	0.068203	29.640978
312	0.391194	75000	0.067971	29.708950
313	0.389772	75000	0.067896	29.776845
314	0.388353	75000	0.067795	29.844641
315	0.386937	75000	0.067566	29.912207
316	0.385524	75000	0.067458	29.979665
317	0.384115	75000	0.067231	30.046896
318	0.382708	75000	0.067131	30.114027
319	0.381305	75000	0.067015	30.181042
320	0.379904	75000	0.066744	30.247786
321	0.378507	75000	0.066594	30.314380
322	0.377113	75000	0.066410	30.380790
323	0.375722	75000	0.066307	30.447097
324	0.374334	75000	0.066140	30.513237
325	0.372949	75000	0.065874	30.579111
326	0.371567	75000	0.065813	30.644925
327	0.370189	75000	0.065638	30.710563
328	0.368813	75000	0.065381	30.775944
329	0.367440	75000	0.065321	30.841265
330	0.366071	75000	0.065118	30.906384
331	0.364705	75000	0.064997	30.971381
332	0.363341	75000	0.064833	31.036213
333	0.361981	75000	0.064757	31.100970
334	0.360624	75000	0.064481	31.165451
335	0.359269	75000	0.064326	31.229777
336	0.357918	75000	0.064218	31.293996
337	0.356570	75000	0.063977	31.357973
338	0.355225	75000	0.063835	31.421808
339	0.353883	75000	0.063723	31.485530
340	0.352544	75000	0.063601	31.549131
341	0.351208	75000	0.063417	31.612548
342	0.349875	75000	0.063186	31.675734
343	0.348546	75000	0.063118	31.738852
344	0.347219	75000	0.062926	31.801779
345	0.345895	75000	0.062761	31.864540
346	0.344574	75000	0.062623	31.927163
347	0.343257	75000	0.062415	31.989578
348	0.341942	75000	0.062314	32.051892
349	0.340630	75000	0.062096	32.113988
350	0.339322	75000	0.061923	32.175911
351	0.338016	75000	0.061817	32.237728
352	0.336714	75000	0.061572	32.299300
353	0.335414	75000	0.061616	32.360916
354	0.334118	75000	0.061335	32.422251
355	0.332824	75000	0.061135	32.483387
356	0.331534	75000	0.060968	32.544355
357	0.330246	75000	0.060856	32.605210
358	0.328962	75000	0.060676	32.665887
359	0.327680	75000	0.060601	32.726488
360	0.326401	75000	0.060367	32.786855
361	0.325126	75000	0.060284	32.847139
362	0.323853	75000	0.060001	32.907140
363	0.322584	75000	0.059883	32.967023
364	0.321317	75000	0.059733	33.026757
365	0.320054	75000	0.059592	33.086349
366	0.318793	75000	0.059491	33.145840
367	0.317536	75000	0.059367	33.205206
368	0.316281	75000	0.059089	33.264295
369	0.315030	75000	0.059027	33.323322
370	0.313781	75000	0.058816	33.382139
371	0.312535	75000	0.058695	33.440834
372	0.311293	75000	0.058563	33.499396
373	0.310053	75000	0.058418	33.557814
374	0.308816	75000	0.058221	33.616035
375	0.307582	75000	0.057946	33.673981
376	0.306352	75000	0.057816	33.731797
377	0.305124	75000	0.057595	33.789393
378	0.303899	75000	0.057599	33.846991
379	0.302677	75000	0.057381	33.904372
380	0.301458	75000	0.057303	33.961675
381	0.300242	75000	0.057071	34.018746
382	0.299029	75000	0.056910	34.075656
383	0.297819	75000	0.056728	34.132384
384	0.296611	75000	0.056614	34.188998
385	0.295407	75000	0.056400	34.245397
386	0.294206	75000	0.056322	34.301719
387	0.293007	75000	0.056117	34.357836
388	0.291812	75000	0.055992	34.413828
389	0.290619	75000	0.055726	34.469554
390	0.289430	75000	0.055743	34.525297
391	0.288243	75000	0.055597	34.580893
392	0.287059	75000	0.055490	34.636384
393	0.285879	75000	0.055198	34.691581
394	0.284701	75000	0.055132	34.746713
395	0.283526	75000	0.054965	34.801678
396	0.282354	75000	0.054866	34.856543
397	0.281184	75000	0.054667	34.911211
398	0.280018	75000	0.054461	34.965672
399	0.278855	75000	0.054298	35.019970
400	0.277694	75000	0.054112	35.074082
401	0.276537	75000	0.054022	35.128103
402	0.275382	75000	0.053816	35.181919
403	0.274230	75000	0.053731	35.235650
404	0.273082	75000	0.053617	35.289267
405	0.271936	75000	0.053371	35.342638
406	0.270793	75000	0.053167	35.395805
407	0.269652	75000	0.053080	35.448885
408	0.268515	75000	0.052946	35.501831
409	0.267381	75000	0.052792	35.554623
410	0.266249	75000	0.052651	35.607274
411	0.265121	75000	0.052389	35.659662
412	0.263995	75000	0.052143	35.711805
413	0.262872	75000	0.052174	35.763979
414	0.261752	75000	0.051983	35.815961
415	0.260635	75000	0.051840	35.867802
416	0.259520	75000	0.051759	35.919561
417	0.258409	75000	0.051517	35.971078
418	0.257300	75000	0.051414	36.022491
419	0.256195	75000	0.051248	36.073739
420	0.255092	75000	0.050954	36.124694
421	0.253992	75000	0.051025	36.175719
422	0.252895	75000	0.050723	36.226442
423	0.251800	75000	0.050718	36.277160
424	0.250709	75000	0.050474	36.327634
425	0.249620	75000	0.050377	36.378011
426	0.248534	75000	0.050217	36.428228
427	0.247451	75000	0.050146	36.478374
428	0.246371	75000	0.049837	36.528211
429	0.245294	75000	0.049700	36.577911
430	0.244220	75000	0.049633	36.627544
431	0.243148	75000	0.049462	36.677006
432	0.242079	75000	0.049306	36.726312
433	0.241013	75000	0.049140	36.775452
434	0.239950	75000	0.048969	36.824421
435	0.238890	75000	0.048783	36.873204
436	0.237832	75000	0.048677	36.921881
437	0.236778	75000	0.048528	36.970409
438	0.235726	75000	0.048416	37.018825
439	0.234677	75000	0.048226	37.067051
440	0.233630	75000	0.047999	37.115050
441	0.232587	75000	0.047982	37.163033
442	0.231546	75000	0.047910	37.210943
443	0.230509	75000	0.047600	37.258543
444	0.229473	75000	0.047424	37.305967
445	0.228441	75000	0.047273	37.353240
446	0.227412	75000	0.047177	37.400417
447	0.226385	75000	0.047053	37.447470
448	0.225361	75000	0.046888	37.494358
449	0.224340	75000	0.046726	37.541084
450	0.223322	75000	0.046665	37.587749
451	0.222306	75000	0.046440	37.634189
452	0.221293	75000	0.046301	37.680490
453	0.220283	75000	0.046175	37.726666
454	0.219276	75000	0.045946	37.772611
455	0.218272	75000	0.045756	37.818368
456	0.217270	75000	0.045674	37.864042
457	0.216271	75000	0.045585	37.909627
458	0.215275	75000	0.045254	37.954881
459	0.214281	75000	0.045234	38.000115
460	0.213291	75000	0.045104	38.045219
461	0.212303	75000	0.045030	38.090249
462	0.211318	75000	0.044676	38.134925
463	0.210335	75000	0.044671	38.179596
464	0.209356	75000	0.044438	38.224034
465	0.208379	75000	0.044408	38.268441
466	0.207404	75000	0.044092	38.312534
467	0.206433	75000	0.044014	38.356547
468	0.205464	75000	0.043787	38.400335
469	0.204498	75000	0.043713	38.444048
470	0.203535	75000	0.043534	38.487583
471	0.202575	75000	0.043383	38.530965
472	0.201617	75000	0.043237	38.574202
473	0.200662	75000	0.043078	38.617280
474	0.199709	75000	0.043098	38.660378
475	0.198760	75000	0.042977	38.703355
476	0.197813	75000	0.042787	38.746142
477	0.196869	75000	0.042559	38.788700
478	0.195927	75000	0.042440	38.831140
479	0.194988	75000	0.042210	38.873350
480	0.194052	75000	0.042278	38.915628
481	0.193119	75000	0.041943	38.957571
482	0.192188	75000	0.041801	38.999372
483	0.191260	75000	0.041776	39.041148
484	0.190335	75000	0.041609	39.082757
485	0.189412	75000	0.041311	39.124068
486	0.188492	75000	0.041287	39.165355
487	0.187575	75000	0.041207	39.206562
488	0.186660	75000	0.040883	39.247445
489	0.185749	75000	0.040751	39.288196
490	0.184839	75000	0.040598	39.328794
491	0.183933	75000	0.040489	39.369283
492	0.183029	75000	0.040440	39.409723
493	0.182128	75000	0.040217	39.449940
494	0.181229	75000	0.040237	39.490177
495	0.180333	75000	0.039895	39.530072
496	0.179440	75000	0.039749	39.569821
497	0.178550	75000	0.039775	39.609596
498	0.177662	75000	0.039311	39.648906
499	0.176777	75000	0.039332	39.688238
500	0.175894	75000	0.039165	39.727403
501	0.175014	75000	0.039027	39.766429
502	0.174137	75000	0.038914	39.805344
503	0.173262	75000	0.038678	39.844022
504	0.172390	75000	0.038576	39.882598
505	0.171521	75000	0.038431	39.921029
506	0.170654	75000	0.038403	39.959431
507	0.169790	75000	0.038175	39.997606
508	0.168929	75000	0.037962	40.035568
509	0.168070	75000	0.037922	40.073491
510	0.167214	75000	0.037808	40.111299
511	0.166360	75000	0.037555	40.148854
512	0.165509	75000	0.037512	40.186366
513	0.164661	75000	0.037371	40.223737
514	0.163815	75000	0.037165	40.260902
515	0.162972	75000	0.037058	40.297961
516	0.162132	75000	0.036921	40.334882
517	0.161294	75000	0.036800	40.371682
518	0.160458	75000	0.036609	40.408291
519	0.159626	75000	0.036491	40.444782
520	0.158796	75000	0.036469	40.481252
521	0.157968	75000	0.036127	40.517379
522	0.157143	75000	0.036039	40.553418
523	0.156321	75000	0.035852	40.589270
524	0.155501	75000	0.035885	40.625156
525	0.154684	75000	0.035584	40.660740
526	0.153870	75000	0.035474	40.696214
527	0.153058	75000	0.035205	40.731419
528	0.152248	75000	0.035167	40.766586
529	0.151441	75000	0.034911	40.801497
530	0.150637	75000	0.034844	40.836341
531	0.149835	75000	0.034695	40.871036
532	0.149036	75000	0.034569	40.905605
533	0.148240	75000	0.034352	40.939956
534	0.147446	75000	0.034422	40.974379
535	0.146654	75000	0.034182	41.008561
536	0.145865	75000	0.034062	41.042623
537	0.145079	75000	0.033839	41.076462
538	0.144295	75000	0.033800	41.110262
539	0.143514	75000	0.033581	41.143843
540	0.142735	75000	0.033287	41.177129
541	0.141959	75000	0.033548	41.210678
542	0.141186	75000	0.033027	41.243705
543	0.140415	75000	0.033050	41.276755
544	0.139646	75000	0.032971	41.309726
545	0.138880	75000	0.032678	41.342404
546	0.138116	75000	0.032641	41.375045
547	0.137356	75000	0.032588	41.407633
548	0.136597	75000	0.032357	41.439990
549	0.135841	75000	0.032280	41.472269
550	0.135088	75000	0.031999	41.504269
551	0.134337	75000	0.031794	41.536062
552	0.133588	75000	0.031759	41.567821
553	0.132843	75000	0.031644	41.599466
554	0.132099	75000	0.031562	41.631028
555	0.131358	75000	0.031327	41.662354
556	0.130620	75000	0.031213	41.693568
557	0.129884	75000	0.031000	41.724568
558	0.129151	75000	0.030810	41.755378
559	0.128420	75000	0.030727	41.786105
560	0.127691	75000	0.030660	41.816765
561	0.126965	75000	0.030379	41.847144
562	0.126242	75000	0.030378	41.877523
563	0.125521	75000	0.030271	41.907794
564	0.124802	75000	0.030002	41.937796
565	0.124086	75000	0.029943	41.967739
566	0.123373	75000	0.029763	41.997501
567	0.122662	75000	0.029513	42.027014
568	0.121953	75000	0.029277	42.056292
569	0.121247	75000	0.029457	42.085749
570	0.120543	75000	0.029155	42.114904
571	0.119842	75000	0.028905	42.143808
572	0.119143	75000	0.028967	42.172775
573	0.118447	75000	0.028788	42.201563
574	0.117753	75000	0.028640	42.230203
575	0.117062	75000	0.028301	42.258504
576	0.116373	75000	0.028181	42.286685
577	0.115686	75000	0.028097	42.314783
578	0.115002	75000	0.028139	42.342922
579	0.114320	75000	0.028006	42.370928
580	0.113641	75000	0.027833	42.398761
581	0.112964	75000	0.027669	42.426431
582	0.112290	75000	0.027542	42.453973
583	0.111618	75000	0.027358	42.481330
584	0.110948	75000	0.027257	42.508587
585	0.110281	75000	0.027094	42.535682
586	0.109616	75000	0.026983	42.562664
587	0.108954	75000	0.026656	42.589320
588	0.108294	75000	0.026681	42.616002
589	0.107637	75000	0.026654	42.642656
590	0.106981	75000	0.026458	42.669113
591	0.106329	75000	0.026132	42.695245
592	0.105678	75000	0.026167	42.721412
593	0.105030	75000	0.025848	42.747260
594	0.104385	75000	0.025705	42.772965
595	0.103742	75000	0.025560	42.798525
596	0.103101	75000	0.025481	42.824006
597	0.102463	75000	0.025365	42.849372
598	0.101827	75000	0.025167	42.874538
599	0.101193	75000	0.025208	42.899747
600	0.100562	75000	0.024937	42.924684
601	0.099933	75000	0.024841	42.949525
602	0.099306	75000	0.024722	42.974247
603	0.098682	75000	0.024574	42.998821
604	0.098060	75000	0.024574	43.023396
605	0.097441	75000	0.024391	43.047786
606	0.096824	75000	0.024117	43.071903
607	0.096209	75000	0.024046	43.095950
608	0.095596	75000	0.023785	43.119735
609	0.094986	75000	0.023802	43.143537
610	0.094379	75000	0.023470	43.167007
611	0.093773	75000	0.023368	43.190374
612	0.093170	75000	0.023317	43.213692
613	0.092570	75000	0.023252	43.236943
614	0.091971	75000	0.023140	43.260083
615	0.091375	75000	0.022942	43.283025
616	0.090781	75000	0.022697	43.305722
617	0.090190	75000	0.022581	43.328303
618	0.089601	75000	0.022471	43.350774
619	0.089014	75000	0.022390	43.373164
620	0.088430	75000	0.022101	43.395266
621	0.087848	75000	0.021943	43.417209
622	0.087268	75000	0.021789	43.438998
623	0.086690	75000	0.021809	43.460808
624	0.086115	75000	0.021431	43.482239
625	0.085542	75000	0.021533	43.503772
626	0.084971	75000	0.021491	43.525263
627	0.084403	75000	0.021344	43.546607
628	0.083837	75000	0.021154	43.567761
629	0.083273	75000	0.020708	43.588469
630	0.082712	75000	0.020846	43.609314
631	0.082152	75000	0.020572	43.629886
632	0.081595	75000	0.020281	43.650167
633	0.081041	75000	0.020368	43.670535
634	0.080488	75000	0.020268	43.690804
635	0.079938	75000	0.020063	43.710867
636	0.079390	75000	0.020023	43.730890
637	0.078845	75000	0.019705	43.750595
638	0.078301	75000	0.019628	43.770223
639	0.077760	75000	0.019463	43.789686
640	0.077221	75000	0.019399	43.809085
641	0.076684	75000	0.019319	43.828404
642	0.076150	75000	0.019138	43.847542
643	0.075618	75000	0.018888	43.866430
644	0.075088	75000	0.018961	43.885391
645	0.074560	75000	0.018614	43.904005
646	0.074035	75000	0.018382	43.922386
647	0.073512	75000	0.018574	43.940961
648	0.072991	75000	0.018427	43.959387
649	0.072472	75000	0.018053	43.977440
650	0.071955	75000	0.017938	43.995378
651	0.071441	75000	0.017862	44.013241
652	0.070929	75000	0.017836	44.031076
653	0.070419	75000	0.017447	44.048523
654	0.069911	75000	0.017388	44.065911
655	0.069406	75000	0.017242	44.083153
656	0.068903	75000	0.017085	44.100238
657	0.068401	75000	0.016857	44.117095
658	0.067903	75000	0.016899	44.133993
659	0.067406	75000	0.016551	44.150545
660	0.066911	75000	0.016489	44.167034
661	0.066419	75000	0.016172	44.183207
662	0.065929	75000	0.016421	44.199627
663	0.065441	75000	0.016146	44.215773
664	0.064955	75000	0.015914	44.231687
665	0.064471	75000	0.015855	44.247542
666	0.063990	75000	0.015641	44.263183
667	0.063510	75000	0.015443	44.278626
668	0.063033	75000	0.015396	44.294022
669	0.062558	75000	0.015328	44.309350
670	0.062085	75000	0.015111	44.324461
671	0.061615	75000	0.014967	44.339428
672	0.061146	75000	0.014718	44.354146
673	0.060680	75000	0.014645	44.368791
674	0.060216	75000	0.014433	44.383225
675	0.059753	75000	0.014222	44.397447
676	0.059293	75000	0.014238	44.411685
677	0.058836	75000	0.014023	44.425709
678	0.058380	75000	0.014110	44.439819
679	0.057926	75000	0.013700	44.453518
680	0.057475	75000	0.013518	44.467036
681	0.057025	75000	0.013438	44.480474
682	0.056578	75000	0.013202	44.493677
683	0.056133	75000	0.013223	44.506900
684	0.055690	75000	0.013081	44.519981
685	0.055249	75000	0.013045	44.533025
686	0.054810	75000	0.012644	44.545669
687	0.054373	75000	0.012864	44.558533
688	0.053939	75000	0.012461	44.570995
689	0.053506	75000	0.012278	44.583273
690	0.053076	75000	0.012042	44.595314
691	0.052647	75000	0.011851	44.607166
692	0.052221	75000	0.011746	44.618912
693	0.051797	75000	0.011526	44.630437
694	0.051375	75000	0.011370	44.641807
695	0.050955	75000	0.011265	44.653072
696	0.050537	75000	0.011573	44.664645
697	0.050121	75000	0.011204	44.675849
698	0.049707	75000	0.011165	44.687015
699	0.049295	75000	0.010829	44.697844
700	0.048885	75000	0.010533	44.708377
701	0.048478	75000	0.010634	44.719010
702	0.048072	75000	0.010189	44.729200
703	0.047668	75000	0.010120	44.739320
704	0.047267	75000	0.009808	44.749128
705	0.046867	75000	0.009635	44.758763
706	0.046470	75000	0.009530	44.768293
707	0.046074	75000	0.009504	44.777796
708	0.045681	75000	0.009112	44.786908
709	0.045289	75000	0.009174	44.796083
710	0.044900	75000	0.008988	44.805071
711	0.044512	75000	0.008969	44.814040
712	0.044127	75000	0.008620	44.822660
713	0.043744	75000	0.008342	44.831002
714	0.043362	75000	0.008354	44.839356
715	0.042983	75000	0.008299	44.847655
716	0.042606	75000	0.008178	44.855833
717	0.042230	75000	0.008035	44.863868
718	0.041857	75000	0.007665	44.871533
719	0.041485	75000	0.007651	44.879184
720	0.041116	75000	0.007347	44.886530
721	0.040749	75000	0.007351	44.893881
722	0.040383	75000	0.007251	44.901132
723	0.040020	75000	0.007131	44.908263
724	0.039658	75000	0.006778	44.915041
725	0.039299	75000	0.006301	44.921342
726	0.038941	75000	0.006750	44.928092
727	0.038585	75000	0.006016	44.934108
728	0.038232	75000	0.006038	44.940146
729	0.037880	75000	0.005989	44.946135
730	0.037530	75000	0.005701	44.951836
731	0.037182	75000	0.005553	44.957389
732	0.036836	75000	0.005645	44.963034
733	0.036493	75000	0.005435	44.968469
734	0.036151	75000	0.004869	44.973338
735	0.035810	75000	0.004765	44.978103
736	0.035472	75000	0.004283	44.982386
737	0.035136	75000	0.004798	44.987185
738	0.034802	75000	0.004549	44.991734
739	0.034469	75000	0.004158	44.995892
740	0.034139	75000	0.003853	44.999746
741	0.033810	75000	0.004159	45.003904
742	0.033484	75000	0.003896	45.007800
743	0.033159	75000	0.003046	45.010845
744	0.032836	75000	0.003509	45.014354
745	0.032515	75000	0.003117	45.017471
746	0.032196	75000	0.002679	45.020150
747	0.031879	75000	0.002468	45.022618
748	0.031563	75000	0.002518	45.025136
749	0.031250	75000	0.002185	45.027321
750	0.030938	75000	0.002282	45.029603
751	0.030629	75000	0.002153	45.031756
752	0.030321	75000	0.001540	45.033296
753	0.030015	75000	0.001465	45.034761
754	0.029711	75000	0.001591	45.036352
755	0.029409	75000	0.000523	45.036875
756	0.029108	75000	0.001118	45.037993
757	0.028810	75000	0.000875	45.038868
758	0.028513	75000	0.000726	45.039594
759	0.028218	75000	0.000065	45.039659
760	0.027925	75000	0.000130	45.039789
761	0.027634	75000	-0.000109	45.039680
762	0.027345	75000	-0.000128	45.039553
763	0.027057	75000	-0.000927	45.038626
764	0.026771	75000	-0.000596	45.038030
765	0.026487	75000	-0.001145	45.036885
766	0.026205	75000	-0.001271	45.035614
767	0.025925	75000	-0.001553	45.034061
768	0.025647	75000	-0.002114	45.031947
769	0.025370	75000	-0.002135	45.029811
770	0.025095	75000	-0.002660	45.027151
771	0.024822	75000	-0.002465	45.024685
772	0.024551	75000	-0.002830	45.021855
773	0.024281	75000	-0.003119	45.018736
774	0.024014	75000	-0.002920	45.015816
775	0.023748	75000	-0.003586	45.012230
776	0.023483	75000	-0.003892	45.008338
777	0.023221	75000	-0.003825	45.004513
778	0.022960	75000	-0.004341	45.000172
779	0.022702	75000	-0.005287	44.994885
780	0.022445	75000	-0.005297	44.989588
781	0.022189	75000	-0.005333	44.984255
782	0.021936	75000	-0.005583	44.978673
783	0.021684	75000	-0.005764	44.972909
784	0.021434	75000	-0.006772	44.966137
785	0.021185	75000	-0.006558	44.959579
786	0.020939	75000	-0.006428	44.953151
787	0.020694	75000	-0.007051	44.946101
788	0.020451	75000	-0.007402	44.938698
789	0.020209	75000	-0.007246	44.931453
790	0.019969	75000	-0.007856	44.923597
791	0.019731	75000	-0.008148	44.915448
792	0.019495	75000	-0.009522	44.905926
793	0.019261	75000	-0.008871	44.897055
794	0.019028	75000	-0.009790	44.887265
795	0.018796	75000	-0.009820	44.877445
796	0.018567	75000	-0.010102	44.867343
797	0.018339	75000	-0.010606	44.856737
798	0.018113	75000	-0.011537	44.845200
799	0.017889	75000	-0.010573	44.834627
800	0.017666	75000	-0.011522	44.823104
801	0.017445	75000	-0.012206	44.810898
802	0.017225	75000	-0.013325	44.797573
803	0.017007	75000	-0.013169	44.784404
804	0.016791	75000	-0.014162	44.770242
805	0.016577	75000	-0.014466	44.755776
806	0.016364	75000	-0.014947	44.740829
807	0.016153	75000	-0.015701	44.725129
808	0.015943	75000	-0.016300	44.708829
809	0.015736	75000	-0.017293	44.691535
810	0.015529	75000	-0.016506	44.675029
811	0.015325	75000	-0.017250	44.657779
812	0.015122	75000	-0.017458	44.640322
813	0.014920	75000	-0.019907	44.620414
814	0.014721	75000	-0.019421	44.600994
815	0.014523	75000	-0.021539	44.579455
816	0.014326	75000	-0.021082	44.558373
817	0.014131	75000	-0.021982	44.536391
818	0.013938	75000	-0.022591	44.513800
819	0.013746	75000	-0.022685	44.491115
820	0.013556	75000	-0.024049	44.467066
821	0.013367	75000	-0.025164	44.441902
822	0.013181	75000	-0.025218	44.416684
823	0.012995	75000	-0.027450	44.389234
824	0.012811	75000	-0.029040	44.360194
825	0.012629	75000	-0.029367	44.330827
826	0.012448	75000	-0.036104	44.294722
827	0.012269	75000	-0.034709	44.260014
828	0.012092	75000	-0.035185	44.224829
829	0.011916	75000	-0.032824	44.192005
830	0.011741	75000	-0.037764	44.154241
831	0.011568	75000	-0.038462	44.115779
832	0.011397	75000	-0.038068	44.077711
833	0.011227	75000	-0.036715	44.040996
834	0.011059	75000	-0.038673	44.002324
835	0.010892	75000	-0.045952	43.956372
836	0.010727	75000	-0.047694	43.908677
837	0.010563	75000	-0.048480	43.860197
838	0.010401	75000	-0.048711	43.811486
839	0.010240	75000	-0.050724	43.760762
840	0.010081	75000	-0.054778	43.705984
841	0.009923	75000	-0.053158	43.652826
842	0.009767	75000	-0.056575	43.596251
843	0.009612	75000	-0.058754	43.537497
844	0.009459	75000	-0.058901	43.478597
845	0.009307	75000	-0.061203	43.417393
846	0.009156	75000	-0.062633	43.354760
847	0.009008	75000	-0.065254	43.289506
848	0.008860	75000	-0.063514	43.225992
849	0.008714	75000	-0.070695	43.155297
850	0.008570	75000	-0.073199	43.082098
851	0.008427	75000	-0.071338	43.010760
852	0.008285	75000	-0.075569	42.935190
853	0.008145	75000	-0.075246	42.859944
854	0.008006	75000	-0.083104	42.776841
855	0.007869	75000	-0.080949	42.695892
856	0.007733	75000	-0.076871	42.619020
857	0.007598	75000	-0.080434	42.538587
858	0.007465	75000	-0.082445	42.456142
859	0.007334	75000	-0.084946	42.371195
860	0.007203	75000	-0.083430	42.287766
861	0.007075	75000	-0.085698	42.202068
862	0.006947	75000	-0.083919	42.118149
863	0.006821	75000	-0.090212	42.027936
864	0.006696	75000	-0.088119	41.939817
865	0.006573	75000	-0.089418	41.850399
866	0.006451	75000	-0.087355	41.763044
867	0.006330	75000	-0.091127	41.671917
868	0.006211	75000	-0.090528	41.581389
869	0.006093	75000	-0.090877	41.490512
870	0.005977	75000	-0.093519	41.396993
871	0.005862	75000	-0.092290	41.304703
872	0.005748	75000	-0.088845	41.215858
873	0.005635	75000	-0.090041	41.125817
874	0.005524	75000	-0.091149	41.034668
875	0.005414	75000	-0.089409	40.945259
876	0.005306	75000	-0.090458	40.854801
877	0.005199	75000	-0.088286	40.766516
878	0.005093	75000	-0.090120	40.676396
879	0.004988	75000	-0.089813	40.586583
880	0.004885	75000	-0.089351	40.497232
881	0.004783	75000	-0.089266	40.407965
882	0.004682	75000	-0.087909	40.320057
883	0.004583	75000	-0.087075	40.232982
884	0.004485	75000	-0.086575	40.146406
885	0.004388	75000	-0.088497	40.057910
886	0.004292	75000	-0.087333	39.970576
887	0.004198	75000	-0.085912	39.884664
888	0.004105	75000	-0.084889	39.799776
889	0.004013	75000	-0.084175	39.715600
890	0.003923	75000	-0.083120	39.632481
891	0.003833	75000	-0.083218	39.549263
892	0.003745	75000	-0.082100	39.467163
893	0.003658	75000	-0.081247	39.385916
894	0.003573	75000	-0.079779	39.306137
895	0.003488	75000	-0.079593	39.226545
896	0.003405	75000	-0.079461	39.147083
897	0.003323	75000	-0.078444	39.068640
898	0.003242	75000	-0.076691	38.991949
899	0.003162	75000	-0.076465	38.915484
900	0.003084	75000	-0.075261	38.840224
901	0.003007	75000	-0.074517	38.765706
902	0.002930	75000	-0.073815	38.691891
903	0.002855	75000	-0.072608	38.619284
904	0.002782	75000	-0.071948	38.547335
905	0.002709	75000	-0.070836	38.476499
906	0.002638	75000	-0.069781	38.406718
907	0.002567	75000	-0.069175	38.337542
908	0.002498	75000	-0.068186	38.269356
909	0.002430	75000	-0.066792	38.202564
910	0.002363	75000	-0.066331	38.136234
911	0.002297	75000	-0.065526	38.070708
912	0.002233	75000	-0.064035	38.006673
913	0.002169	75000	-0.063193	37.943480
914	0.002106	75000	-0.062024	37.881456
915	0.002045	75000	-0.061166	37.820290
916	0.001985	75000	-0.060244	37.760046
917	0.001925	75000	-0.059282	37.700764
918	0.001867	75000	-0.058260	37.642504
919	0.001810	75000	-0.057233	37.585271
920	0.001754	75000	-0.056362	37.528909
921	0.001699	75000	-0.055423	37.473486
922	0.001645	75000	-0.054418	37.419068
923	0.001592	75000	-0.053529	37.365538
924	0.001540	75000	-0.052335	37.313203
925	0.001490	75000	-0.051248	37.261955
926	0.001440	75000	-0.050313	37.211642
927	0.001391	75000	-0.049663	37.161978
928	0.001343	75000	-0.048562	37.113417
929	0.001296	75000	-0.047504	37.065912
930	0.001251	75000	-0.046560	37.019352
931	0.001206	75000	-0.045668	36.973684
932	0.001162	75000	-0.044713	36.928971
933	0.001119	75000	-0.043822	36.885149
934	0.001077	75000	-0.042776	36.842374
935	0.001036	75000	-0.042042	36.800332
936	0.000996	75000	-0.041029	36.759303
937	0.000957	75000	-0.039899	36.719404
938	0.000919	75000	-0.039054	36.680350
939	0.000882	75000	-0.038142	36.642208
940	0.000846	75000	-0.037303	36.604905
941	0.000810	75000	-0.036523	36.568381
942	0.000776	75000	-0.035462	36.532919
943	0.000742	75000	-0.034484	36.498435
944	0.000709	75000	-0.033790	36.464645
945	0.000678	75000	-0.032848	36.431797
946	0.000647	75000	-0.032018	36.399779
947	0.000617	75000	-0.031030	36.368749
948	0.000587	75000	-0.030198	36.338551
949	0.000559	75000	-0.029343	36.309208
950	0.000531	75000	-0.028422	36.280786
951	0.000505	75000	-0.027758	36.253028
952	0.000479	75000	-0.026880	36.226148
953	0.000454	75000	-0.025954	36.200195
954	0.000430	75000	-0.025174	36.175020
955	0.000406	75000	-0.024336	36.150685
956	0.000383	75000	-0.023603	36.127081
957	0.000362	75000	-0.022760	36.104321
958	0.000340	75000	-0.021928	36.082393
959	0.000320	75000	-0.021189	36.061204
960	0.000300	75000	-0.020415	36.040789
961	0.000281	75000	-0.019656	36.021133
962	0.000263	75000	-0.018883	36.002250
963	0.000246	75000	-0.018176	35.984074
964	0.000229	75000	-0.017382	35.966692
965	0.000213	75000	-0.016705	35.949987
966	0.000198	75000	-0.016023	35.933964
967	0.000183	75000	-0.015275	35.918689
968	0.000169	75000	-0.014606	35.904083
969	0.000156	75000	-0.013875	35.890207
970	0.000143	75000	-0.013212	35.876995
971	0.000131	75000	-0.012603	35.864392
972	0.000120	75000	-0.011877	35.852515
973	0.000109	75000	-0.011246	35.841269
974	0.000099	75000	-0.010618	35.830651
975	0.000089	75000	-0.009996	35.820655
976	0.000080	75000	-0.009401	35.811254
977	0.000072	75000	-0.008822	35.802432
978	0.000064	75000	-0.008228	35.794204
979	0.000057	75000	-0.007671	35.786533
980	0.000050	75000	-0.007126	35.779407
981	0.000043	75000	-0.006577	35.772830
982	0.000038	75000	-0.006059	35.766771
983	0.000032	75000	-0.005544	35.761227
984	0.000028	75000	-0.005034	35.756193
985	0.000023	75000	-0.004563	35.751631
986	0.000019	75000	-0.004097	35.747533
987	0.000016	75000	-0.003657	35.743876
988	0.000013	75000	-0.003232	35.740645
989	0.000010	75000	-0.002819	35.737826
990	0.000008	75000	-0.002418	35.735408
991	0.000006	75000	-0.002046	35.733361
992	0.000004	75000	-0.001698	35.731664
993	0.000003	75000	-0.001373	35.730291
994	0.000002	75000	-0.001069	35.729222
995	0.000001	75000	-0.000792	35.728430
996	0.000000	75000	-0.000543	35.727887
997	0.000000	75000	-0.000328	35.727558
998	0.000000	75000	-0.000154	35.727404
999	0.000000	75000	-0.000033	35.727371
Log marginal likelihood:	35.727371
