Steppingstone sampler:
        No Stones:                  1000
        Start It:                   10000001
        It Per Stone:               100000
        Sample Freq:                1
        Dist:                       Beta(0.400000,1.000000)
Stone No	Power	N	Stone MLh	Running MLh
0	0.997502	75000	0.120670	0.120670
1	0.995007	75000	0.120446	0.241117
2	0.992517	75000	0.120295	0.361411
3	0.990030	75000	0.120113	0.481525
4	0.987547	75000	0.119944	0.601469
5	0.985067	75000	0.119684	0.721153
6	0.982592	75000	0.119537	0.840689
7	0.980120	75000	0.119363	0.960052
8	0.977652	75000	0.119158	1.079210
9	0.975187	75000	0.118984	1.198194
10	0.972726	75000	0.118745	1.316938
11	0.970269	75000	0.118561	1.435499
12	0.967816	75000	0.118345	1.553844
13	0.965367	75000	0.118172	1.672016
14	0.962921	75000	0.118027	1.790043
15	0.960479	75000	0.117865	1.907908
16	0.958040	75000	0.117666	2.025575
17	0.955606	75000	0.117474	2.143048
18	0.953175	75000	0.117263	2.260312
19	0.950747	75000	0.117100	2.377412
20	0.948324	75000	0.116933	2.494345
21	0.945904	75000	0.116753	2.611098
22	0.943488	75000	0.116538	2.727636
23	0.941076	75000	0.116316	2.843952
24	0.938667	75000	0.116211	2.960163
25	0.936262	75000	0.115943	3.076107
26	0.933861	75000	0.115804	3.191910
27	0.931463	75000	0.115622	3.307532
28	0.929069	75000	0.115427	3.422960
29	0.926679	75000	0.115188	3.538148
30	0.924293	75000	0.115007	3.653154
31	0.921910	75000	0.114857	3.768011
32	0.919531	75000	0.114758	3.882769
33	0.917155	75000	0.114492	3.997261
34	0.914783	75000	0.114377	4.111638
35	0.912415	75000	0.114138	4.225776
36	0.910051	75000	0.113881	4.339657
37	0.907690	75000	0.113744	4.453401
38	0.905333	75000	0.113535	4.566936
39	0.902980	75000	0.113451	4.680387
40	0.900630	75000	0.113248	4.793635
41	0.898284	75000	0.113029	4.906663
42	0.895942	75000	0.112846	5.019509
43	0.893603	75000	0.112658	5.132167
44	0.891268	75000	0.112511	5.244678
45	0.888937	75000	0.112351	5.357030
46	0.886609	75000	0.112118	5.469148
47	0.884285	75000	0.111913	5.581061
48	0.881965	75000	0.111773	5.692834
49	0.879648	75000	0.111511	5.804345
50	0.877335	75000	0.111439	5.915784
51	0.875026	75000	0.111158	6.026942
52	0.872720	75000	0.110970	6.137912
53	0.870418	75000	0.110814	6.248726
54	0.868120	75000	0.110688	6.359413
55	0.865825	75000	0.110472	6.469886
56	0.863534	75000	0.110267	6.580153
57	0.861246	75000	0.110131	6.690284
58	0.858962	75000	0.109927	6.800211
59	0.856682	75000	0.109726	6.909937
60	0.854405	75000	0.109563	7.019500
61	0.852132	75000	0.109352	7.128852
62	0.849863	75000	0.109197	7.238049
63	0.847597	75000	0.109030	7.347079
64	0.845335	75000	0.108848	7.455926
65	0.843077	75000	0.108614	7.564540
66	0.840822	75000	0.108491	7.673032
67	0.838571	75000	0.108291	7.781323
68	0.836323	75000	0.108107	7.889429
69	0.834079	75000	0.107937	7.997366
70	0.831839	75000	0.107726	8.105092
71	0.829602	75000	0.107567	8.212659
72	0.827369	75000	0.107382	8.320041
73	0.825140	75000	0.107177	8.427218
74	0.822914	75000	0.106991	8.534210
75	0.820691	75000	0.106880	8.641090
76	0.818473	75000	0.106670	8.747759
77	0.816258	75000	0.106499	8.854259
78	0.814046	75000	0.106284	8.960543
79	0.811838	75000	0.106088	9.066631
80	0.809634	75000	0.105914	9.172544
81	0.807433	75000	0.105798	9.278343
82	0.805236	75000	0.105586	9.383929
83	0.803043	75000	0.105406	9.489335
84	0.800853	75000	0.105243	9.594578
85	0.798667	75000	0.105049	9.699627
86	0.796484	75000	0.104860	9.804487
87	0.794305	75000	0.104634	9.909120
88	0.792129	75000	0.104516	10.013636
89	0.789957	75000	0.104343	10.117979
90	0.787789	75000	0.104090	10.222069
91	0.785624	75000	0.104005	10.326074
92	0.783463	75000	0.103781	10.429855
93	0.781305	75000	0.103581	10.533436
94	0.779151	75000	0.103381	10.636816
95	0.777000	75000	0.103273	10.740089
96	0.774853	75000	0.103036	10.843126
97	0.772710	75000	0.102925	10.946050
98	0.770570	75000	0.102709	11.048759
99	0.768433	75000	0.102513	11.151272
100	0.766301	75000	0.102356	11.253628
101	0.764172	75000	0.102187	11.355815
102	0.762046	75000	0.101980	11.457794
103	0.759924	75000	0.101799	11.559593
104	0.757805	75000	0.101643	11.661236
105	0.755690	75000	0.101503	11.762739
106	0.753579	75000	0.101198	11.863937
107	0.751471	75000	0.101140	11.965077
108	0.749366	75000	0.100882	12.065959
109	0.747266	75000	0.100738	12.166697
110	0.745168	75000	0.100564	12.267260
111	0.743075	75000	0.100426	12.367686
112	0.740984	75000	0.100238	12.467924
113	0.738898	75000	0.100018	12.567943
114	0.736815	75000	0.099835	12.667777
115	0.734735	75000	0.099660	12.767438
116	0.732659	75000	0.099396	12.866834
117	0.730586	75000	0.099287	12.966121
118	0.728517	75000	0.099061	13.065182
119	0.726452	75000	0.098999	13.164181
120	0.724390	75000	0.098808	13.262989
121	0.722331	75000	0.098587	13.361576
122	0.720276	75000	0.098375	13.459951
123	0.718225	75000	0.098249	13.558200
124	0.716177	75000	0.098085	13.656285
125	0.714132	75000	0.097893	13.754178
126	0.712091	75000	0.097689	13.851867
127	0.710054	75000	0.097585	13.949452
128	0.708020	75000	0.097368	14.046820
129	0.705989	75000	0.097222	14.144042
130	0.703962	75000	0.097060	14.241102
131	0.701939	75000	0.096817	14.337919
132	0.699919	75000	0.096660	14.434579
133	0.697902	75000	0.096475	14.531054
134	0.695889	75000	0.096275	14.627329
135	0.693880	75000	0.096150	14.723479
136	0.691874	75000	0.095944	14.819423
137	0.689871	75000	0.095801	14.915224
138	0.687872	75000	0.095657	15.010881
139	0.685877	75000	0.095463	15.106344
140	0.683885	75000	0.095250	15.201594
141	0.681896	75000	0.095107	15.296701
142	0.679911	75000	0.094884	15.391586
143	0.677929	75000	0.094760	15.486346
144	0.675951	75000	0.094596	15.580942
145	0.673976	75000	0.094409	15.675351
146	0.672005	75000	0.094313	15.769664
147	0.670037	75000	0.094012	15.863676
148	0.668073	75000	0.093917	15.957593
149	0.666112	75000	0.093733	16.051327
150	0.664155	75000	0.093524	16.144851
151	0.662201	75000	0.093301	16.238152
152	0.660250	75000	0.093199	16.331351
153	0.658303	75000	0.092995	16.424346
154	0.656359	75000	0.092870	16.517216
155	0.654419	75000	0.092623	16.609839
156	0.652483	75000	0.092504	16.702343
157	0.650549	75000	0.092252	16.794595
158	0.648619	75000	0.092159	16.886754
159	0.646693	75000	0.091897	16.978651
160	0.644770	75000	0.091798	17.070449
161	0.642851	75000	0.091579	17.162028
162	0.640934	75000	0.091460	17.253487
163	0.639022	75000	0.091238	17.344725
164	0.637113	75000	0.091106	17.435831
165	0.635207	75000	0.090984	17.526816
166	0.633304	75000	0.090772	17.617588
167	0.631405	75000	0.090549	17.708137
168	0.629510	75000	0.090469	17.798606
169	0.627618	75000	0.090243	17.888849
170	0.625729	75000	0.090078	17.978927
171	0.623844	75000	0.089817	18.068743
172	0.621962	75000	0.089774	18.158518
173	0.620083	75000	0.089489	18.248007
174	0.618208	75000	0.089343	18.337350
175	0.616337	75000	0.089201	18.426550
176	0.614468	75000	0.088957	18.515508
177	0.612604	75000	0.088813	18.604321
178	0.610742	75000	0.088696	18.693017
179	0.608884	75000	0.088646	18.781662
180	0.607029	75000	0.088261	18.869923
181	0.605178	75000	0.088204	18.958128
182	0.603330	75000	0.087980	19.046108
183	0.601486	75000	0.087851	19.133959
184	0.599645	75000	0.087686	19.221644
185	0.597807	75000	0.087510	19.309155
186	0.595973	75000	0.087353	19.396508
187	0.594142	75000	0.087147	19.483655
188	0.592314	75000	0.086984	19.570639
189	0.590490	75000	0.086832	19.657471
190	0.588669	75000	0.086690	19.744161
191	0.586852	75000	0.086523	19.830684
192	0.585038	75000	0.086373	19.917057
193	0.583227	75000	0.086207	20.003263
194	0.581420	75000	0.085991	20.089255
195	0.579616	75000	0.085713	20.174968
196	0.577815	75000	0.085646	20.260614
197	0.576018	75000	0.085452	20.346066
198	0.574224	75000	0.085251	20.431318
199	0.572433	75000	0.085151	20.516469
200	0.570646	75000	0.084927	20.601395
201	0.568862	75000	0.084827	20.686222
202	0.567082	75000	0.084592	20.770814
203	0.565305	75000	0.084448	20.855262
204	0.563531	75000	0.084195	20.939457
205	0.561761	75000	0.084123	21.023580
206	0.559993	75000	0.083872	21.107452
207	0.558230	75000	0.083800	21.191252
208	0.556469	75000	0.083571	21.274823
209	0.554712	75000	0.083334	21.358157
210	0.552958	75000	0.083184	21.441340
211	0.551208	75000	0.083088	21.524429
212	0.549461	75000	0.082914	21.607343
213	0.547717	75000	0.082741	21.690085
214	0.545977	75000	0.082610	21.772695
215	0.544240	75000	0.082416	21.855111
216	0.542506	75000	0.082187	21.937298
217	0.540775	75000	0.082038	22.019336
218	0.539048	75000	0.081800	22.101137
219	0.537324	75000	0.081716	22.182853
220	0.535604	75000	0.081515	22.264368
221	0.533887	75000	0.081422	22.345790
222	0.532173	75000	0.081245	22.427035
223	0.530462	75000	0.081037	22.508072
224	0.528755	75000	0.080918	22.588990
225	0.527051	75000	0.080731	22.669721
226	0.525350	75000	0.080521	22.750242
227	0.523653	75000	0.080392	22.830634
228	0.521958	75000	0.080200	22.910835
229	0.520268	75000	0.080042	22.990877
230	0.518580	75000	0.079895	23.070772
231	0.516896	75000	0.079764	23.150536
232	0.515215	75000	0.079562	23.230099
233	0.513537	75000	0.079403	23.309501
234	0.511863	75000	0.079214	23.388715
235	0.510192	75000	0.079037	23.467752
236	0.508524	75000	0.078873	23.546625
237	0.506859	75000	0.078799	23.625424
238	0.505198	75000	0.078588	23.704013
239	0.503540	75000	0.078358	23.782370
240	0.501885	75000	0.078168	23.860538
241	0.500234	75000	0.078064	23.938602
242	0.498586	75000	0.077877	24.016479
243	0.496941	75000	0.077747	24.094226
244	0.495299	75000	0.077548	24.171775
245	0.493660	75000	0.077386	24.249160
246	0.492025	75000	0.077235	24.326395
247	0.490393	75000	0.077140	24.403536
248	0.488765	75000	0.076937	24.480473
249	0.487139	75000	0.076787	24.557260
250	0.485517	75000	0.076561	24.633821
251	0.483898	75000	0.076438	24.710259
252	0.482283	75000	0.076299	24.786558
253	0.480670	75000	0.076061	24.862619
254	0.479061	75000	0.075912	24.938531
255	0.477455	75000	0.075645	25.014175
256	0.475852	75000	0.075663	25.089839
257	0.474253	75000	0.075461	25.165300
258	0.472656	75000	0.075288	25.240588
259	0.471063	75000	0.075186	25.315774
260	0.469474	75000	0.075026	25.390800
261	0.467887	75000	0.074788	25.465588
262	0.466304	75000	0.074585	25.540172
263	0.464723	75000	0.074478	25.614651
264	0.463146	75000	0.074299	25.688950
265	0.461573	75000	0.074094	25.763044
266	0.460002	75000	0.073976	25.837021
267	0.458435	75000	0.073789	25.910810
268	0.456871	75000	0.073684	25.984494
269	0.455310	75000	0.073438	26.057932
270	0.453752	75000	0.073313	26.131245
271	0.452198	75000	0.073154	26.204399
272	0.450647	75000	0.072985	26.277385
273	0.449098	75000	0.072867	26.350252
274	0.447554	75000	0.072665	26.422917
275	0.446012	75000	0.072514	26.495431
276	0.444473	75000	0.072333	26.567765
277	0.442938	75000	0.072165	26.639929
278	0.441406	75000	0.072005	26.711934
279	0.439877	75000	0.071841	26.783776
280	0.438351	75000	0.071696	26.855472
281	0.436829	75000	0.071515	26.926987
282	0.435309	75000	0.071412	26.998399
283	0.433793	75000	0.071164	27.069563
284	0.432280	75000	0.070966	27.140529
285	0.430770	75000	0.070859	27.211388
286	0.429263	75000	0.070721	27.282109
287	0.427760	75000	0.070537	27.352646
288	0.426259	75000	0.070282	27.422928
289	0.424762	75000	0.070316	27.493244
290	0.423268	75000	0.070150	27.563394
291	0.421777	75000	0.069864	27.633258
292	0.420289	75000	0.069682	27.702940
293	0.418805	75000	0.069612	27.772552
294	0.417323	75000	0.069451	27.842003
295	0.415845	75000	0.069216	27.911219
296	0.414370	75000	0.069127	27.980346
297	0.412898	75000	0.069035	28.049381
298	0.411429	75000	0.068726	28.118107
299	0.409963	75000	0.068630	28.186737
300	0.408501	75000	0.068426	28.255163
301	0.407041	75000	0.068237	28.323400
302	0.405585	75000	0.068156	28.391557
303	0.404132	75000	0.067972	28.459528
304	0.402682	75000	0.067825	28.527354
305	0.401235	75000	0.067723	28.595077
306	0.399791	75000	0.067430	28.662507
307	0.398350	75000	0.067325	28.729832
308	0.396913	75000	0.067185	28.797016
309	0.395478	75000	0.066999	28.864015
310	0.394047	75000	0.066880	28.930895
311	0.392619	75000	0.066714	28.997609
312	0.391194	75000	0.066526	29.064135
313	0.389772	75000	0.066373	29.130508
314	0.388353	75000	0.066213	29.196721
315	0.386937	75000	0.066045	29.262766
316	0.385524	75000	0.065862	29.328628
317	0.384115	75000	0.065784	29.394412
318	0.382708	75000	0.065598	29.460010
319	0.381305	75000	0.065461	29.525471
320	0.379904	75000	0.065249	29.590720
321	0.378507	75000	0.065046	29.655766
322	0.377113	75000	0.064946	29.720712
323	0.375722	75000	0.064772	29.785484
324	0.374334	75000	0.064672	29.850156
325	0.372949	75000	0.064500	29.914657
326	0.371567	75000	0.064332	29.978988
327	0.370189	75000	0.064232	30.043220
328	0.368813	75000	0.064029	30.107250
329	0.367440	75000	0.063907	30.171157
330	0.366071	75000	0.063672	30.234829
331	0.364705	75000	0.063579	30.298407
332	0.363341	75000	0.063250	30.361658
333	0.361981	75000	0.063217	30.424875
334	0.360624	75000	0.063073	30.487947
335	0.359269	75000	0.062957	30.550904
336	0.357918	75000	0.062714	30.613619
337	0.356570	75000	0.062565	30.676184
338	0.355225	75000	0.062446	30.738629
339	0.353883	75000	0.062266	30.800896
340	0.352544	75000	0.062124	30.863019
341	0.351208	75000	0.062002	30.925022
342	0.349875	75000	0.061785	30.986806
343	0.348546	75000	0.061697	31.048504
344	0.347219	75000	0.061529	31.110033
345	0.345895	75000	0.061399	31.171432
346	0.344574	75000	0.061198	31.232631
347	0.343257	75000	0.061004	31.293634
348	0.341942	75000	0.060889	31.354523
349	0.340630	75000	0.060649	31.415171
350	0.339322	75000	0.060526	31.475698
351	0.338016	75000	0.060453	31.536151
352	0.336714	75000	0.060308	31.596459
353	0.335414	75000	0.060090	31.656549
354	0.334118	75000	0.059915	31.716465
355	0.332824	75000	0.059726	31.776191
356	0.331534	75000	0.059625	31.835817
357	0.330246	75000	0.059399	31.895215
358	0.328962	75000	0.059330	31.954546
359	0.327680	75000	0.059118	32.013664
360	0.326401	75000	0.059052	32.072716
361	0.325126	75000	0.058834	32.131549
362	0.323853	75000	0.058698	32.190247
363	0.322584	75000	0.058504	32.248752
364	0.321317	75000	0.058393	32.307144
365	0.320054	75000	0.058222	32.365366
366	0.318793	75000	0.058136	32.423502
367	0.317536	75000	0.057886	32.481388
368	0.316281	75000	0.057728	32.539116
369	0.315030	75000	0.057598	32.596714
370	0.313781	75000	0.057429	32.654144
371	0.312535	75000	0.057165	32.711308
372	0.311293	75000	0.057158	32.768467
373	0.310053	75000	0.057081	32.825547
374	0.308816	75000	0.056829	32.882377
375	0.307582	75000	0.056696	32.939073
376	0.306352	75000	0.056642	32.995715
377	0.305124	75000	0.056322	33.052036
378	0.303899	75000	0.056240	33.108276
379	0.302677	75000	0.056171	33.164447
380	0.301458	75000	0.055997	33.220444
381	0.300242	75000	0.055831	33.276276
382	0.299029	75000	0.055597	33.331872
383	0.297819	75000	0.055419	33.387291
384	0.296611	75000	0.055416	33.442707
385	0.295407	75000	0.055135	33.497842
386	0.294206	75000	0.055019	33.552862
387	0.293007	75000	0.054856	33.607718
388	0.291812	75000	0.054800	33.662518
389	0.290619	75000	0.054578	33.717096
390	0.289430	75000	0.054424	33.771520
391	0.288243	75000	0.054340	33.825860
392	0.287059	75000	0.054178	33.880038
393	0.285879	75000	0.053995	33.934034
394	0.284701	75000	0.053803	33.987836
395	0.283526	75000	0.053705	34.041541
396	0.282354	75000	0.053478	34.095019
397	0.281184	75000	0.053339	34.148358
398	0.280018	75000	0.053160	34.201519
399	0.278855	75000	0.053100	34.254618
400	0.277694	75000	0.052993	34.307612
401	0.276537	75000	0.052822	34.360434
402	0.275382	75000	0.052601	34.413036
403	0.274230	75000	0.052481	34.465517
404	0.273082	75000	0.052262	34.517778
405	0.271936	75000	0.052200	34.569978
406	0.270793	75000	0.052035	34.622013
407	0.269652	75000	0.051873	34.673886
408	0.268515	75000	0.051701	34.725587
409	0.267381	75000	0.051545	34.777132
410	0.266249	75000	0.051438	34.828571
411	0.265121	75000	0.051227	34.879798
412	0.263995	75000	0.051044	34.930842
413	0.262872	75000	0.051002	34.981844
414	0.261752	75000	0.050907	35.032751
415	0.260635	75000	0.050711	35.083461
416	0.259520	75000	0.050416	35.133878
417	0.258409	75000	0.050266	35.184144
418	0.257300	75000	0.050228	35.234372
419	0.256195	75000	0.050093	35.284465
420	0.255092	75000	0.049873	35.334338
421	0.253992	75000	0.049756	35.384094
422	0.252895	75000	0.049623	35.433717
423	0.251800	75000	0.049451	35.483168
424	0.250709	75000	0.049367	35.532535
425	0.249620	75000	0.049166	35.581701
426	0.248534	75000	0.049167	35.630868
427	0.247451	75000	0.048818	35.679686
428	0.246371	75000	0.048753	35.728439
429	0.245294	75000	0.048626	35.777065
430	0.244220	75000	0.048375	35.825440
431	0.243148	75000	0.048218	35.873658
432	0.242079	75000	0.048179	35.921837
433	0.241013	75000	0.048058	35.969895
434	0.239950	75000	0.047812	36.017707
435	0.238890	75000	0.047675	36.065382
436	0.237832	75000	0.047645	36.113027
437	0.236778	75000	0.047438	36.160465
438	0.235726	75000	0.047249	36.207714
439	0.234677	75000	0.047064	36.254777
440	0.233630	75000	0.047024	36.301801
441	0.232587	75000	0.046806	36.348607
442	0.231546	75000	0.046622	36.395230
443	0.230509	75000	0.046377	36.441607
444	0.229473	75000	0.046344	36.487951
445	0.228441	75000	0.046273	36.534223
446	0.227412	75000	0.046001	36.580224
447	0.226385	75000	0.045958	36.626182
448	0.225361	75000	0.045888	36.672070
449	0.224340	75000	0.045667	36.717737
450	0.223322	75000	0.045536	36.763273
451	0.222306	75000	0.045300	36.808573
452	0.221293	75000	0.045101	36.853674
453	0.220283	75000	0.045023	36.898697
454	0.219276	75000	0.044897	36.943595
455	0.218272	75000	0.044680	36.988275
456	0.217270	75000	0.044635	37.032909
457	0.216271	75000	0.044412	37.077321
458	0.215275	75000	0.044246	37.121567
459	0.214281	75000	0.044200	37.165767
460	0.213291	75000	0.044027	37.209794
461	0.212303	75000	0.043917	37.253711
462	0.211318	75000	0.043861	37.297573
463	0.210335	75000	0.043506	37.341078
464	0.209356	75000	0.043404	37.384482
465	0.208379	75000	0.043295	37.427778
466	0.207404	75000	0.043169	37.470946
467	0.206433	75000	0.043037	37.513983
468	0.205464	75000	0.042830	37.556813
469	0.204498	75000	0.042712	37.599525
470	0.203535	75000	0.042618	37.642142
471	0.202575	75000	0.042341	37.684483
472	0.201617	75000	0.042302	37.726786
473	0.200662	75000	0.042109	37.768895
474	0.199709	75000	0.042014	37.810908
475	0.198760	75000	0.041798	37.852706
476	0.197813	75000	0.041720	37.894426
477	0.196869	75000	0.041574	37.935999
478	0.195927	75000	0.041351	37.977350
479	0.194988	75000	0.041291	38.018641
480	0.194052	75000	0.041160	38.059801
481	0.193119	75000	0.040962	38.100763
482	0.192188	75000	0.040824	38.141587
483	0.191260	75000	0.040744	38.182331
484	0.190335	75000	0.040604	38.222935
485	0.189412	75000	0.040352	38.263287
486	0.188492	75000	0.040267	38.303554
487	0.187575	75000	0.040112	38.343666
488	0.186660	75000	0.039947	38.383613
489	0.185749	75000	0.039829	38.423442
490	0.184839	75000	0.039703	38.463145
491	0.183933	75000	0.039546	38.502690
492	0.183029	75000	0.039274	38.541965
493	0.182128	75000	0.039351	38.581316
494	0.181229	75000	0.039127	38.620442
495	0.180333	75000	0.039022	38.659464
496	0.179440	75000	0.038842	38.698305
497	0.178550	75000	0.038701	38.737006
498	0.177662	75000	0.038386	38.775392
499	0.176777	75000	0.038413	38.813805
500	0.175894	75000	0.038207	38.852012
501	0.175014	75000	0.038135	38.890148
502	0.174137	75000	0.038022	38.928169
503	0.173262	75000	0.037791	38.965960
504	0.172390	75000	0.037758	39.003718
505	0.171521	75000	0.037454	39.041173
506	0.170654	75000	0.037423	39.078596
507	0.169790	75000	0.037430	39.116025
508	0.168929	75000	0.037099	39.153124
509	0.168070	75000	0.036798	39.189922
510	0.167214	75000	0.036677	39.226599
511	0.166360	75000	0.036701	39.263301
512	0.165509	75000	0.036535	39.299835
513	0.164661	75000	0.036430	39.336265
514	0.163815	75000	0.036160	39.372424
515	0.162972	75000	0.036123	39.408547
516	0.162132	75000	0.035988	39.444535
517	0.161294	75000	0.035803	39.480338
518	0.160458	75000	0.035562	39.515900
519	0.159626	75000	0.035529	39.551429
520	0.158796	75000	0.035366	39.586795
521	0.157968	75000	0.035427	39.622222
522	0.157143	75000	0.035133	39.657355
523	0.156321	75000	0.035022	39.692377
524	0.155501	75000	0.034793	39.727169
525	0.154684	75000	0.034753	39.761923
526	0.153870	75000	0.034647	39.796570
527	0.153058	75000	0.034513	39.831083
528	0.152248	75000	0.034285	39.865368
529	0.151441	75000	0.034196	39.899564
530	0.150637	75000	0.033960	39.933525
531	0.149835	75000	0.033908	39.967433
532	0.149036	75000	0.033755	40.001188
533	0.148240	75000	0.033737	40.034925
534	0.147446	75000	0.033622	40.068548
535	0.146654	75000	0.033268	40.101816
536	0.145865	75000	0.033163	40.134979
537	0.145079	75000	0.033059	40.168038
538	0.144295	75000	0.032999	40.201038
539	0.143514	75000	0.032806	40.233843
540	0.142735	75000	0.032517	40.266361
541	0.141959	75000	0.032386	40.298747
542	0.141186	75000	0.032330	40.331077
543	0.140415	75000	0.032179	40.363255
544	0.139646	75000	0.032285	40.395541
545	0.138880	75000	0.031939	40.427480
546	0.138116	75000	0.031777	40.459257
547	0.137356	75000	0.031690	40.490947
548	0.136597	75000	0.031447	40.522394
549	0.135841	75000	0.031467	40.553861
550	0.135088	75000	0.031243	40.585104
551	0.134337	75000	0.030996	40.616099
552	0.133588	75000	0.031132	40.647231
553	0.132843	75000	0.030679	40.677910
554	0.132099	75000	0.030798	40.708708
555	0.131358	75000	0.030623	40.739331
556	0.130620	75000	0.030398	40.769729
557	0.129884	75000	0.030318	40.800047
558	0.129151	75000	0.030046	40.830092
559	0.128420	75000	0.029955	40.860047
560	0.127691	75000	0.029883	40.889931
561	0.126965	75000	0.029648	40.919578
562	0.126242	75000	0.029690	40.949269
563	0.125521	75000	0.029402	40.978671
564	0.124802	75000	0.029196	41.007867
565	0.124086	75000	0.029166	41.037033
566	0.123373	75000	0.028874	41.065907
567	0.122662	75000	0.028760	41.094667
568	0.121953	75000	0.028809	41.123476
569	0.121247	75000	0.028736	41.152212
570	0.120543	75000	0.028428	41.180640
571	0.119842	75000	0.028219	41.208859
572	0.119143	75000	0.028139	41.236997
573	0.118447	75000	0.028010	41.265008
574	0.117753	75000	0.027941	41.292948
575	0.117062	75000	0.027736	41.320685
576	0.116373	75000	0.027615	41.348300
577	0.115686	75000	0.027508	41.375808
578	0.115002	75000	0.027441	41.403249
579	0.114320	75000	0.027238	41.430487
580	0.113641	75000	0.027082	41.457569
581	0.112964	75000	0.026894	41.484463
582	0.112290	75000	0.026888	41.511352
583	0.111618	75000	0.026657	41.538009
584	0.110948	75000	0.026702	41.564711
585	0.110281	75000	0.026273	41.590984
586	0.109616	75000	0.026294	41.617277
587	0.108954	75000	0.026096	41.643373
588	0.108294	75000	0.026153	41.669526
589	0.107637	75000	0.025816	41.695342
590	0.106981	75000	0.025576	41.720918
591	0.106329	75000	0.025489	41.746407
592	0.105678	75000	0.025330	41.771737
593	0.105030	75000	0.025211	41.796948
594	0.104385	75000	0.025300	41.822248
595	0.103742	75000	0.025037	41.847285
596	0.103101	75000	0.024710	41.871995
597	0.102463	75000	0.024736	41.896731
598	0.101827	75000	0.024656	41.921387
599	0.101193	75000	0.024288	41.945675
600	0.100562	75000	0.024374	41.970050
601	0.099933	75000	0.024064	41.994114
602	0.099306	75000	0.024029	42.018143
603	0.098682	75000	0.023918	42.042061
604	0.098060	75000	0.023718	42.065778
605	0.097441	75000	0.023614	42.089392
606	0.096824	75000	0.023445	42.112837
607	0.096209	75000	0.023356	42.136193
608	0.095596	75000	0.023221	42.159414
609	0.094986	75000	0.023149	42.182563
610	0.094379	75000	0.023097	42.205661
611	0.093773	75000	0.022718	42.228379
612	0.093170	75000	0.022670	42.251048
613	0.092570	75000	0.022486	42.273535
614	0.091971	75000	0.022350	42.295885
615	0.091375	75000	0.022269	42.318153
616	0.090781	75000	0.022235	42.340388
617	0.090190	75000	0.021959	42.362347
618	0.089601	75000	0.021743	42.384090
619	0.089014	75000	0.021747	42.405837
620	0.088430	75000	0.021435	42.427272
621	0.087848	75000	0.021390	42.448662
622	0.087268	75000	0.021393	42.470055
623	0.086690	75000	0.020929	42.490984
624	0.086115	75000	0.020971	42.511956
625	0.085542	75000	0.020916	42.532872
626	0.084971	75000	0.020628	42.553500
627	0.084403	75000	0.020618	42.574118
628	0.083837	75000	0.020435	42.594553
629	0.083273	75000	0.020311	42.614864
630	0.082712	75000	0.020286	42.635150
631	0.082152	75000	0.020171	42.655322
632	0.081595	75000	0.019764	42.675086
633	0.081041	75000	0.019864	42.694950
634	0.080488	75000	0.019527	42.714478
635	0.079938	75000	0.019543	42.734021
636	0.079390	75000	0.019322	42.753343
637	0.078845	75000	0.019195	42.772539
638	0.078301	75000	0.019131	42.791670
639	0.077760	75000	0.018956	42.810625
640	0.077221	75000	0.018864	42.829490
641	0.076684	75000	0.018455	42.847945
642	0.076150	75000	0.018481	42.866426
643	0.075618	75000	0.018151	42.884577
644	0.075088	75000	0.018276	42.902852
645	0.074560	75000	0.018264	42.921117
646	0.074035	75000	0.017876	42.938992
647	0.073512	75000	0.017890	42.956883
648	0.072991	75000	0.017816	42.974698
649	0.072472	75000	0.017612	42.992310
650	0.071955	75000	0.017568	43.009878
651	0.071441	75000	0.017106	43.026984
652	0.070929	75000	0.017034	43.044018
653	0.070419	75000	0.016925	43.060943
654	0.069911	75000	0.016878	43.077822
655	0.069406	75000	0.016745	43.094567
656	0.068903	75000	0.016567	43.111134
657	0.068401	75000	0.016215	43.127348
658	0.067903	75000	0.016440	43.143788
659	0.067406	75000	0.016239	43.160027
660	0.066911	75000	0.016126	43.176153
661	0.066419	75000	0.015936	43.192089
662	0.065929	75000	0.015571	43.207660
663	0.065441	75000	0.015688	43.223348
664	0.064955	75000	0.015499	43.238847
665	0.064471	75000	0.015171	43.254018
666	0.063990	75000	0.015190	43.269208
667	0.063510	75000	0.015120	43.284328
668	0.063033	75000	0.014634	43.298962
669	0.062558	75000	0.014490	43.313452
670	0.062085	75000	0.014511	43.327963
671	0.061615	75000	0.014422	43.342385
672	0.061146	75000	0.014386	43.356771
673	0.060680	75000	0.014032	43.370804
674	0.060216	75000	0.014003	43.384806
675	0.059753	75000	0.013815	43.398621
676	0.059293	75000	0.013580	43.412201
677	0.058836	75000	0.013560	43.425761
678	0.058380	75000	0.013405	43.439166
679	0.057926	75000	0.013254	43.452420
680	0.057475	75000	0.013124	43.465544
681	0.057025	75000	0.013194	43.478738
682	0.056578	75000	0.012653	43.491391
683	0.056133	75000	0.012712	43.504103
684	0.055690	75000	0.012503	43.516606
685	0.055249	75000	0.012438	43.529044
686	0.054810	75000	0.012268	43.541312
687	0.054373	75000	0.012125	43.553437
688	0.053939	75000	0.011861	43.565298
689	0.053506	75000	0.011949	43.577247
690	0.053076	75000	0.011554	43.588801
691	0.052647	75000	0.011567	43.600368
692	0.052221	75000	0.011581	43.611949
693	0.051797	75000	0.011092	43.623042
694	0.051375	75000	0.011217	43.634258
695	0.050955	75000	0.010739	43.644997
696	0.050537	75000	0.010763	43.655761
697	0.050121	75000	0.010601	43.666362
698	0.049707	75000	0.010363	43.676725
699	0.049295	75000	0.010217	43.686942
700	0.048885	75000	0.009982	43.696924
701	0.048478	75000	0.010020	43.706944
702	0.048072	75000	0.009873	43.716817
703	0.047668	75000	0.009604	43.726422
704	0.047267	75000	0.009457	43.735878
705	0.046867	75000	0.009423	43.745302
706	0.046470	75000	0.009257	43.754558
707	0.046074	75000	0.009050	43.763608
708	0.045681	75000	0.009132	43.772741
709	0.045289	75000	0.008785	43.781525
710	0.044900	75000	0.008764	43.790289
711	0.044512	75000	0.008592	43.798880
712	0.044127	75000	0.008026	43.806906
713	0.043744	75000	0.008186	43.815092
714	0.043362	75000	0.007941	43.823033
715	0.042983	75000	0.007602	43.830636
716	0.042606	75000	0.007513	43.838149
717	0.042230	75000	0.007682	43.845831
718	0.041857	75000	0.007397	43.853227
719	0.041485	75000	0.007131	43.860358
720	0.041116	75000	0.007035	43.867393
721	0.040749	75000	0.006944	43.874337
722	0.040383	75000	0.006551	43.880887
723	0.040020	75000	0.006713	43.887601
724	0.039658	75000	0.006591	43.894192
725	0.039299	75000	0.006084	43.900276
726	0.038941	75000	0.005983	43.906259
727	0.038585	75000	0.005679	43.911938
728	0.038232	75000	0.005935	43.917873
729	0.037880	75000	0.005729	43.923601
730	0.037530	75000	0.005462	43.929064
731	0.037182	75000	0.005150	43.934214
732	0.036836	75000	0.005315	43.939529
733	0.036493	75000	0.004855	43.944384
734	0.036151	75000	0.004791	43.949175
735	0.035810	75000	0.004736	43.953911
736	0.035472	75000	0.004122	43.958033
737	0.035136	75000	0.004058	43.962090
738	0.034802	75000	0.004006	43.966097
739	0.034469	75000	0.003839	43.969935
740	0.034139	75000	0.004009	43.973944
741	0.033810	75000	0.003404	43.977348
742	0.033484	75000	0.003187	43.980535
743	0.033159	75000	0.003204	43.983740
744	0.032836	75000	0.003189	43.986929
745	0.032515	75000	0.002618	43.989547
746	0.032196	75000	0.002609	43.992156
747	0.031879	75000	0.002387	43.994543
748	0.031563	75000	0.002033	43.996575
749	0.031250	75000	0.002102	43.998677
750	0.030938	75000	0.001748	44.000425
751	0.030629	75000	0.001721	44.002145
752	0.030321	75000	0.001238	44.003383
753	0.030015	75000	0.001041	44.004424
754	0.029711	75000	0.001111	44.005535
755	0.029409	75000	0.000836	44.006371
756	0.029108	75000	0.000310	44.006681
757	0.028810	75000	0.000330	44.007012
758	0.028513	75000	0.000055	44.007066
759	0.028218	75000	0.000337	44.007403
760	0.027925	75000	0.000003	44.007406
761	0.027634	75000	-0.000736	44.006671
762	0.027345	75000	-0.000926	44.005745
763	0.027057	75000	-0.000733	44.005012
764	0.026771	75000	-0.001384	44.003628
765	0.026487	75000	-0.001820	44.001808
766	0.026205	75000	-0.001404	44.000403
767	0.025925	75000	-0.001662	43.998741
768	0.025647	75000	-0.002142	43.996599
769	0.025370	75000	-0.002905	43.993694
770	0.025095	75000	-0.002453	43.991241
771	0.024822	75000	-0.002469	43.988772
772	0.024551	75000	-0.003032	43.985740
773	0.024281	75000	-0.004039	43.981701
774	0.024014	75000	-0.003319	43.978382
775	0.023748	75000	-0.003758	43.974624
776	0.023483	75000	-0.004221	43.970403
777	0.023221	75000	-0.004187	43.966216
778	0.022960	75000	-0.004749	43.961467
779	0.022702	75000	-0.005114	43.956353
780	0.022445	75000	-0.005502	43.950851
781	0.022189	75000	-0.005440	43.945411
782	0.021936	75000	-0.006100	43.939311
783	0.021684	75000	-0.006508	43.932803
784	0.021434	75000	-0.006335	43.926468
785	0.021185	75000	-0.006841	43.919626
786	0.020939	75000	-0.006595	43.913031
787	0.020694	75000	-0.007190	43.905841
788	0.020451	75000	-0.007956	43.897885
789	0.020209	75000	-0.008383	43.889502
790	0.019969	75000	-0.007693	43.881809
791	0.019731	75000	-0.008387	43.873422
792	0.019495	75000	-0.008598	43.864824
793	0.019261	75000	-0.009169	43.855655
794	0.019028	75000	-0.010085	43.845570
795	0.018796	75000	-0.009424	43.836146
796	0.018567	75000	-0.009929	43.826217
797	0.018339	75000	-0.011029	43.815188
798	0.018113	75000	-0.012040	43.803148
799	0.017889	75000	-0.012321	43.790827
800	0.017666	75000	-0.012892	43.777935
801	0.017445	75000	-0.012428	43.765507
802	0.017225	75000	-0.012559	43.752948
803	0.017007	75000	-0.013479	43.739468
804	0.016791	75000	-0.013742	43.725726
805	0.016577	75000	-0.014201	43.711526
806	0.016364	75000	-0.014996	43.696529
807	0.016153	75000	-0.015319	43.681211
808	0.015943	75000	-0.016035	43.665175
809	0.015736	75000	-0.015495	43.649680
810	0.015529	75000	-0.018568	43.631112
811	0.015325	75000	-0.016845	43.614267
812	0.015122	75000	-0.019218	43.595049
813	0.014920	75000	-0.018975	43.576074
814	0.014721	75000	-0.018493	43.557581
815	0.014523	75000	-0.022142	43.535439
816	0.014326	75000	-0.021372	43.514068
817	0.014131	75000	-0.024732	43.489336
818	0.013938	75000	-0.021315	43.468021
819	0.013746	75000	-0.025713	43.442307
820	0.013556	75000	-0.024649	43.417658
821	0.013367	75000	-0.025512	43.392146
822	0.013181	75000	-0.028989	43.363157
823	0.012995	75000	-0.025907	43.337250
824	0.012811	75000	-0.030409	43.306841
825	0.012629	75000	-0.028446	43.278395
826	0.012448	75000	-0.032796	43.245599
827	0.012269	75000	-0.031592	43.214007
828	0.012092	75000	-0.034454	43.179553
829	0.011916	75000	-0.033755	43.145798
830	0.011741	75000	-0.034969	43.110830
831	0.011568	75000	-0.037657	43.073173
832	0.011397	75000	-0.039018	43.034155
833	0.011227	75000	-0.039898	42.994257
834	0.011059	75000	-0.043443	42.950813
835	0.010892	75000	-0.042722	42.908091
836	0.010727	75000	-0.047989	42.860102
837	0.010563	75000	-0.046967	42.813135
838	0.010401	75000	-0.049583	42.763552
839	0.010240	75000	-0.050330	42.713222
840	0.010081	75000	-0.052187	42.661035
841	0.009923	75000	-0.055190	42.605845
842	0.009767	75000	-0.055325	42.550520
843	0.009612	75000	-0.057658	42.492862
844	0.009459	75000	-0.063219	42.429642
845	0.009307	75000	-0.060848	42.368794
846	0.009156	75000	-0.065873	42.302921
847	0.009008	75000	-0.066618	42.236303
848	0.008860	75000	-0.068465	42.167838
849	0.008714	75000	-0.074252	42.093585
850	0.008570	75000	-0.076242	42.017343
851	0.008427	75000	-0.073970	41.943373
852	0.008285	75000	-0.077708	41.865665
853	0.008145	75000	-0.077952	41.787713
854	0.008006	75000	-0.081583	41.706130
855	0.007869	75000	-0.083605	41.622525
856	0.007733	75000	-0.079713	41.542812
857	0.007598	75000	-0.081785	41.461027
858	0.007465	75000	-0.083327	41.377700
859	0.007334	75000	-0.080675	41.297025
860	0.007203	75000	-0.086192	41.210832
861	0.007075	75000	-0.084136	41.126696
862	0.006947	75000	-0.086725	41.039972
863	0.006821	75000	-0.089293	40.950678
864	0.006696	75000	-0.090383	40.860296
865	0.006573	75000	-0.092022	40.768274
866	0.006451	75000	-0.090371	40.677903
867	0.006330	75000	-0.093921	40.583982
868	0.006211	75000	-0.090996	40.492986
869	0.006093	75000	-0.089727	40.403260
870	0.005977	75000	-0.092520	40.310740
871	0.005862	75000	-0.091054	40.219686
872	0.005748	75000	-0.090458	40.129228
873	0.005635	75000	-0.092855	40.036373
874	0.005524	75000	-0.091573	39.944800
875	0.005414	75000	-0.090285	39.854515
876	0.005306	75000	-0.091980	39.762536
877	0.005199	75000	-0.089602	39.672934
878	0.005093	75000	-0.090580	39.582354
879	0.004988	75000	-0.090772	39.491582
880	0.004885	75000	-0.088791	39.402791
881	0.004783	75000	-0.090167	39.312624
882	0.004682	75000	-0.088836	39.223789
883	0.004583	75000	-0.087225	39.136564
884	0.004485	75000	-0.086705	39.049859
885	0.004388	75000	-0.088029	38.961829
886	0.004292	75000	-0.086527	38.875302
887	0.004198	75000	-0.085856	38.789446
888	0.004105	75000	-0.085475	38.703971
889	0.004013	75000	-0.084210	38.619761
890	0.003923	75000	-0.083504	38.536257
891	0.003833	75000	-0.082649	38.453608
892	0.003745	75000	-0.082286	38.371322
893	0.003658	75000	-0.081115	38.290208
894	0.003573	75000	-0.079625	38.210583
895	0.003488	75000	-0.080082	38.130501
896	0.003405	75000	-0.078328	38.052173
897	0.003323	75000	-0.078047	37.974126
898	0.003242	75000	-0.076759	37.897367
899	0.003162	75000	-0.076519	37.820848
900	0.003084	75000	-0.075470	37.745378
901	0.003007	75000	-0.074317	37.671061
902	0.002930	75000	-0.073304	37.597757
903	0.002855	75000	-0.072636	37.525121
904	0.002782	75000	-0.071188	37.453933
905	0.002709	75000	-0.070594	37.383339
906	0.002638	75000	-0.069252	37.314087
907	0.002567	75000	-0.068346	37.245741
908	0.002498	75000	-0.067657	37.178084
909	0.002430	75000	-0.067032	37.111052
910	0.002363	75000	-0.065686	37.045366
911	0.002297	75000	-0.064961	36.980405
912	0.002233	75000	-0.063708	36.916697
913	0.002169	75000	-0.062834	36.853862
914	0.002106	75000	-0.061844	36.792018
915	0.002045	75000	-0.060679	36.731340
916	0.001985	75000	-0.059678	36.671662
917	0.001925	75000	-0.058798	36.612865
918	0.001867	75000	-0.057753	36.555111
919	0.001810	75000	-0.056838	36.498273
920	0.001754	75000	-0.055989	36.442284
921	0.001699	75000	-0.054817	36.387467
922	0.001645	75000	-0.053856	36.333611
923	0.001592	75000	-0.052851	36.280760
924	0.001540	75000	-0.052095	36.228665
925	0.001490	75000	-0.051297	36.177368
926	0.001440	75000	-0.050151	36.127216
927	0.001391	75000	-0.049061	36.078155
928	0.001343	75000	-0.048183	36.029973
929	0.001296	75000	-0.047034	35.982939
930	0.001251	75000	-0.046232	35.936707
931	0.001206	75000	-0.045121	35.891586
932	0.001162	75000	-0.044376	35.847210
933	0.001119	75000	-0.043377	35.803832
934	0.001077	75000	-0.042481	35.761351
935	0.001036	75000	-0.041465	35.719887
936	0.000996	75000	-0.040475	35.679411
937	0.000957	75000	-0.039627	35.639784
938	0.000919	75000	-0.038759	35.601025
939	0.000882	75000	-0.037808	35.563217
940	0.000846	75000	-0.036958	35.526258
941	0.000810	75000	-0.036053	35.490205
942	0.000776	75000	-0.035033	35.455172
943	0.000742	75000	-0.034227	35.420944
944	0.000709	75000	-0.033310	35.387635
945	0.000678	75000	-0.032570	35.355065
946	0.000647	75000	-0.031719	35.323345
947	0.000617	75000	-0.030808	35.292538
948	0.000587	75000	-0.029839	35.262699
949	0.000559	75000	-0.029031	35.233668
950	0.000531	75000	-0.028155	35.205513
951	0.000505	75000	-0.027310	35.178203
952	0.000479	75000	-0.026504	35.151699
953	0.000454	75000	-0.025765	35.125934
954	0.000430	75000	-0.024921	35.101013
955	0.000406	75000	-0.024068	35.076945
956	0.000383	75000	-0.023271	35.053674
957	0.000362	75000	-0.022495	35.031179
958	0.000340	75000	-0.021666	35.009514
959	0.000320	75000	-0.020942	34.988571
960	0.000300	75000	-0.020146	34.968425
961	0.000281	75000	-0.019465	34.948960
962	0.000263	75000	-0.018717	34.930243
963	0.000246	75000	-0.017932	34.912311
964	0.000229	75000	-0.017216	34.895095
965	0.000213	75000	-0.016459	34.878636
966	0.000198	75000	-0.015785	34.862851
967	0.000183	75000	-0.015073	34.847778
968	0.000169	75000	-0.014377	34.833401
969	0.000156	75000	-0.013702	34.819699
970	0.000143	75000	-0.013070	34.806629
971	0.000131	75000	-0.012402	34.794226
972	0.000120	75000	-0.011761	34.782465
973	0.000109	75000	-0.011107	34.771359
974	0.000099	75000	-0.010505	34.760853
975	0.000089	75000	-0.009886	34.750967
976	0.000080	75000	-0.009274	34.741693
977	0.000072	75000	-0.008718	34.732975
978	0.000064	75000	-0.008109	34.724865
979	0.000057	75000	-0.007563	34.717302
980	0.000050	75000	-0.007013	34.710289
981	0.000043	75000	-0.006493	34.703797
982	0.000038	75000	-0.005966	34.697830
983	0.000032	75000	-0.005477	34.692353
984	0.000028	75000	-0.004985	34.687369
985	0.000023	75000	-0.004503	34.682866
986	0.000019	75000	-0.004062	34.678803
987	0.000016	75000	-0.003610	34.675193
988	0.000013	75000	-0.003184	34.672009
989	0.000010	75000	-0.002780	34.669229
990	0.000008	75000	-0.002394	34.666835
991	0.000006	75000	-0.002025	34.664810
992	0.000004	75000	-0.001677	34.663134
993	0.000003	75000	-0.001357	34.661777
994	0.000002	75000	-0.001055	34.660721
995	0.000001	75000	-0.000781	34.659941
996	0.000000	75000	-0.000535	34.659406
997	0.000000	75000	-0.000325	34.659081
998	0.000000	75000	-0.000152	34.658929
999	0.000000	75000	-0.000033	34.658897
Log marginal likelihood:	34.658897
