Steppingstone sampler:
        No Stones:                  1000
        Start It:                   10000001
        It Per Stone:               100000
        Sample Freq:                1
        Dist:                       Beta(0.400000,1.000000)
Stone No	Power	N	Stone MLh	Running MLh
0	0.997502	75000	-0.025911	-0.025911
1	0.995007	75000	-0.025896	-0.051807
2	0.992517	75000	-0.025891	-0.077698
3	0.990030	75000	-0.025793	-0.103491
4	0.987547	75000	-0.025793	-0.129284
5	0.985067	75000	-0.025790	-0.155074
6	0.982592	75000	-0.025690	-0.180764
7	0.980120	75000	-0.025639	-0.206403
8	0.977652	75000	-0.025651	-0.232053
9	0.975187	75000	-0.025642	-0.257696
10	0.972726	75000	-0.025573	-0.283269
11	0.970269	75000	-0.025581	-0.308850
12	0.967816	75000	-0.025560	-0.334410
13	0.965367	75000	-0.025473	-0.359883
14	0.962921	75000	-0.025506	-0.385389
15	0.960479	75000	-0.025416	-0.410805
16	0.958040	75000	-0.025389	-0.436194
17	0.955606	75000	-0.025316	-0.461510
18	0.953175	75000	-0.025347	-0.486857
19	0.950747	75000	-0.025294	-0.512151
20	0.948324	75000	-0.025331	-0.537481
21	0.945904	75000	-0.025259	-0.562741
22	0.943488	75000	-0.025179	-0.587920
23	0.941076	75000	-0.025141	-0.613061
24	0.938667	75000	-0.025178	-0.638239
25	0.936262	75000	-0.025062	-0.663301
26	0.933861	75000	-0.025058	-0.688359
27	0.931463	75000	-0.025028	-0.713387
28	0.929069	75000	-0.025056	-0.738442
29	0.926679	75000	-0.025015	-0.763457
30	0.924293	75000	-0.024965	-0.788423
31	0.921910	75000	-0.024944	-0.813367
32	0.919531	75000	-0.024907	-0.838274
33	0.917155	75000	-0.024870	-0.863144
34	0.914783	75000	-0.024817	-0.887961
35	0.912415	75000	-0.024791	-0.912752
36	0.910051	75000	-0.024756	-0.937508
37	0.907690	75000	-0.024709	-0.962217
38	0.905333	75000	-0.024722	-0.986939
39	0.902980	75000	-0.024627	-1.011566
40	0.900630	75000	-0.024636	-1.036203
41	0.898284	75000	-0.024640	-1.060843
42	0.895942	75000	-0.024510	-1.085353
43	0.893603	75000	-0.024514	-1.109867
44	0.891268	75000	-0.024497	-1.134364
45	0.888937	75000	-0.024458	-1.158822
46	0.886609	75000	-0.024387	-1.183209
47	0.884285	75000	-0.024395	-1.207604
48	0.881965	75000	-0.024397	-1.232002
49	0.879648	75000	-0.024370	-1.256371
50	0.877335	75000	-0.024369	-1.280741
51	0.875026	75000	-0.024328	-1.305069
52	0.872720	75000	-0.024241	-1.329310
53	0.870418	75000	-0.024258	-1.353569
54	0.868120	75000	-0.024160	-1.377729
55	0.865825	75000	-0.024145	-1.401874
56	0.863534	75000	-0.024188	-1.426062
57	0.861246	75000	-0.024086	-1.450147
58	0.858962	75000	-0.024065	-1.474212
59	0.856682	75000	-0.024117	-1.498329
60	0.854405	75000	-0.024017	-1.522346
61	0.852132	75000	-0.023969	-1.546315
62	0.849863	75000	-0.023923	-1.570239
63	0.847597	75000	-0.023903	-1.594142
64	0.845335	75000	-0.023857	-1.617998
65	0.843077	75000	-0.023853	-1.641851
66	0.840822	75000	-0.023795	-1.665646
67	0.838571	75000	-0.023791	-1.689437
68	0.836323	75000	-0.023760	-1.713197
69	0.834079	75000	-0.023774	-1.736970
70	0.831839	75000	-0.023706	-1.760676
71	0.829602	75000	-0.023709	-1.784385
72	0.827369	75000	-0.023616	-1.808002
73	0.825140	75000	-0.023616	-1.831617
74	0.822914	75000	-0.023560	-1.855177
75	0.820691	75000	-0.023541	-1.878718
76	0.818473	75000	-0.023471	-1.902189
77	0.816258	75000	-0.023457	-1.925646
78	0.814046	75000	-0.023409	-1.949055
79	0.811838	75000	-0.023487	-1.972542
80	0.809634	75000	-0.023379	-1.995921
81	0.807433	75000	-0.023332	-2.019253
82	0.805236	75000	-0.023307	-2.042560
83	0.803043	75000	-0.023305	-2.065865
84	0.800853	75000	-0.023313	-2.089178
85	0.798667	75000	-0.023300	-2.112478
86	0.796484	75000	-0.023237	-2.135715
87	0.794305	75000	-0.023181	-2.158895
88	0.792129	75000	-0.023102	-2.181997
89	0.789957	75000	-0.023087	-2.205084
90	0.787789	75000	-0.023100	-2.228185
91	0.785624	75000	-0.023061	-2.251245
92	0.783463	75000	-0.023005	-2.274250
93	0.781305	75000	-0.022938	-2.297188
94	0.779151	75000	-0.023022	-2.320210
95	0.777000	75000	-0.022949	-2.343159
96	0.774853	75000	-0.022940	-2.366100
97	0.772710	75000	-0.022871	-2.388971
98	0.770570	75000	-0.022885	-2.411855
99	0.768433	75000	-0.022795	-2.434650
100	0.766301	75000	-0.022777	-2.457428
101	0.764172	75000	-0.022733	-2.480160
102	0.762046	75000	-0.022708	-2.502869
103	0.759924	75000	-0.022708	-2.525577
104	0.757805	75000	-0.022696	-2.548272
105	0.755690	75000	-0.022680	-2.570952
106	0.753579	75000	-0.022574	-2.593526
107	0.751471	75000	-0.022603	-2.616129
108	0.749366	75000	-0.022525	-2.638654
109	0.747266	75000	-0.022477	-2.661131
110	0.745168	75000	-0.022497	-2.683628
111	0.743075	75000	-0.022393	-2.706021
112	0.740984	75000	-0.022486	-2.728506
113	0.738898	75000	-0.022424	-2.750930
114	0.736815	75000	-0.022352	-2.773281
115	0.734735	75000	-0.022313	-2.795594
116	0.732659	75000	-0.022322	-2.817916
117	0.730586	75000	-0.022308	-2.840225
118	0.728517	75000	-0.022244	-2.862469
119	0.726452	75000	-0.022203	-2.884672
120	0.724390	75000	-0.022176	-2.906848
121	0.722331	75000	-0.022123	-2.928971
122	0.720276	75000	-0.022168	-2.951139
123	0.718225	75000	-0.022074	-2.973213
124	0.716177	75000	-0.022082	-2.995295
125	0.714132	75000	-0.022057	-3.017352
126	0.712091	75000	-0.022093	-3.039445
127	0.710054	75000	-0.022034	-3.061479
128	0.708020	75000	-0.021944	-3.083423
129	0.705989	75000	-0.021989	-3.105412
130	0.703962	75000	-0.021895	-3.127307
131	0.701939	75000	-0.021906	-3.149213
132	0.699919	75000	-0.021869	-3.171082
133	0.697902	75000	-0.021832	-3.192914
134	0.695889	75000	-0.021772	-3.214686
135	0.693880	75000	-0.021722	-3.236408
136	0.691874	75000	-0.021686	-3.258094
137	0.689871	75000	-0.021721	-3.279814
138	0.687872	75000	-0.021733	-3.301548
139	0.685877	75000	-0.021525	-3.323073
140	0.683885	75000	-0.021630	-3.344703
141	0.681896	75000	-0.021534	-3.366237
142	0.679911	75000	-0.021547	-3.387784
143	0.677929	75000	-0.021507	-3.409291
144	0.675951	75000	-0.021438	-3.430730
145	0.673976	75000	-0.021462	-3.452191
146	0.672005	75000	-0.021420	-3.473612
147	0.670037	75000	-0.021439	-3.495051
148	0.668073	75000	-0.021368	-3.516419
149	0.666112	75000	-0.021280	-3.537699
150	0.664155	75000	-0.021232	-3.558930
151	0.662201	75000	-0.021277	-3.580207
152	0.660250	75000	-0.021281	-3.601488
153	0.658303	75000	-0.021224	-3.622712
154	0.656359	75000	-0.021161	-3.643873
155	0.654419	75000	-0.021186	-3.665059
156	0.652483	75000	-0.021139	-3.686198
157	0.650549	75000	-0.021148	-3.707347
158	0.648619	75000	-0.021045	-3.728391
159	0.646693	75000	-0.021107	-3.749498
160	0.644770	75000	-0.021053	-3.770551
161	0.642851	75000	-0.020960	-3.791511
162	0.640934	75000	-0.020927	-3.812438
163	0.639022	75000	-0.020966	-3.833404
164	0.637113	75000	-0.020934	-3.854338
165	0.635207	75000	-0.020845	-3.875182
166	0.633304	75000	-0.020876	-3.896058
167	0.631405	75000	-0.020777	-3.916835
168	0.629510	75000	-0.020773	-3.937608
169	0.627618	75000	-0.020819	-3.958427
170	0.625729	75000	-0.020721	-3.979148
171	0.623844	75000	-0.020704	-3.999852
172	0.621962	75000	-0.020701	-4.020553
173	0.620083	75000	-0.020625	-4.041178
174	0.618208	75000	-0.020604	-4.061782
175	0.616337	75000	-0.020581	-4.082362
176	0.614468	75000	-0.020478	-4.102841
177	0.612604	75000	-0.020567	-4.123408
178	0.610742	75000	-0.020465	-4.143873
179	0.608884	75000	-0.020481	-4.164354
180	0.607029	75000	-0.020470	-4.184824
181	0.605178	75000	-0.020389	-4.205213
182	0.603330	75000	-0.020432	-4.225645
183	0.601486	75000	-0.020354	-4.245999
184	0.599645	75000	-0.020368	-4.266367
185	0.597807	75000	-0.020274	-4.286641
186	0.595973	75000	-0.020265	-4.306906
187	0.594142	75000	-0.020258	-4.327164
188	0.592314	75000	-0.020248	-4.347412
189	0.590490	75000	-0.020231	-4.367643
190	0.588669	75000	-0.020213	-4.387856
191	0.586852	75000	-0.020163	-4.408019
192	0.585038	75000	-0.020107	-4.428126
193	0.583227	75000	-0.020197	-4.448324
194	0.581420	75000	-0.020083	-4.468407
195	0.579616	75000	-0.020079	-4.488486
196	0.577815	75000	-0.020012	-4.508498
197	0.576018	75000	-0.020016	-4.528514
198	0.574224	75000	-0.020003	-4.548517
199	0.572433	75000	-0.019927	-4.568444
200	0.570646	75000	-0.019920	-4.588365
201	0.568862	75000	-0.019878	-4.608243
202	0.567082	75000	-0.019927	-4.628170
203	0.565305	75000	-0.019904	-4.648074
204	0.563531	75000	-0.019768	-4.667842
205	0.561761	75000	-0.019767	-4.687608
206	0.559993	75000	-0.019765	-4.707374
207	0.558230	75000	-0.019734	-4.727108
208	0.556469	75000	-0.019700	-4.746808
209	0.554712	75000	-0.019672	-4.766479
210	0.552958	75000	-0.019648	-4.786127
211	0.551208	75000	-0.019607	-4.805734
212	0.549461	75000	-0.019631	-4.825365
213	0.547717	75000	-0.019605	-4.844969
214	0.545977	75000	-0.019560	-4.864530
215	0.544240	75000	-0.019545	-4.884074
216	0.542506	75000	-0.019412	-4.903486
217	0.540775	75000	-0.019526	-4.923012
218	0.539048	75000	-0.019410	-4.942423
219	0.537324	75000	-0.019375	-4.961798
220	0.535604	75000	-0.019394	-4.981192
221	0.533887	75000	-0.019331	-5.000523
222	0.532173	75000	-0.019322	-5.019845
223	0.530462	75000	-0.019314	-5.039159
224	0.528755	75000	-0.019251	-5.058411
225	0.527051	75000	-0.019300	-5.077711
226	0.525350	75000	-0.019193	-5.096904
227	0.523653	75000	-0.019161	-5.116065
228	0.521958	75000	-0.019167	-5.135232
229	0.520268	75000	-0.019066	-5.154298
230	0.518580	75000	-0.019062	-5.173360
231	0.516896	75000	-0.019113	-5.192473
232	0.515215	75000	-0.019081	-5.211554
233	0.513537	75000	-0.019018	-5.230572
234	0.511863	75000	-0.018958	-5.249529
235	0.510192	75000	-0.018942	-5.268471
236	0.508524	75000	-0.018924	-5.287396
237	0.506859	75000	-0.018943	-5.306339
238	0.505198	75000	-0.018941	-5.325281
239	0.503540	75000	-0.018865	-5.344146
240	0.501885	75000	-0.018849	-5.362995
241	0.500234	75000	-0.018813	-5.381809
242	0.498586	75000	-0.018806	-5.400615
243	0.496941	75000	-0.018739	-5.419354
244	0.495299	75000	-0.018692	-5.438045
245	0.493660	75000	-0.018733	-5.456778
246	0.492025	75000	-0.018654	-5.475432
247	0.490393	75000	-0.018661	-5.494094
248	0.488765	75000	-0.018639	-5.512733
249	0.487139	75000	-0.018575	-5.531307
250	0.485517	75000	-0.018602	-5.549910
251	0.483898	75000	-0.018546	-5.568456
252	0.482283	75000	-0.018563	-5.587019
253	0.480670	75000	-0.018388	-5.605407
254	0.479061	75000	-0.018416	-5.623823
255	0.477455	75000	-0.018447	-5.642270
256	0.475852	75000	-0.018412	-5.660682
257	0.474253	75000	-0.018468	-5.679151
258	0.472656	75000	-0.018371	-5.697521
259	0.471063	75000	-0.018335	-5.715856
260	0.469474	75000	-0.018273	-5.734129
261	0.467887	75000	-0.018268	-5.752398
262	0.466304	75000	-0.018308	-5.770706
263	0.464723	75000	-0.018274	-5.788980
264	0.463146	75000	-0.018276	-5.807256
265	0.461573	75000	-0.018162	-5.825418
266	0.460002	75000	-0.018134	-5.843552
267	0.458435	75000	-0.018117	-5.861670
268	0.456871	75000	-0.018149	-5.879818
269	0.455310	75000	-0.018090	-5.897908
270	0.453752	75000	-0.018167	-5.916076
271	0.452198	75000	-0.017999	-5.934075
272	0.450647	75000	-0.017987	-5.952062
273	0.449098	75000	-0.017932	-5.969995
274	0.447554	75000	-0.018020	-5.988015
275	0.446012	75000	-0.017984	-6.005999
276	0.444473	75000	-0.017948	-6.023946
277	0.442938	75000	-0.017884	-6.041831
278	0.441406	75000	-0.017820	-6.059651
279	0.439877	75000	-0.017834	-6.077484
280	0.438351	75000	-0.017831	-6.095315
281	0.436829	75000	-0.017868	-6.113183
282	0.435309	75000	-0.017750	-6.130932
283	0.433793	75000	-0.017682	-6.148615
284	0.432280	75000	-0.017780	-6.166394
285	0.430770	75000	-0.017683	-6.184077
286	0.429263	75000	-0.017644	-6.201721
287	0.427760	75000	-0.017622	-6.219343
288	0.426259	75000	-0.017638	-6.236981
289	0.424762	75000	-0.017672	-6.254653
290	0.423268	75000	-0.017527	-6.272180
291	0.421777	75000	-0.017555	-6.289735
292	0.420289	75000	-0.017490	-6.307225
293	0.418805	75000	-0.017599	-6.324824
294	0.417323	75000	-0.017525	-6.342349
295	0.415845	75000	-0.017390	-6.359739
296	0.414370	75000	-0.017438	-6.377178
297	0.412898	75000	-0.017467	-6.394645
298	0.411429	75000	-0.017374	-6.412019
299	0.409963	75000	-0.017441	-6.429460
300	0.408501	75000	-0.017373	-6.446833
301	0.407041	75000	-0.017343	-6.464176
302	0.405585	75000	-0.017276	-6.481452
303	0.404132	75000	-0.017337	-6.498789
304	0.402682	75000	-0.017179	-6.515969
305	0.401235	75000	-0.017217	-6.533186
306	0.399791	75000	-0.017215	-6.550400
307	0.398350	75000	-0.017151	-6.567551
308	0.396913	75000	-0.017180	-6.584732
309	0.395478	75000	-0.017117	-6.601849
310	0.394047	75000	-0.017044	-6.618893
311	0.392619	75000	-0.017148	-6.636041
312	0.391194	75000	-0.017103	-6.653143
313	0.389772	75000	-0.016989	-6.670132
314	0.388353	75000	-0.016983	-6.687115
315	0.386937	75000	-0.017024	-6.704139
316	0.385524	75000	-0.017000	-6.721139
317	0.384115	75000	-0.016920	-6.738059
318	0.382708	75000	-0.016935	-6.754994
319	0.381305	75000	-0.016837	-6.771831
320	0.379904	75000	-0.016856	-6.788686
321	0.378507	75000	-0.016768	-6.805455
322	0.377113	75000	-0.016752	-6.822207
323	0.375722	75000	-0.016854	-6.839061
324	0.374334	75000	-0.016769	-6.855830
325	0.372949	75000	-0.016922	-6.872752
326	0.371567	75000	-0.016686	-6.889438
327	0.370189	75000	-0.016663	-6.906101
328	0.368813	75000	-0.016757	-6.922858
329	0.367440	75000	-0.016634	-6.939492
330	0.366071	75000	-0.016639	-6.956130
331	0.364705	75000	-0.016618	-6.972748
332	0.363341	75000	-0.016576	-6.989325
333	0.361981	75000	-0.016645	-7.005970
334	0.360624	75000	-0.016536	-7.022506
335	0.359269	75000	-0.016530	-7.039035
336	0.357918	75000	-0.016459	-7.055494
337	0.356570	75000	-0.016471	-7.071965
338	0.355225	75000	-0.016483	-7.088448
339	0.353883	75000	-0.016518	-7.104967
340	0.352544	75000	-0.016425	-7.121391
341	0.351208	75000	-0.016485	-7.137876
342	0.349875	75000	-0.016389	-7.154265
343	0.348546	75000	-0.016354	-7.170619
344	0.347219	75000	-0.016352	-7.186971
345	0.345895	75000	-0.016343	-7.203314
346	0.344574	75000	-0.016322	-7.219636
347	0.343257	75000	-0.016340	-7.235976
348	0.341942	75000	-0.016242	-7.252218
349	0.340630	75000	-0.016238	-7.268456
350	0.339322	75000	-0.016126	-7.284583
351	0.338016	75000	-0.016262	-7.300845
352	0.336714	75000	-0.016172	-7.317017
353	0.335414	75000	-0.016207	-7.333224
354	0.334118	75000	-0.016114	-7.349338
355	0.332824	75000	-0.016130	-7.365468
356	0.331534	75000	-0.016067	-7.381536
357	0.330246	75000	-0.015950	-7.397486
358	0.328962	75000	-0.015978	-7.413463
359	0.327680	75000	-0.015971	-7.429435
360	0.326401	75000	-0.016014	-7.445448
361	0.325126	75000	-0.016002	-7.461450
362	0.323853	75000	-0.015888	-7.477339
363	0.322584	75000	-0.015909	-7.493247
364	0.321317	75000	-0.015772	-7.509019
365	0.320054	75000	-0.015850	-7.524869
366	0.318793	75000	-0.015805	-7.540674
367	0.317536	75000	-0.015797	-7.556470
368	0.316281	75000	-0.015866	-7.572336
369	0.315030	75000	-0.015830	-7.588166
370	0.313781	75000	-0.015783	-7.603950
371	0.312535	75000	-0.015789	-7.619738
372	0.311293	75000	-0.015698	-7.635437
373	0.310053	75000	-0.015667	-7.651104
374	0.308816	75000	-0.015623	-7.666727
375	0.307582	75000	-0.015675	-7.682403
376	0.306352	75000	-0.015684	-7.698086
377	0.305124	75000	-0.015573	-7.713659
378	0.303899	75000	-0.015607	-7.729266
379	0.302677	75000	-0.015478	-7.744744
380	0.301458	75000	-0.015621	-7.760365
381	0.300242	75000	-0.015527	-7.775892
382	0.299029	75000	-0.015534	-7.791425
383	0.297819	75000	-0.015523	-7.806948
384	0.296611	75000	-0.015442	-7.822390
385	0.295407	75000	-0.015555	-7.837945
386	0.294206	75000	-0.015497	-7.853442
387	0.293007	75000	-0.015481	-7.868923
388	0.291812	75000	-0.015295	-7.884218
389	0.290619	75000	-0.015388	-7.899606
390	0.289430	75000	-0.015442	-7.915048
391	0.288243	75000	-0.015308	-7.930356
392	0.287059	75000	-0.015285	-7.945641
393	0.285879	75000	-0.015336	-7.960978
394	0.284701	75000	-0.015263	-7.976240
395	0.283526	75000	-0.015213	-7.991454
396	0.282354	75000	-0.015165	-8.006618
397	0.281184	75000	-0.015194	-8.021812
398	0.280018	75000	-0.015230	-8.037042
399	0.278855	75000	-0.015221	-8.052263
400	0.277694	75000	-0.015072	-8.067335
401	0.276537	75000	-0.015052	-8.082388
402	0.275382	75000	-0.015052	-8.097439
403	0.274230	75000	-0.015084	-8.112524
404	0.273082	75000	-0.015089	-8.127613
405	0.271936	75000	-0.015106	-8.142719
406	0.270793	75000	-0.014965	-8.157684
407	0.269652	75000	-0.014996	-8.172680
408	0.268515	75000	-0.015027	-8.187707
409	0.267381	75000	-0.014971	-8.202678
410	0.266249	75000	-0.014948	-8.217625
411	0.265121	75000	-0.014897	-8.232523
412	0.263995	75000	-0.014942	-8.247465
413	0.262872	75000	-0.014995	-8.262460
414	0.261752	75000	-0.014829	-8.277289
415	0.260635	75000	-0.014934	-8.292222
416	0.259520	75000	-0.014905	-8.307128
417	0.258409	75000	-0.014783	-8.321910
418	0.257300	75000	-0.014792	-8.336702
419	0.256195	75000	-0.014732	-8.351434
420	0.255092	75000	-0.014856	-8.366290
421	0.253992	75000	-0.014817	-8.381107
422	0.252895	75000	-0.014727	-8.395834
423	0.251800	75000	-0.014707	-8.410541
424	0.250709	75000	-0.014733	-8.425274
425	0.249620	75000	-0.014721	-8.439995
426	0.248534	75000	-0.014829	-8.454824
427	0.247451	75000	-0.014653	-8.469476
428	0.246371	75000	-0.014747	-8.484223
429	0.245294	75000	-0.014619	-8.498842
430	0.244220	75000	-0.014513	-8.513356
431	0.243148	75000	-0.014631	-8.527987
432	0.242079	75000	-0.014634	-8.542621
433	0.241013	75000	-0.014552	-8.557172
434	0.239950	75000	-0.014604	-8.571776
435	0.238890	75000	-0.014516	-8.586291
436	0.237832	75000	-0.014549	-8.600840
437	0.236778	75000	-0.014489	-8.615329
438	0.235726	75000	-0.014427	-8.629757
439	0.234677	75000	-0.014383	-8.644140
440	0.233630	75000	-0.014478	-8.658618
441	0.232587	75000	-0.014392	-8.673010
442	0.231546	75000	-0.014343	-8.687354
443	0.230509	75000	-0.014293	-8.701646
444	0.229473	75000	-0.014308	-8.715954
445	0.228441	75000	-0.014287	-8.730241
446	0.227412	75000	-0.014295	-8.744536
447	0.226385	75000	-0.014343	-8.758879
448	0.225361	75000	-0.014262	-8.773141
449	0.224340	75000	-0.014358	-8.787500
450	0.223322	75000	-0.014266	-8.801766
451	0.222306	75000	-0.014307	-8.816073
452	0.221293	75000	-0.014268	-8.830341
453	0.220283	75000	-0.014309	-8.844650
454	0.219276	75000	-0.014197	-8.858847
455	0.218272	75000	-0.014117	-8.872963
456	0.217270	75000	-0.014049	-8.887013
457	0.216271	75000	-0.014143	-8.901156
458	0.215275	75000	-0.014210	-8.915365
459	0.214281	75000	-0.014104	-8.929470
460	0.213291	75000	-0.014130	-8.943599
461	0.212303	75000	-0.014174	-8.957773
462	0.211318	75000	-0.014031	-8.971805
463	0.210335	75000	-0.013964	-8.985768
464	0.209356	75000	-0.013971	-8.999739
465	0.208379	75000	-0.014089	-9.013828
466	0.207404	75000	-0.014007	-9.027835
467	0.206433	75000	-0.013956	-9.041791
468	0.205464	75000	-0.014050	-9.055841
469	0.204498	75000	-0.013907	-9.069748
470	0.203535	75000	-0.014013	-9.083762
471	0.202575	75000	-0.013963	-9.097725
472	0.201617	75000	-0.013859	-9.111583
473	0.200662	75000	-0.013859	-9.125443
474	0.199709	75000	-0.013920	-9.139362
475	0.198760	75000	-0.013940	-9.153302
476	0.197813	75000	-0.013873	-9.167175
477	0.196869	75000	-0.013751	-9.180926
478	0.195927	75000	-0.013818	-9.194744
479	0.194988	75000	-0.013828	-9.208573
480	0.194052	75000	-0.013704	-9.222277
481	0.193119	75000	-0.013833	-9.236110
482	0.192188	75000	-0.013781	-9.249890
483	0.191260	75000	-0.013814	-9.263704
484	0.190335	75000	-0.013772	-9.277476
485	0.189412	75000	-0.013724	-9.291200
486	0.188492	75000	-0.013592	-9.304792
487	0.187575	75000	-0.013695	-9.318487
488	0.186660	75000	-0.013652	-9.332139
489	0.185749	75000	-0.013737	-9.345876
490	0.184839	75000	-0.013746	-9.359621
491	0.183933	75000	-0.013642	-9.373263
492	0.183029	75000	-0.013602	-9.386865
493	0.182128	75000	-0.013618	-9.400482
494	0.181229	75000	-0.013599	-9.414081
495	0.180333	75000	-0.013505	-9.427586
496	0.179440	75000	-0.013517	-9.441103
497	0.178550	75000	-0.013601	-9.454704
498	0.177662	75000	-0.013596	-9.468301
499	0.176777	75000	-0.013497	-9.481798
500	0.175894	75000	-0.013448	-9.495246
501	0.175014	75000	-0.013532	-9.508778
502	0.174137	75000	-0.013430	-9.522207
503	0.173262	75000	-0.013445	-9.535653
504	0.172390	75000	-0.013477	-9.549129
505	0.171521	75000	-0.013431	-9.562561
506	0.170654	75000	-0.013357	-9.575917
507	0.169790	75000	-0.013493	-9.589410
508	0.168929	75000	-0.013424	-9.602834
509	0.168070	75000	-0.013306	-9.616140
510	0.167214	75000	-0.013295	-9.629435
511	0.166360	75000	-0.013404	-9.642839
512	0.165509	75000	-0.013564	-9.656403
513	0.164661	75000	-0.013359	-9.669762
514	0.163815	75000	-0.013413	-9.683175
515	0.162972	75000	-0.013325	-9.696500
516	0.162132	75000	-0.013322	-9.709822
517	0.161294	75000	-0.013399	-9.723221
518	0.160458	75000	-0.013298	-9.736520
519	0.159626	75000	-0.013218	-9.749738
520	0.158796	75000	-0.013198	-9.762936
521	0.157968	75000	-0.013237	-9.776173
522	0.157143	75000	-0.013293	-9.789466
523	0.156321	75000	-0.013248	-9.802713
524	0.155501	75000	-0.013379	-9.816092
525	0.154684	75000	-0.013191	-9.829283
526	0.153870	75000	-0.013201	-9.842484
527	0.153058	75000	-0.013200	-9.855684
528	0.152248	75000	-0.013241	-9.868925
529	0.151441	75000	-0.013295	-9.882220
530	0.150637	75000	-0.013133	-9.895353
531	0.149835	75000	-0.013107	-9.908460
532	0.149036	75000	-0.013113	-9.921573
533	0.148240	75000	-0.013250	-9.934823
534	0.147446	75000	-0.013161	-9.947984
535	0.146654	75000	-0.013079	-9.961063
536	0.145865	75000	-0.013074	-9.974137
537	0.145079	75000	-0.013056	-9.987194
538	0.144295	75000	-0.013116	-10.000310
539	0.143514	75000	-0.013174	-10.013483
540	0.142735	75000	-0.013245	-10.026728
541	0.141959	75000	-0.012999	-10.039727
542	0.141186	75000	-0.013035	-10.052762
543	0.140415	75000	-0.012998	-10.065760
544	0.139646	75000	-0.013042	-10.078802
545	0.138880	75000	-0.012981	-10.091783
546	0.138116	75000	-0.012968	-10.104751
547	0.137356	75000	-0.012892	-10.117643
548	0.136597	75000	-0.013004	-10.130647
549	0.135841	75000	-0.013005	-10.143651
550	0.135088	75000	-0.012925	-10.156577
551	0.134337	75000	-0.013003	-10.169580
552	0.133588	75000	-0.012892	-10.182472
553	0.132843	75000	-0.012891	-10.195363
554	0.132099	75000	-0.012949	-10.208312
555	0.131358	75000	-0.012900	-10.221212
556	0.130620	75000	-0.012873	-10.234085
557	0.129884	75000	-0.012930	-10.247015
558	0.129151	75000	-0.012960	-10.259975
559	0.128420	75000	-0.012888	-10.272863
560	0.127691	75000	-0.012773	-10.285636
561	0.126965	75000	-0.012846	-10.298481
562	0.126242	75000	-0.012907	-10.311388
563	0.125521	75000	-0.012821	-10.324210
564	0.124802	75000	-0.013087	-10.337297
565	0.124086	75000	-0.012736	-10.350032
566	0.123373	75000	-0.012744	-10.362776
567	0.122662	75000	-0.012791	-10.375567
568	0.121953	75000	-0.012878	-10.388445
569	0.121247	75000	-0.012861	-10.401306
570	0.120543	75000	-0.012877	-10.414183
571	0.119842	75000	-0.012860	-10.427042
572	0.119143	75000	-0.012726	-10.439768
573	0.118447	75000	-0.012745	-10.452513
574	0.117753	75000	-0.012736	-10.465249
575	0.117062	75000	-0.012761	-10.478010
576	0.116373	75000	-0.012790	-10.490801
577	0.115686	75000	-0.012936	-10.503736
578	0.115002	75000	-0.012686	-10.516422
579	0.114320	75000	-0.012765	-10.529187
580	0.113641	75000	-0.012708	-10.541895
581	0.112964	75000	-0.012781	-10.554676
582	0.112290	75000	-0.012840	-10.567516
583	0.111618	75000	-0.012674	-10.580190
584	0.110948	75000	-0.012763	-10.592954
585	0.110281	75000	-0.012671	-10.605625
586	0.109616	75000	-0.012827	-10.618451
587	0.108954	75000	-0.012683	-10.631134
588	0.108294	75000	-0.012618	-10.643753
589	0.107637	75000	-0.012624	-10.656377
590	0.106981	75000	-0.012603	-10.668980
591	0.106329	75000	-0.012885	-10.681865
592	0.105678	75000	-0.012790	-10.694655
593	0.105030	75000	-0.012624	-10.707279
594	0.104385	75000	-0.012779	-10.720058
595	0.103742	75000	-0.012812	-10.732870
596	0.103101	75000	-0.012928	-10.745798
597	0.102463	75000	-0.012823	-10.758621
598	0.101827	75000	-0.012689	-10.771310
599	0.101193	75000	-0.012750	-10.784059
600	0.100562	75000	-0.012688	-10.796748
601	0.099933	75000	-0.012673	-10.809420
602	0.099306	75000	-0.012659	-10.822080
603	0.098682	75000	-0.012865	-10.834944
604	0.098060	75000	-0.012464	-10.847408
605	0.097441	75000	-0.012797	-10.860206
606	0.096824	75000	-0.012723	-10.872929
607	0.096209	75000	-0.012719	-10.885648
608	0.095596	75000	-0.012681	-10.898330
609	0.094986	75000	-0.012696	-10.911025
610	0.094379	75000	-0.012567	-10.923592
611	0.093773	75000	-0.012543	-10.936136
612	0.093170	75000	-0.012757	-10.948892
613	0.092570	75000	-0.012574	-10.961467
614	0.091971	75000	-0.012546	-10.974013
615	0.091375	75000	-0.012834	-10.986847
616	0.090781	75000	-0.012590	-10.999437
617	0.090190	75000	-0.012783	-11.012221
618	0.089601	75000	-0.012950	-11.025171
619	0.089014	75000	-0.012817	-11.037988
620	0.088430	75000	-0.012642	-11.050630
621	0.087848	75000	-0.012662	-11.063292
622	0.087268	75000	-0.012706	-11.075998
623	0.086690	75000	-0.012863	-11.088861
624	0.086115	75000	-0.012634	-11.101495
625	0.085542	75000	-0.012709	-11.114204
626	0.084971	75000	-0.012761	-11.126964
627	0.084403	75000	-0.012820	-11.139784
628	0.083837	75000	-0.012798	-11.152582
629	0.083273	75000	-0.012646	-11.165228
630	0.082712	75000	-0.012742	-11.177970
631	0.082152	75000	-0.012725	-11.190695
632	0.081595	75000	-0.012731	-11.203426
633	0.081041	75000	-0.012755	-11.216181
634	0.080488	75000	-0.012729	-11.228910
635	0.079938	75000	-0.012811	-11.241721
636	0.079390	75000	-0.012774	-11.254495
637	0.078845	75000	-0.012848	-11.267342
638	0.078301	75000	-0.012849	-11.280192
639	0.077760	75000	-0.012892	-11.293084
640	0.077221	75000	-0.012769	-11.305853
641	0.076684	75000	-0.012940	-11.318793
642	0.076150	75000	-0.013006	-11.331799
643	0.075618	75000	-0.012824	-11.344624
644	0.075088	75000	-0.012715	-11.357338
645	0.074560	75000	-0.013138	-11.370476
646	0.074035	75000	-0.012939	-11.383415
647	0.073512	75000	-0.013004	-11.396418
648	0.072991	75000	-0.012817	-11.409235
649	0.072472	75000	-0.012796	-11.422031
650	0.071955	75000	-0.012871	-11.434902
651	0.071441	75000	-0.013053	-11.447956
652	0.070929	75000	-0.012985	-11.460941
653	0.070419	75000	-0.013117	-11.474058
654	0.069911	75000	-0.012859	-11.486917
655	0.069406	75000	-0.013004	-11.499920
656	0.068903	75000	-0.012913	-11.512834
657	0.068401	75000	-0.013042	-11.525875
658	0.067903	75000	-0.012948	-11.538823
659	0.067406	75000	-0.013001	-11.551824
660	0.066911	75000	-0.013044	-11.564868
661	0.066419	75000	-0.013000	-11.577868
662	0.065929	75000	-0.012992	-11.590860
663	0.065441	75000	-0.012888	-11.603748
664	0.064955	75000	-0.013110	-11.616858
665	0.064471	75000	-0.013010	-11.629868
666	0.063990	75000	-0.013049	-11.642917
667	0.063510	75000	-0.013433	-11.656350
668	0.063033	75000	-0.013114	-11.669464
669	0.062558	75000	-0.013080	-11.682543
670	0.062085	75000	-0.013152	-11.695696
671	0.061615	75000	-0.013157	-11.708853
672	0.061146	75000	-0.013284	-11.722137
673	0.060680	75000	-0.013045	-11.735182
674	0.060216	75000	-0.013050	-11.748232
675	0.059753	75000	-0.013206	-11.761438
676	0.059293	75000	-0.013334	-11.774772
677	0.058836	75000	-0.013351	-11.788123
678	0.058380	75000	-0.013317	-11.801439
679	0.057926	75000	-0.013427	-11.814866
680	0.057475	75000	-0.013476	-11.828342
681	0.057025	75000	-0.013310	-11.841652
682	0.056578	75000	-0.013216	-11.854868
683	0.056133	75000	-0.013455	-11.868322
684	0.055690	75000	-0.013603	-11.881925
685	0.055249	75000	-0.013496	-11.895421
686	0.054810	75000	-0.013500	-11.908922
687	0.054373	75000	-0.013377	-11.922299
688	0.053939	75000	-0.013642	-11.935941
689	0.053506	75000	-0.013559	-11.949499
690	0.053076	75000	-0.013553	-11.963052
691	0.052647	75000	-0.013533	-11.976585
692	0.052221	75000	-0.013800	-11.990385
693	0.051797	75000	-0.013741	-12.004126
694	0.051375	75000	-0.013811	-12.017937
695	0.050955	75000	-0.013747	-12.031684
696	0.050537	75000	-0.013619	-12.045302
697	0.050121	75000	-0.013819	-12.059121
698	0.049707	75000	-0.013715	-12.072837
699	0.049295	75000	-0.013818	-12.086655
700	0.048885	75000	-0.013879	-12.100534
701	0.048478	75000	-0.013880	-12.114414
702	0.048072	75000	-0.014093	-12.128507
703	0.047668	75000	-0.013780	-12.142287
704	0.047267	75000	-0.013945	-12.156232
705	0.046867	75000	-0.014254	-12.170486
706	0.046470	75000	-0.014096	-12.184582
707	0.046074	75000	-0.013948	-12.198530
708	0.045681	75000	-0.014013	-12.212543
709	0.045289	75000	-0.014202	-12.226745
710	0.044900	75000	-0.014160	-12.240906
711	0.044512	75000	-0.014190	-12.255096
712	0.044127	75000	-0.014140	-12.269236
713	0.043744	75000	-0.014440	-12.283676
714	0.043362	75000	-0.014250	-12.297925
715	0.042983	75000	-0.014599	-12.312525
716	0.042606	75000	-0.014229	-12.326754
717	0.042230	75000	-0.014262	-12.341015
718	0.041857	75000	-0.014322	-12.355337
719	0.041485	75000	-0.014429	-12.369766
720	0.041116	75000	-0.014897	-12.384664
721	0.040749	75000	-0.014560	-12.399224
722	0.040383	75000	-0.014758	-12.413982
723	0.040020	75000	-0.014648	-12.428630
724	0.039658	75000	-0.015030	-12.443659
725	0.039299	75000	-0.014806	-12.458465
726	0.038941	75000	-0.015024	-12.473489
727	0.038585	75000	-0.015000	-12.488489
728	0.038232	75000	-0.015118	-12.503607
729	0.037880	75000	-0.015332	-12.518939
730	0.037530	75000	-0.015085	-12.534023
731	0.037182	75000	-0.015167	-12.549190
732	0.036836	75000	-0.015418	-12.564608
733	0.036493	75000	-0.015408	-12.580015
734	0.036151	75000	-0.015738	-12.595753
735	0.035810	75000	-0.015441	-12.611194
736	0.035472	75000	-0.015392	-12.626585
737	0.035136	75000	-0.015602	-12.642188
738	0.034802	75000	-0.015574	-12.657761
739	0.034469	75000	-0.015667	-12.673428
740	0.034139	75000	-0.015769	-12.689196
741	0.033810	75000	-0.016273	-12.705470
742	0.033484	75000	-0.016030	-12.721500
743	0.033159	75000	-0.015477	-12.736977
744	0.032836	75000	-0.015865	-12.752843
745	0.032515	75000	-0.016320	-12.769163
746	0.032196	75000	-0.016553	-12.785715
747	0.031879	75000	-0.016025	-12.801741
748	0.031563	75000	-0.016582	-12.818323
749	0.031250	75000	-0.016204	-12.834527
750	0.030938	75000	-0.016552	-12.851078
751	0.030629	75000	-0.016812	-12.867890
752	0.030321	75000	-0.016750	-12.884640
753	0.030015	75000	-0.016494	-12.901134
754	0.029711	75000	-0.017020	-12.918154
755	0.029409	75000	-0.016676	-12.934830
756	0.029108	75000	-0.016974	-12.951803
757	0.028810	75000	-0.016458	-12.968261
758	0.028513	75000	-0.016985	-12.985246
759	0.028218	75000	-0.017224	-13.002470
760	0.027925	75000	-0.017835	-13.020305
761	0.027634	75000	-0.017680	-13.037985
762	0.027345	75000	-0.017378	-13.055363
763	0.027057	75000	-0.017348	-13.072710
764	0.026771	75000	-0.017657	-13.090367
765	0.026487	75000	-0.017817	-13.108185
766	0.026205	75000	-0.018620	-13.126804
767	0.025925	75000	-0.018253	-13.145057
768	0.025647	75000	-0.017947	-13.163004
769	0.025370	75000	-0.018510	-13.181514
770	0.025095	75000	-0.018700	-13.200214
771	0.024822	75000	-0.018640	-13.218853
772	0.024551	75000	-0.018676	-13.237529
773	0.024281	75000	-0.019365	-13.256894
774	0.024014	75000	-0.019035	-13.275930
775	0.023748	75000	-0.019746	-13.295676
776	0.023483	75000	-0.019742	-13.315418
777	0.023221	75000	-0.019727	-13.335145
778	0.022960	75000	-0.019791	-13.354936
779	0.022702	75000	-0.019947	-13.374883
780	0.022445	75000	-0.020157	-13.395039
781	0.022189	75000	-0.020919	-13.415959
782	0.021936	75000	-0.021051	-13.437010
783	0.021684	75000	-0.020947	-13.457957
784	0.021434	75000	-0.021070	-13.479028
785	0.021185	75000	-0.020717	-13.499745
786	0.020939	75000	-0.021749	-13.521494
787	0.020694	75000	-0.021746	-13.543240
788	0.020451	75000	-0.022427	-13.565667
789	0.020209	75000	-0.022633	-13.588300
790	0.019969	75000	-0.022495	-13.610795
791	0.019731	75000	-0.022424	-13.633218
792	0.019495	75000	-0.022128	-13.655346
793	0.019261	75000	-0.023859	-13.679206
794	0.019028	75000	-0.023085	-13.702291
795	0.018796	75000	-0.024936	-13.727226
796	0.018567	75000	-0.023489	-13.750715
797	0.018339	75000	-0.024688	-13.775403
798	0.018113	75000	-0.025361	-13.800764
799	0.017889	75000	-0.025066	-13.825829
800	0.017666	75000	-0.025790	-13.851620
801	0.017445	75000	-0.025097	-13.876717
802	0.017225	75000	-0.026075	-13.902793
803	0.017007	75000	-0.026233	-13.929026
804	0.016791	75000	-0.026991	-13.956017
805	0.016577	75000	-0.028010	-13.984027
806	0.016364	75000	-0.029113	-14.013141
807	0.016153	75000	-0.027404	-14.040544
808	0.015943	75000	-0.028209	-14.068753
809	0.015736	75000	-0.028840	-14.097593
810	0.015529	75000	-0.028505	-14.126098
811	0.015325	75000	-0.030347	-14.156445
812	0.015122	75000	-0.030830	-14.187275
813	0.014920	75000	-0.030973	-14.218248
814	0.014721	75000	-0.030324	-14.248572
815	0.014523	75000	-0.032349	-14.280920
816	0.014326	75000	-0.032733	-14.313653
817	0.014131	75000	-0.033953	-14.347606
818	0.013938	75000	-0.034528	-14.382134
819	0.013746	75000	-0.038062	-14.420196
820	0.013556	75000	-0.036187	-14.456383
821	0.013367	75000	-0.036263	-14.492646
822	0.013181	75000	-0.037819	-14.530465
823	0.012995	75000	-0.039110	-14.569575
824	0.012811	75000	-0.039799	-14.609374
825	0.012629	75000	-0.041949	-14.651324
826	0.012448	75000	-0.040576	-14.691900
827	0.012269	75000	-0.046213	-14.738113
828	0.012092	75000	-0.043282	-14.781396
829	0.011916	75000	-0.045126	-14.826522
830	0.011741	75000	-0.046570	-14.873091
831	0.011568	75000	-0.050428	-14.923520
832	0.011397	75000	-0.049138	-14.972657
833	0.011227	75000	-0.051016	-15.023673
834	0.011059	75000	-0.049828	-15.073501
835	0.010892	75000	-0.054867	-15.128368
836	0.010727	75000	-0.055374	-15.183742
837	0.010563	75000	-0.059205	-15.242947
838	0.010401	75000	-0.060605	-15.303552
839	0.010240	75000	-0.061954	-15.365505
840	0.010081	75000	-0.064393	-15.429898
841	0.009923	75000	-0.064025	-15.493923
842	0.009767	75000	-0.068086	-15.562010
843	0.009612	75000	-0.067082	-15.629092
844	0.009459	75000	-0.070450	-15.699541
845	0.009307	75000	-0.071200	-15.770742
846	0.009156	75000	-0.069988	-15.840730
847	0.009008	75000	-0.074974	-15.915704
848	0.008860	75000	-0.078212	-15.993916
849	0.008714	75000	-0.073440	-16.067356
850	0.008570	75000	-0.078680	-16.146035
851	0.008427	75000	-0.078351	-16.224386
852	0.008285	75000	-0.082432	-16.306819
853	0.008145	75000	-0.080440	-16.387259
854	0.008006	75000	-0.082946	-16.470205
855	0.007869	75000	-0.086304	-16.556509
856	0.007733	75000	-0.085983	-16.642492
857	0.007598	75000	-0.087956	-16.730448
858	0.007465	75000	-0.089527	-16.819975
859	0.007334	75000	-0.091992	-16.911967
860	0.007203	75000	-0.089298	-17.001265
861	0.007075	75000	-0.090192	-17.091457
862	0.006947	75000	-0.094455	-17.185912
863	0.006821	75000	-0.092332	-17.278244
864	0.006696	75000	-0.093586	-17.371830
865	0.006573	75000	-0.092311	-17.464141
866	0.006451	75000	-0.091559	-17.555701
867	0.006330	75000	-0.094229	-17.649930
868	0.006211	75000	-0.094115	-17.744044
869	0.006093	75000	-0.096822	-17.840866
870	0.005977	75000	-0.094468	-17.935335
871	0.005862	75000	-0.095069	-18.030403
872	0.005748	75000	-0.095116	-18.125520
873	0.005635	75000	-0.094876	-18.220396
874	0.005524	75000	-0.097689	-18.318085
875	0.005414	75000	-0.093831	-18.411916
876	0.005306	75000	-0.093329	-18.505246
877	0.005199	75000	-0.093260	-18.598506
878	0.005093	75000	-0.093631	-18.692137
879	0.004988	75000	-0.094167	-18.786303
880	0.004885	75000	-0.093102	-18.879405
881	0.004783	75000	-0.091836	-18.971241
882	0.004682	75000	-0.091265	-19.062507
883	0.004583	75000	-0.091430	-19.153937
884	0.004485	75000	-0.091162	-19.245099
885	0.004388	75000	-0.090227	-19.335326
886	0.004292	75000	-0.088883	-19.424209
887	0.004198	75000	-0.088792	-19.513001
888	0.004105	75000	-0.087821	-19.600822
889	0.004013	75000	-0.086971	-19.687793
890	0.003923	75000	-0.086248	-19.774041
891	0.003833	75000	-0.085767	-19.859808
892	0.003745	75000	-0.084379	-19.944187
893	0.003658	75000	-0.083929	-20.028115
894	0.003573	75000	-0.082521	-20.110636
895	0.003488	75000	-0.081975	-20.192611
896	0.003405	75000	-0.081594	-20.274205
897	0.003323	75000	-0.080916	-20.355121
898	0.003242	75000	-0.079850	-20.434971
899	0.003162	75000	-0.079046	-20.514017
900	0.003084	75000	-0.077908	-20.591925
901	0.003007	75000	-0.076733	-20.668658
902	0.002930	75000	-0.075339	-20.743997
903	0.002855	75000	-0.075265	-20.819262
904	0.002782	75000	-0.073936	-20.893198
905	0.002709	75000	-0.072810	-20.966009
906	0.002638	75000	-0.071700	-21.037709
907	0.002567	75000	-0.071379	-21.109088
908	0.002498	75000	-0.069398	-21.178486
909	0.002430	75000	-0.068670	-21.247156
910	0.002363	75000	-0.067854	-21.315010
911	0.002297	75000	-0.066720	-21.381730
912	0.002233	75000	-0.065800	-21.447530
913	0.002169	75000	-0.064966	-21.512496
914	0.002106	75000	-0.063792	-21.576288
915	0.002045	75000	-0.062652	-21.638940
916	0.001985	75000	-0.061803	-21.700744
917	0.001925	75000	-0.060745	-21.761488
918	0.001867	75000	-0.059917	-21.821405
919	0.001810	75000	-0.058688	-21.880094
920	0.001754	75000	-0.057914	-21.938008
921	0.001699	75000	-0.056699	-21.994706
922	0.001645	75000	-0.055702	-22.050408
923	0.001592	75000	-0.054833	-22.105242
924	0.001540	75000	-0.053873	-22.159115
925	0.001490	75000	-0.052561	-22.211676
926	0.001440	75000	-0.051636	-22.263312
927	0.001391	75000	-0.050757	-22.314069
928	0.001343	75000	-0.049793	-22.363862
929	0.001296	75000	-0.048758	-22.412620
930	0.001251	75000	-0.047807	-22.460427
931	0.001206	75000	-0.046711	-22.507138
932	0.001162	75000	-0.045810	-22.552948
933	0.001119	75000	-0.044657	-22.597606
934	0.001077	75000	-0.043924	-22.641529
935	0.001036	75000	-0.042868	-22.684397
936	0.000996	75000	-0.041880	-22.726277
937	0.000957	75000	-0.041039	-22.767316
938	0.000919	75000	-0.040002	-22.807318
939	0.000882	75000	-0.039167	-22.846485
940	0.000846	75000	-0.038077	-22.884562
941	0.000810	75000	-0.037319	-22.921882
942	0.000776	75000	-0.036256	-22.958138
943	0.000742	75000	-0.035442	-22.993580
944	0.000709	75000	-0.034356	-23.027936
945	0.000678	75000	-0.033620	-23.061557
946	0.000647	75000	-0.032596	-23.094153
947	0.000617	75000	-0.031716	-23.125869
948	0.000587	75000	-0.030860	-23.156729
949	0.000559	75000	-0.029964	-23.186694
950	0.000531	75000	-0.029060	-23.215753
951	0.000505	75000	-0.028224	-23.243977
952	0.000479	75000	-0.027358	-23.271335
953	0.000454	75000	-0.026451	-23.297787
954	0.000430	75000	-0.025674	-23.323460
955	0.000406	75000	-0.024882	-23.348342
956	0.000383	75000	-0.024037	-23.372379
957	0.000362	75000	-0.023220	-23.395599
958	0.000340	75000	-0.022448	-23.418046
959	0.000320	75000	-0.021614	-23.439661
960	0.000300	75000	-0.020933	-23.460594
961	0.000281	75000	-0.020075	-23.480669
962	0.000263	75000	-0.019312	-23.499981
963	0.000246	75000	-0.018540	-23.518521
964	0.000229	75000	-0.017764	-23.536285
965	0.000213	75000	-0.017002	-23.553286
966	0.000198	75000	-0.016283	-23.569569
967	0.000183	75000	-0.015583	-23.585152
968	0.000169	75000	-0.014878	-23.600030
969	0.000156	75000	-0.014141	-23.614170
970	0.000143	75000	-0.013451	-23.627621
971	0.000131	75000	-0.012842	-23.640463
972	0.000120	75000	-0.012117	-23.652580
973	0.000109	75000	-0.011515	-23.664095
974	0.000099	75000	-0.010853	-23.674948
975	0.000089	75000	-0.010217	-23.685166
976	0.000080	75000	-0.009593	-23.694759
977	0.000072	75000	-0.009006	-23.703764
978	0.000064	75000	-0.008399	-23.712163
979	0.000057	75000	-0.007804	-23.719967
980	0.000050	75000	-0.007252	-23.727219
981	0.000043	75000	-0.006693	-23.733912
982	0.000038	75000	-0.006180	-23.740092
983	0.000032	75000	-0.005657	-23.745748
984	0.000028	75000	-0.005153	-23.750902
985	0.000023	75000	-0.004654	-23.755556
986	0.000019	75000	-0.004190	-23.759746
987	0.000016	75000	-0.003725	-23.763470
988	0.000013	75000	-0.003301	-23.766771
989	0.000010	75000	-0.002865	-23.769636
990	0.000008	75000	-0.002473	-23.772109
991	0.000006	75000	-0.002092	-23.774201
992	0.000004	75000	-0.001732	-23.775933
993	0.000003	75000	-0.001397	-23.777330
994	0.000002	75000	-0.001090	-23.778420
995	0.000001	75000	-0.000807	-23.779227
996	0.000000	75000	-0.000553	-23.779780
997	0.000000	75000	-0.000336	-23.780115
998	0.000000	75000	-0.000157	-23.780272
999	0.000000	75000	-0.000034	-23.780306
Log marginal likelihood:	-23.780306
