Steppingstone sampler:
        No Stones:                  1000
        Start It:                   10000001
        It Per Stone:               100000
        Sample Freq:                1
        Dist:                       Beta(0.400000,1.000000)
Stone No	Power	N	Stone MLh	Running MLh
0	0.997502	75000	0.074796	0.074796
1	0.995007	75000	0.074644	0.149440
2	0.992517	75000	0.074561	0.224001
3	0.990030	75000	0.074315	0.298316
4	0.987547	75000	0.074276	0.372592
5	0.985067	75000	0.074172	0.446764
6	0.982592	75000	0.073991	0.520755
7	0.980120	75000	0.073944	0.594698
8	0.977652	75000	0.073833	0.668531
9	0.975187	75000	0.073703	0.742234
10	0.972726	75000	0.073556	0.815790
11	0.970269	75000	0.073438	0.889228
12	0.967816	75000	0.073368	0.962596
13	0.965367	75000	0.073180	1.035776
14	0.962921	75000	0.073080	1.108856
15	0.960479	75000	0.073000	1.181856
16	0.958040	75000	0.072859	1.254714
17	0.955606	75000	0.072749	1.327463
18	0.953175	75000	0.072671	1.400134
19	0.950747	75000	0.072519	1.472652
20	0.948324	75000	0.072389	1.545042
21	0.945904	75000	0.072307	1.617348
22	0.943488	75000	0.072176	1.689525
23	0.941076	75000	0.072098	1.761623
24	0.938667	75000	0.071904	1.833527
25	0.936262	75000	0.071780	1.905306
26	0.933861	75000	0.071780	1.977086
27	0.931463	75000	0.071578	2.048664
28	0.929069	75000	0.071498	2.120162
29	0.926679	75000	0.071325	2.191487
30	0.924293	75000	0.071169	2.262656
31	0.921910	75000	0.071076	2.333732
32	0.919531	75000	0.071031	2.404763
33	0.917155	75000	0.070910	2.475674
34	0.914783	75000	0.070696	2.546370
35	0.912415	75000	0.070641	2.617011
36	0.910051	75000	0.070521	2.687532
37	0.907690	75000	0.070442	2.757974
38	0.905333	75000	0.070296	2.828270
39	0.902980	75000	0.070174	2.898444
40	0.900630	75000	0.070086	2.968530
41	0.898284	75000	0.070018	3.038548
42	0.895942	75000	0.069813	3.108361
43	0.893603	75000	0.069703	3.178065
44	0.891268	75000	0.069578	3.247642
45	0.888937	75000	0.069517	3.317159
46	0.886609	75000	0.069372	3.386531
47	0.884285	75000	0.069244	3.455775
48	0.881965	75000	0.069053	3.524828
49	0.879648	75000	0.069012	3.593840
50	0.877335	75000	0.068960	3.662800
51	0.875026	75000	0.068768	3.731568
52	0.872720	75000	0.068683	3.800251
53	0.870418	75000	0.068550	3.868801
54	0.868120	75000	0.068391	3.937192
55	0.865825	75000	0.068319	4.005511
56	0.863534	75000	0.068248	4.073759
57	0.861246	75000	0.068108	4.141867
58	0.858962	75000	0.067980	4.209847
59	0.856682	75000	0.067815	4.277662
60	0.854405	75000	0.067714	4.345376
61	0.852132	75000	0.067648	4.413024
62	0.849863	75000	0.067505	4.480530
63	0.847597	75000	0.067384	4.547914
64	0.845335	75000	0.067252	4.615165
65	0.843077	75000	0.067159	4.682324
66	0.840822	75000	0.067034	4.749358
67	0.838571	75000	0.066972	4.816330
68	0.836323	75000	0.066830	4.883160
69	0.834079	75000	0.066747	4.949907
70	0.831839	75000	0.066613	5.016520
71	0.829602	75000	0.066475	5.082995
72	0.827369	75000	0.066359	5.149354
73	0.825140	75000	0.066299	5.215653
74	0.822914	75000	0.066061	5.281714
75	0.820691	75000	0.066049	5.347763
76	0.818473	75000	0.065881	5.413645
77	0.816258	75000	0.065756	5.479401
78	0.814046	75000	0.065655	5.545056
79	0.811838	75000	0.065616	5.610672
80	0.809634	75000	0.065462	5.676135
81	0.807433	75000	0.065362	5.741497
82	0.805236	75000	0.065185	5.806682
83	0.803043	75000	0.065191	5.871873
84	0.800853	75000	0.065047	5.936920
85	0.798667	75000	0.064879	6.001799
86	0.796484	75000	0.064780	6.066579
87	0.794305	75000	0.064678	6.131257
88	0.792129	75000	0.064518	6.195774
89	0.789957	75000	0.064425	6.260199
90	0.787789	75000	0.064291	6.324491
91	0.785624	75000	0.064183	6.388674
92	0.783463	75000	0.064134	6.452808
93	0.781305	75000	0.063953	6.516761
94	0.779151	75000	0.063880	6.580641
95	0.777000	75000	0.063755	6.644396
96	0.774853	75000	0.063570	6.707966
97	0.772710	75000	0.063532	6.771498
98	0.770570	75000	0.063422	6.834920
99	0.768433	75000	0.063252	6.898171
100	0.766301	75000	0.063137	6.961308
101	0.764172	75000	0.063013	7.024321
102	0.762046	75000	0.063013	7.087335
103	0.759924	75000	0.062824	7.150159
104	0.757805	75000	0.062740	7.212898
105	0.755690	75000	0.062625	7.275523
106	0.753579	75000	0.062491	7.338014
107	0.751471	75000	0.062368	7.400382
108	0.749366	75000	0.062327	7.462709
109	0.747266	75000	0.062141	7.524850
110	0.745168	75000	0.062054	7.586905
111	0.743075	75000	0.061854	7.648759
112	0.740984	75000	0.061797	7.710556
113	0.738898	75000	0.061697	7.772253
114	0.736815	75000	0.061606	7.833859
115	0.734735	75000	0.061457	7.895316
116	0.732659	75000	0.061355	7.956671
117	0.730586	75000	0.061207	8.017878
118	0.728517	75000	0.061093	8.078971
119	0.726452	75000	0.061040	8.140011
120	0.724390	75000	0.060954	8.200966
121	0.722331	75000	0.060741	8.261706
122	0.720276	75000	0.060696	8.322402
123	0.718225	75000	0.060551	8.382953
124	0.716177	75000	0.060511	8.443465
125	0.714132	75000	0.060326	8.503791
126	0.712091	75000	0.060264	8.564055
127	0.710054	75000	0.060118	8.624173
128	0.708020	75000	0.060052	8.684224
129	0.705989	75000	0.059839	8.744063
130	0.703962	75000	0.059735	8.803798
131	0.701939	75000	0.059644	8.863442
132	0.699919	75000	0.059544	8.922986
133	0.697902	75000	0.059518	8.982504
134	0.695889	75000	0.059371	9.041875
135	0.693880	75000	0.059297	9.101172
136	0.691874	75000	0.059160	9.160331
137	0.689871	75000	0.059011	9.219342
138	0.687872	75000	0.058969	9.278311
139	0.685877	75000	0.058802	9.337113
140	0.683885	75000	0.058683	9.395796
141	0.681896	75000	0.058651	9.454448
142	0.679911	75000	0.058389	9.512836
143	0.677929	75000	0.058347	9.571183
144	0.675951	75000	0.058258	9.629442
145	0.673976	75000	0.058200	9.687642
146	0.672005	75000	0.058045	9.745687
147	0.670037	75000	0.057874	9.803561
148	0.668073	75000	0.057741	9.861302
149	0.666112	75000	0.057625	9.918927
150	0.664155	75000	0.057575	9.976503
151	0.662201	75000	0.057507	10.034010
152	0.660250	75000	0.057325	10.091335
153	0.658303	75000	0.057258	10.148593
154	0.656359	75000	0.057149	10.205742
155	0.654419	75000	0.057046	10.262788
156	0.652483	75000	0.056856	10.319645
157	0.650549	75000	0.056811	10.376456
158	0.648619	75000	0.056620	10.433076
159	0.646693	75000	0.056497	10.489573
160	0.644770	75000	0.056512	10.546085
161	0.642851	75000	0.056376	10.602462
162	0.640934	75000	0.056214	10.658675
163	0.639022	75000	0.056112	10.714787
164	0.637113	75000	0.056079	10.770866
165	0.635207	75000	0.055846	10.826712
166	0.633304	75000	0.055803	10.882515
167	0.631405	75000	0.055736	10.938251
168	0.629510	75000	0.055647	10.993898
169	0.627618	75000	0.055475	11.049373
170	0.625729	75000	0.055435	11.104808
171	0.623844	75000	0.055188	11.159996
172	0.621962	75000	0.055114	11.215110
173	0.620083	75000	0.055103	11.270213
174	0.618208	75000	0.054854	11.325067
175	0.616337	75000	0.054823	11.379890
176	0.614468	75000	0.054704	11.434594
177	0.612604	75000	0.054629	11.489223
178	0.610742	75000	0.054435	11.543658
179	0.608884	75000	0.054438	11.598096
180	0.607029	75000	0.054328	11.652424
181	0.605178	75000	0.054176	11.706600
182	0.603330	75000	0.054020	11.760620
183	0.601486	75000	0.053964	11.814584
184	0.599645	75000	0.053863	11.868448
185	0.597807	75000	0.053727	11.922175
186	0.595973	75000	0.053610	11.975785
187	0.594142	75000	0.053531	12.029316
188	0.592314	75000	0.053386	12.082702
189	0.590490	75000	0.053319	12.136021
190	0.588669	75000	0.053148	12.189169
191	0.586852	75000	0.053006	12.242175
192	0.585038	75000	0.053030	12.295205
193	0.583227	75000	0.052902	12.348107
194	0.581420	75000	0.052760	12.400867
195	0.579616	75000	0.052633	12.453500
196	0.577815	75000	0.052527	12.506027
197	0.576018	75000	0.052471	12.558498
198	0.574224	75000	0.052331	12.610829
199	0.572433	75000	0.052200	12.663029
200	0.570646	75000	0.052117	12.715146
201	0.568862	75000	0.052023	12.767169
202	0.567082	75000	0.051925	12.819093
203	0.565305	75000	0.051744	12.870837
204	0.563531	75000	0.051723	12.922560
205	0.561761	75000	0.051537	12.974097
206	0.559993	75000	0.051403	13.025501
207	0.558230	75000	0.051292	13.076793
208	0.556469	75000	0.051261	13.128054
209	0.554712	75000	0.051095	13.179149
210	0.552958	75000	0.050982	13.230131
211	0.551208	75000	0.050891	13.281022
212	0.549461	75000	0.050847	13.331869
213	0.547717	75000	0.050665	13.382534
214	0.545977	75000	0.050566	13.433100
215	0.544240	75000	0.050531	13.483630
216	0.542506	75000	0.050416	13.534046
217	0.540775	75000	0.050259	13.584305
218	0.539048	75000	0.050197	13.634503
219	0.537324	75000	0.050090	13.684593
220	0.535604	75000	0.049986	13.734579
221	0.533887	75000	0.049849	13.784427
222	0.532173	75000	0.049741	13.834168
223	0.530462	75000	0.049688	13.883856
224	0.528755	75000	0.049573	13.933429
225	0.527051	75000	0.049392	13.982821
226	0.525350	75000	0.049363	14.032184
227	0.523653	75000	0.049307	14.081490
228	0.521958	75000	0.049136	14.130626
229	0.520268	75000	0.048992	14.179618
230	0.518580	75000	0.048934	14.228552
231	0.516896	75000	0.048866	14.277418
232	0.515215	75000	0.048656	14.326074
233	0.513537	75000	0.048605	14.374679
234	0.511863	75000	0.048549	14.423228
235	0.510192	75000	0.048372	14.471600
236	0.508524	75000	0.048275	14.519875
237	0.506859	75000	0.048131	14.568006
238	0.505198	75000	0.048042	14.616048
239	0.503540	75000	0.047951	14.663999
240	0.501885	75000	0.047877	14.711876
241	0.500234	75000	0.047689	14.759565
242	0.498586	75000	0.047607	14.807172
243	0.496941	75000	0.047524	14.854696
244	0.495299	75000	0.047534	14.902230
245	0.493660	75000	0.047273	14.949504
246	0.492025	75000	0.047212	14.996716
247	0.490393	75000	0.047142	15.043858
248	0.488765	75000	0.046998	15.090856
249	0.487139	75000	0.046827	15.137682
250	0.485517	75000	0.046826	15.184508
251	0.483898	75000	0.046594	15.231102
252	0.482283	75000	0.046628	15.277730
253	0.480670	75000	0.046524	15.324254
254	0.479061	75000	0.046333	15.370587
255	0.477455	75000	0.046322	15.416909
256	0.475852	75000	0.046152	15.463060
257	0.474253	75000	0.045983	15.509044
258	0.472656	75000	0.045939	15.554983
259	0.471063	75000	0.045856	15.600838
260	0.469474	75000	0.045737	15.646576
261	0.467887	75000	0.045764	15.692340
262	0.466304	75000	0.045496	15.737835
263	0.464723	75000	0.045374	15.783210
264	0.463146	75000	0.045255	15.828465
265	0.461573	75000	0.045282	15.873747
266	0.460002	75000	0.045160	15.918907
267	0.458435	75000	0.044926	15.963834
268	0.456871	75000	0.044912	16.008745
269	0.455310	75000	0.044945	16.053690
270	0.453752	75000	0.044720	16.098411
271	0.452198	75000	0.044679	16.143089
272	0.450647	75000	0.044485	16.187574
273	0.449098	75000	0.044358	16.231932
274	0.447554	75000	0.044227	16.276160
275	0.446012	75000	0.044244	16.320403
276	0.444473	75000	0.044025	16.364428
277	0.442938	75000	0.043958	16.408386
278	0.441406	75000	0.043784	16.452170
279	0.439877	75000	0.043763	16.495933
280	0.438351	75000	0.043631	16.539564
281	0.436829	75000	0.043592	16.583156
282	0.435309	75000	0.043470	16.626626
283	0.433793	75000	0.043334	16.669959
284	0.432280	75000	0.043246	16.713205
285	0.430770	75000	0.043113	16.756318
286	0.429263	75000	0.043090	16.799408
287	0.427760	75000	0.042966	16.842374
288	0.426259	75000	0.042906	16.885280
289	0.424762	75000	0.042794	16.928074
290	0.423268	75000	0.042605	16.970679
291	0.421777	75000	0.042518	17.013196
292	0.420289	75000	0.042381	17.055578
293	0.418805	75000	0.042313	17.097890
294	0.417323	75000	0.042236	17.140126
295	0.415845	75000	0.042131	17.182258
296	0.414370	75000	0.042064	17.224322
297	0.412898	75000	0.041938	17.266259
298	0.411429	75000	0.041807	17.308067
299	0.409963	75000	0.041691	17.349757
300	0.408501	75000	0.041593	17.391350
301	0.407041	75000	0.041544	17.432894
302	0.405585	75000	0.041434	17.474328
303	0.404132	75000	0.041247	17.515575
304	0.402682	75000	0.041225	17.556800
305	0.401235	75000	0.041072	17.597872
306	0.399791	75000	0.040987	17.638859
307	0.398350	75000	0.040880	17.679739
308	0.396913	75000	0.040822	17.720562
309	0.395478	75000	0.040692	17.761253
310	0.394047	75000	0.040611	17.801865
311	0.392619	75000	0.040486	17.842350
312	0.391194	75000	0.040330	17.882680
313	0.389772	75000	0.040241	17.922921
314	0.388353	75000	0.040176	17.963097
315	0.386937	75000	0.040095	18.003192
316	0.385524	75000	0.039945	18.043137
317	0.384115	75000	0.039901	18.083038
318	0.382708	75000	0.039835	18.122873
319	0.381305	75000	0.039555	18.162428
320	0.379904	75000	0.039557	18.201985
321	0.378507	75000	0.039421	18.241406
322	0.377113	75000	0.039288	18.280693
323	0.375722	75000	0.039256	18.319950
324	0.374334	75000	0.039246	18.359196
325	0.372949	75000	0.039059	18.398255
326	0.371567	75000	0.038978	18.437233
327	0.370189	75000	0.038761	18.475994
328	0.368813	75000	0.038657	18.514651
329	0.367440	75000	0.038592	18.553244
330	0.366071	75000	0.038617	18.591860
331	0.364705	75000	0.038354	18.630214
332	0.363341	75000	0.038420	18.668634
333	0.361981	75000	0.038271	18.706905
334	0.360624	75000	0.038215	18.745120
335	0.359269	75000	0.038053	18.783172
336	0.357918	75000	0.037967	18.821139
337	0.356570	75000	0.037900	18.859039
338	0.355225	75000	0.037669	18.896707
339	0.353883	75000	0.037642	18.934349
340	0.352544	75000	0.037519	18.971868
341	0.351208	75000	0.037458	19.009326
342	0.349875	75000	0.037314	19.046639
343	0.348546	75000	0.037175	19.083814
344	0.347219	75000	0.037181	19.120995
345	0.345895	75000	0.037003	19.157998
346	0.344574	75000	0.036987	19.194985
347	0.343257	75000	0.036795	19.231779
348	0.341942	75000	0.036764	19.268544
349	0.340630	75000	0.036694	19.305238
350	0.339322	75000	0.036575	19.341813
351	0.338016	75000	0.036486	19.378299
352	0.336714	75000	0.036328	19.414627
353	0.335414	75000	0.036136	19.450763
354	0.334118	75000	0.036092	19.486855
355	0.332824	75000	0.036051	19.522906
356	0.331534	75000	0.035948	19.558854
357	0.330246	75000	0.035858	19.594712
358	0.328962	75000	0.035818	19.630530
359	0.327680	75000	0.035645	19.666175
360	0.326401	75000	0.035581	19.701756
361	0.325126	75000	0.035496	19.737252
362	0.323853	75000	0.035362	19.772614
363	0.322584	75000	0.035089	19.807703
364	0.321317	75000	0.035175	19.842878
365	0.320054	75000	0.035096	19.877975
366	0.318793	75000	0.034981	19.912956
367	0.317536	75000	0.034959	19.947914
368	0.316281	75000	0.034674	19.982589
369	0.315030	75000	0.034694	20.017283
370	0.313781	75000	0.034608	20.051891
371	0.312535	75000	0.034320	20.086211
372	0.311293	75000	0.034392	20.120602
373	0.310053	75000	0.034322	20.154924
374	0.308816	75000	0.034102	20.189026
375	0.307582	75000	0.033981	20.223007
376	0.306352	75000	0.033950	20.256956
377	0.305124	75000	0.033793	20.290749
378	0.303899	75000	0.033693	20.324442
379	0.302677	75000	0.033621	20.358063
380	0.301458	75000	0.033611	20.391673
381	0.300242	75000	0.033525	20.425198
382	0.299029	75000	0.033295	20.458493
383	0.297819	75000	0.033282	20.491775
384	0.296611	75000	0.033179	20.524955
385	0.295407	75000	0.033091	20.558046
386	0.294206	75000	0.033004	20.591049
387	0.293007	75000	0.032776	20.623825
388	0.291812	75000	0.032784	20.656609
389	0.290619	75000	0.032679	20.689287
390	0.289430	75000	0.032495	20.721783
391	0.288243	75000	0.032482	20.754264
392	0.287059	75000	0.032414	20.786678
393	0.285879	75000	0.032298	20.818976
394	0.284701	75000	0.032190	20.851166
395	0.283526	75000	0.032086	20.883252
396	0.282354	75000	0.031993	20.915245
397	0.281184	75000	0.031842	20.947087
398	0.280018	75000	0.031849	20.978936
399	0.278855	75000	0.031722	21.010658
400	0.277694	75000	0.031599	21.042257
401	0.276537	75000	0.031590	21.073847
402	0.275382	75000	0.031423	21.105270
403	0.274230	75000	0.031280	21.136550
404	0.273082	75000	0.031103	21.167653
405	0.271936	75000	0.031108	21.198761
406	0.270793	75000	0.031051	21.229811
407	0.269652	75000	0.030840	21.260651
408	0.268515	75000	0.030779	21.291430
409	0.267381	75000	0.030696	21.322127
410	0.266249	75000	0.030618	21.352745
411	0.265121	75000	0.030618	21.383362
412	0.263995	75000	0.030423	21.413785
413	0.262872	75000	0.030329	21.444114
414	0.261752	75000	0.030205	21.474319
415	0.260635	75000	0.030062	21.504380
416	0.259520	75000	0.030050	21.534431
417	0.258409	75000	0.030018	21.564449
418	0.257300	75000	0.029919	21.594368
419	0.256195	75000	0.029698	21.624066
420	0.255092	75000	0.029757	21.653822
421	0.253992	75000	0.029674	21.683497
422	0.252895	75000	0.029535	21.713032
423	0.251800	75000	0.029424	21.742455
424	0.250709	75000	0.029218	21.771674
425	0.249620	75000	0.029085	21.800758
426	0.248534	75000	0.029131	21.829890
427	0.247451	75000	0.028887	21.858777
428	0.246371	75000	0.028959	21.887735
429	0.245294	75000	0.028745	21.916480
430	0.244220	75000	0.028670	21.945150
431	0.243148	75000	0.028610	21.973760
432	0.242079	75000	0.028506	22.002266
433	0.241013	75000	0.028439	22.030705
434	0.239950	75000	0.028300	22.059005
435	0.238890	75000	0.028240	22.087245
436	0.237832	75000	0.028194	22.115439
437	0.236778	75000	0.027962	22.143401
438	0.235726	75000	0.027966	22.171367
439	0.234677	75000	0.027853	22.199220
440	0.233630	75000	0.027835	22.227056
441	0.232587	75000	0.027670	22.254726
442	0.231546	75000	0.027537	22.282264
443	0.230509	75000	0.027508	22.309771
444	0.229473	75000	0.027345	22.337116
445	0.228441	75000	0.027405	22.364521
446	0.227412	75000	0.027159	22.391680
447	0.226385	75000	0.027137	22.418817
448	0.225361	75000	0.027023	22.445840
449	0.224340	75000	0.026759	22.472599
450	0.223322	75000	0.026753	22.499351
451	0.222306	75000	0.026550	22.525901
452	0.221293	75000	0.026548	22.552450
453	0.220283	75000	0.026464	22.578914
454	0.219276	75000	0.026419	22.605333
455	0.218272	75000	0.026199	22.631532
456	0.217270	75000	0.026306	22.657838
457	0.216271	75000	0.026140	22.683979
458	0.215275	75000	0.026007	22.709986
459	0.214281	75000	0.026032	22.736018
460	0.213291	75000	0.025783	22.761800
461	0.212303	75000	0.025762	22.787563
462	0.211318	75000	0.025678	22.813241
463	0.210335	75000	0.025583	22.838824
464	0.209356	75000	0.025387	22.864210
465	0.208379	75000	0.025388	22.889598
466	0.207404	75000	0.025183	22.914781
467	0.206433	75000	0.025185	22.939966
468	0.205464	75000	0.025041	22.965007
469	0.204498	75000	0.025142	22.990149
470	0.203535	75000	0.024917	23.015066
471	0.202575	75000	0.024756	23.039822
472	0.201617	75000	0.024753	23.064575
473	0.200662	75000	0.024469	23.089045
474	0.199709	75000	0.024538	23.113582
475	0.198760	75000	0.024391	23.137973
476	0.197813	75000	0.024367	23.162341
477	0.196869	75000	0.024236	23.186577
478	0.195927	75000	0.024164	23.210740
479	0.194988	75000	0.024037	23.234778
480	0.194052	75000	0.023969	23.258746
481	0.193119	75000	0.023868	23.282615
482	0.192188	75000	0.023764	23.306379
483	0.191260	75000	0.023706	23.330085
484	0.190335	75000	0.023579	23.353664
485	0.189412	75000	0.023530	23.377194
486	0.188492	75000	0.023300	23.400494
487	0.187575	75000	0.023258	23.423752
488	0.186660	75000	0.023185	23.446937
489	0.185749	75000	0.023216	23.470153
490	0.184839	75000	0.023010	23.493163
491	0.183933	75000	0.022903	23.516066
492	0.183029	75000	0.022883	23.538949
493	0.182128	75000	0.022800	23.561749
494	0.181229	75000	0.022669	23.584418
495	0.180333	75000	0.022502	23.606921
496	0.179440	75000	0.022396	23.629317
497	0.178550	75000	0.022358	23.651675
498	0.177662	75000	0.022248	23.673923
499	0.176777	75000	0.022174	23.696096
500	0.175894	75000	0.021987	23.718084
501	0.175014	75000	0.022015	23.740099
502	0.174137	75000	0.021909	23.762008
503	0.173262	75000	0.021778	23.783786
504	0.172390	75000	0.021692	23.805477
505	0.171521	75000	0.021665	23.827142
506	0.170654	75000	0.021514	23.848656
507	0.169790	75000	0.021337	23.869993
508	0.168929	75000	0.021399	23.891392
509	0.168070	75000	0.021157	23.912550
510	0.167214	75000	0.021164	23.933714
511	0.166360	75000	0.021211	23.954924
512	0.165509	75000	0.020972	23.975896
513	0.164661	75000	0.020833	23.996729
514	0.163815	75000	0.020791	24.017520
515	0.162972	75000	0.020637	24.038158
516	0.162132	75000	0.020642	24.058799
517	0.161294	75000	0.020495	24.079294
518	0.160458	75000	0.020361	24.099655
519	0.159626	75000	0.020280	24.119935
520	0.158796	75000	0.020250	24.140184
521	0.157968	75000	0.020139	24.160324
522	0.157143	75000	0.020107	24.180431
523	0.156321	75000	0.019950	24.200381
524	0.155501	75000	0.019744	24.220125
525	0.154684	75000	0.019710	24.239835
526	0.153870	75000	0.019595	24.259430
527	0.153058	75000	0.019512	24.278942
528	0.152248	75000	0.019297	24.298239
529	0.151441	75000	0.019403	24.317642
530	0.150637	75000	0.019180	24.336823
531	0.149835	75000	0.018938	24.355761
532	0.149036	75000	0.019084	24.374845
533	0.148240	75000	0.018858	24.393703
534	0.147446	75000	0.018833	24.412537
535	0.146654	75000	0.018770	24.431306
536	0.145865	75000	0.018649	24.449955
537	0.145079	75000	0.018625	24.468580
538	0.144295	75000	0.018428	24.487008
539	0.143514	75000	0.018452	24.505460
540	0.142735	75000	0.018247	24.523707
541	0.141959	75000	0.018247	24.541955
542	0.141186	75000	0.018132	24.560087
543	0.140415	75000	0.018094	24.578181
544	0.139646	75000	0.017793	24.595973
545	0.138880	75000	0.017693	24.613666
546	0.138116	75000	0.017860	24.631527
547	0.137356	75000	0.017674	24.649201
548	0.136597	75000	0.017674	24.666875
549	0.135841	75000	0.017427	24.684302
550	0.135088	75000	0.017348	24.701650
551	0.134337	75000	0.017267	24.718916
552	0.133588	75000	0.017250	24.736167
553	0.132843	75000	0.017063	24.753230
554	0.132099	75000	0.017048	24.770278
555	0.131358	75000	0.017086	24.787364
556	0.130620	75000	0.016803	24.804167
557	0.129884	75000	0.016777	24.820944
558	0.129151	75000	0.016658	24.837602
559	0.128420	75000	0.016471	24.854072
560	0.127691	75000	0.016373	24.870445
561	0.126965	75000	0.016443	24.886889
562	0.126242	75000	0.016301	24.903190
563	0.125521	75000	0.016116	24.919306
564	0.124802	75000	0.016099	24.935404
565	0.124086	75000	0.016017	24.951422
566	0.123373	75000	0.015912	24.967334
567	0.122662	75000	0.015765	24.983098
568	0.121953	75000	0.015740	24.998838
569	0.121247	75000	0.015647	25.014485
570	0.120543	75000	0.015457	25.029943
571	0.119842	75000	0.015616	25.045559
572	0.119143	75000	0.015225	25.060784
573	0.118447	75000	0.015261	25.076045
574	0.117753	75000	0.015283	25.091328
575	0.117062	75000	0.014959	25.106287
576	0.116373	75000	0.014957	25.121244
577	0.115686	75000	0.014879	25.136122
578	0.115002	75000	0.014862	25.150985
579	0.114320	75000	0.014660	25.165644
580	0.113641	75000	0.014636	25.180281
581	0.112964	75000	0.014556	25.194837
582	0.112290	75000	0.014429	25.209266
583	0.111618	75000	0.014408	25.223674
584	0.110948	75000	0.014192	25.237867
585	0.110281	75000	0.014140	25.252007
586	0.109616	75000	0.013996	25.266002
587	0.108954	75000	0.013891	25.279893
588	0.108294	75000	0.013790	25.293683
589	0.107637	75000	0.013747	25.307431
590	0.106981	75000	0.013500	25.320930
591	0.106329	75000	0.013422	25.334353
592	0.105678	75000	0.013463	25.347815
593	0.105030	75000	0.013299	25.361114
594	0.104385	75000	0.013219	25.374334
595	0.103742	75000	0.013161	25.387495
596	0.103101	75000	0.013266	25.400761
597	0.102463	75000	0.013148	25.413909
598	0.101827	75000	0.013049	25.426958
599	0.101193	75000	0.012707	25.439665
600	0.100562	75000	0.012763	25.452428
601	0.099933	75000	0.012723	25.465151
602	0.099306	75000	0.012641	25.477792
603	0.098682	75000	0.012346	25.490138
604	0.098060	75000	0.012358	25.502496
605	0.097441	75000	0.012435	25.514931
606	0.096824	75000	0.012139	25.527071
607	0.096209	75000	0.012149	25.539220
608	0.095596	75000	0.011945	25.551165
609	0.094986	75000	0.011957	25.563122
610	0.094379	75000	0.011834	25.574956
611	0.093773	75000	0.011767	25.586723
612	0.093170	75000	0.011529	25.598252
613	0.092570	75000	0.011588	25.609840
614	0.091971	75000	0.011310	25.621150
615	0.091375	75000	0.011356	25.632506
616	0.090781	75000	0.011154	25.643660
617	0.090190	75000	0.011145	25.654805
618	0.089601	75000	0.011132	25.665937
619	0.089014	75000	0.011016	25.676953
620	0.088430	75000	0.010614	25.687567
621	0.087848	75000	0.010877	25.698443
622	0.087268	75000	0.010571	25.709014
623	0.086690	75000	0.010464	25.719478
624	0.086115	75000	0.010431	25.729909
625	0.085542	75000	0.010469	25.740378
626	0.084971	75000	0.010299	25.750677
627	0.084403	75000	0.010190	25.760867
628	0.083837	75000	0.009965	25.770831
629	0.083273	75000	0.009826	25.780657
630	0.082712	75000	0.009825	25.790482
631	0.082152	75000	0.009720	25.800202
632	0.081595	75000	0.009734	25.809936
633	0.081041	75000	0.009430	25.819367
634	0.080488	75000	0.009533	25.828900
635	0.079938	75000	0.009546	25.838445
636	0.079390	75000	0.009003	25.847448
637	0.078845	75000	0.009244	25.856693
638	0.078301	75000	0.009147	25.865840
639	0.077760	75000	0.008995	25.874834
640	0.077221	75000	0.008848	25.883682
641	0.076684	75000	0.008780	25.892463
642	0.076150	75000	0.008689	25.901151
643	0.075618	75000	0.008647	25.909799
644	0.075088	75000	0.008421	25.918219
645	0.074560	75000	0.008412	25.926631
646	0.074035	75000	0.008392	25.935023
647	0.073512	75000	0.008209	25.943232
648	0.072991	75000	0.008292	25.951524
649	0.072472	75000	0.007856	25.959380
650	0.071955	75000	0.007922	25.967302
651	0.071441	75000	0.007870	25.975172
652	0.070929	75000	0.007606	25.982778
653	0.070419	75000	0.007637	25.990415
654	0.069911	75000	0.007659	25.998075
655	0.069406	75000	0.007503	26.005578
656	0.068903	75000	0.007141	26.012719
657	0.068401	75000	0.007226	26.019945
658	0.067903	75000	0.007066	26.027011
659	0.067406	75000	0.006898	26.033909
660	0.066911	75000	0.006935	26.040843
661	0.066419	75000	0.006796	26.047639
662	0.065929	75000	0.006494	26.054132
663	0.065441	75000	0.006624	26.060756
664	0.064955	75000	0.006734	26.067490
665	0.064471	75000	0.006442	26.073932
666	0.063990	75000	0.006329	26.080261
667	0.063510	75000	0.006220	26.086481
668	0.063033	75000	0.005840	26.092321
669	0.062558	75000	0.006139	26.098460
670	0.062085	75000	0.005834	26.104293
671	0.061615	75000	0.005830	26.110123
672	0.061146	75000	0.005637	26.115760
673	0.060680	75000	0.005753	26.121513
674	0.060216	75000	0.005273	26.126786
675	0.059753	75000	0.005144	26.131930
676	0.059293	75000	0.005184	26.137114
677	0.058836	75000	0.005021	26.142136
678	0.058380	75000	0.005139	26.147275
679	0.057926	75000	0.004860	26.152134
680	0.057475	75000	0.004867	26.157001
681	0.057025	75000	0.004853	26.161854
682	0.056578	75000	0.004765	26.166619
683	0.056133	75000	0.004506	26.171125
684	0.055690	75000	0.004442	26.175567
685	0.055249	75000	0.004335	26.179902
686	0.054810	75000	0.004289	26.184192
687	0.054373	75000	0.004083	26.188275
688	0.053939	75000	0.003918	26.192193
689	0.053506	75000	0.003963	26.196156
690	0.053076	75000	0.003929	26.200085
691	0.052647	75000	0.003418	26.203503
692	0.052221	75000	0.003498	26.207001
693	0.051797	75000	0.003461	26.210462
694	0.051375	75000	0.003385	26.213847
695	0.050955	75000	0.003522	26.217369
696	0.050537	75000	0.002913	26.220283
697	0.050121	75000	0.002942	26.223225
698	0.049707	75000	0.002920	26.226144
699	0.049295	75000	0.002856	26.229001
700	0.048885	75000	0.002620	26.231621
701	0.048478	75000	0.002684	26.234305
702	0.048072	75000	0.002669	26.236974
703	0.047668	75000	0.002246	26.239219
704	0.047267	75000	0.001904	26.241123
705	0.046867	75000	0.002236	26.243359
706	0.046470	75000	0.001950	26.245310
707	0.046074	75000	0.001795	26.247105
708	0.045681	75000	0.001982	26.249087
709	0.045289	75000	0.001653	26.250739
710	0.044900	75000	0.001610	26.252350
711	0.044512	75000	0.001656	26.254005
712	0.044127	75000	0.001069	26.255074
713	0.043744	75000	0.000573	26.255647
714	0.043362	75000	0.001140	26.256787
715	0.042983	75000	0.000918	26.257705
716	0.042606	75000	0.000527	26.258233
717	0.042230	75000	0.000690	26.258923
718	0.041857	75000	0.000660	26.259583
719	0.041485	75000	0.000469	26.260052
720	0.041116	75000	0.000166	26.260217
721	0.040749	75000	0.000120	26.260338
722	0.040383	75000	0.000301	26.260638
723	0.040020	75000	-0.000296	26.260343
724	0.039658	75000	-0.000106	26.260237
725	0.039299	75000	-0.000574	26.259663
726	0.038941	75000	-0.000492	26.259171
727	0.038585	75000	-0.000743	26.258429
728	0.038232	75000	-0.000717	26.257711
729	0.037880	75000	-0.000897	26.256814
730	0.037530	75000	-0.000716	26.256098
731	0.037182	75000	-0.001466	26.254632
732	0.036836	75000	-0.001323	26.253309
733	0.036493	75000	-0.001247	26.252062
734	0.036151	75000	-0.001797	26.250265
735	0.035810	75000	-0.001602	26.248663
736	0.035472	75000	-0.001824	26.246839
737	0.035136	75000	-0.002336	26.244503
738	0.034802	75000	-0.001955	26.242548
739	0.034469	75000	-0.002108	26.240440
740	0.034139	75000	-0.002167	26.238273
741	0.033810	75000	-0.002492	26.235781
742	0.033484	75000	-0.002616	26.233165
743	0.033159	75000	-0.002715	26.230451
744	0.032836	75000	-0.002702	26.227748
745	0.032515	75000	-0.003170	26.224578
746	0.032196	75000	-0.003220	26.221358
747	0.031879	75000	-0.003670	26.217688
748	0.031563	75000	-0.003751	26.213937
749	0.031250	75000	-0.003764	26.210174
750	0.030938	75000	-0.004245	26.205929
751	0.030629	75000	-0.004252	26.201676
752	0.030321	75000	-0.004412	26.197265
753	0.030015	75000	-0.004557	26.192708
754	0.029711	75000	-0.004725	26.187983
755	0.029409	75000	-0.004639	26.183344
756	0.029108	75000	-0.005268	26.178076
757	0.028810	75000	-0.005728	26.172349
758	0.028513	75000	-0.004950	26.167399
759	0.028218	75000	-0.005891	26.161508
760	0.027925	75000	-0.005735	26.155773
761	0.027634	75000	-0.005938	26.149834
762	0.027345	75000	-0.005844	26.143990
763	0.027057	75000	-0.006303	26.137688
764	0.026771	75000	-0.006383	26.131304
765	0.026487	75000	-0.006766	26.124538
766	0.026205	75000	-0.006881	26.117657
767	0.025925	75000	-0.007128	26.110529
768	0.025647	75000	-0.007837	26.102692
769	0.025370	75000	-0.007360	26.095332
770	0.025095	75000	-0.007908	26.087424
771	0.024822	75000	-0.007774	26.079650
772	0.024551	75000	-0.008412	26.071238
773	0.024281	75000	-0.008455	26.062783
774	0.024014	75000	-0.008192	26.054591
775	0.023748	75000	-0.008971	26.045620
776	0.023483	75000	-0.009077	26.036544
777	0.023221	75000	-0.009033	26.027511
778	0.022960	75000	-0.009364	26.018147
779	0.022702	75000	-0.010107	26.008039
780	0.022445	75000	-0.010014	25.998026
781	0.022189	75000	-0.010203	25.987822
782	0.021936	75000	-0.010758	25.977064
783	0.021684	75000	-0.010643	25.966421
784	0.021434	75000	-0.010267	25.956154
785	0.021185	75000	-0.011341	25.944814
786	0.020939	75000	-0.011431	25.933383
787	0.020694	75000	-0.011627	25.921756
788	0.020451	75000	-0.012456	25.909300
789	0.020209	75000	-0.012854	25.896446
790	0.019969	75000	-0.012897	25.883549
791	0.019731	75000	-0.013416	25.870133
792	0.019495	75000	-0.013168	25.856965
793	0.019261	75000	-0.013618	25.843347
794	0.019028	75000	-0.014418	25.828928
795	0.018796	75000	-0.013744	25.815184
796	0.018567	75000	-0.015187	25.799997
797	0.018339	75000	-0.015505	25.784491
798	0.018113	75000	-0.014589	25.769903
799	0.017889	75000	-0.015319	25.754584
800	0.017666	75000	-0.015547	25.739037
801	0.017445	75000	-0.016611	25.722426
802	0.017225	75000	-0.016898	25.705528
803	0.017007	75000	-0.017650	25.687878
804	0.016791	75000	-0.017706	25.670171
805	0.016577	75000	-0.018228	25.651944
806	0.016364	75000	-0.019994	25.631950
807	0.016153	75000	-0.020515	25.611434
808	0.015943	75000	-0.020951	25.590483
809	0.015736	75000	-0.020650	25.569833
810	0.015529	75000	-0.020098	25.549735
811	0.015325	75000	-0.021557	25.528178
812	0.015122	75000	-0.023870	25.504309
813	0.014920	75000	-0.022435	25.481873
814	0.014721	75000	-0.022956	25.458917
815	0.014523	75000	-0.024141	25.434776
816	0.014326	75000	-0.024616	25.410160
817	0.014131	75000	-0.025490	25.384670
818	0.013938	75000	-0.027875	25.356794
819	0.013746	75000	-0.026684	25.330111
820	0.013556	75000	-0.030927	25.299184
821	0.013367	75000	-0.028291	25.270893
822	0.013181	75000	-0.030548	25.240344
823	0.012995	75000	-0.031208	25.209136
824	0.012811	75000	-0.032185	25.176951
825	0.012629	75000	-0.034807	25.142144
826	0.012448	75000	-0.034551	25.107593
827	0.012269	75000	-0.038126	25.069467
828	0.012092	75000	-0.035130	25.034337
829	0.011916	75000	-0.037209	24.997128
830	0.011741	75000	-0.041852	24.955276
831	0.011568	75000	-0.041863	24.913413
832	0.011397	75000	-0.043922	24.869491
833	0.011227	75000	-0.041626	24.827865
834	0.011059	75000	-0.047234	24.780632
835	0.010892	75000	-0.045833	24.734799
836	0.010727	75000	-0.046643	24.688156
837	0.010563	75000	-0.049354	24.638803
838	0.010401	75000	-0.054875	24.583928
839	0.010240	75000	-0.056134	24.527794
840	0.010081	75000	-0.054341	24.473452
841	0.009923	75000	-0.056094	24.417359
842	0.009767	75000	-0.057764	24.359594
843	0.009612	75000	-0.065110	24.294484
844	0.009459	75000	-0.064650	24.229834
845	0.009307	75000	-0.062993	24.166841
846	0.009156	75000	-0.067634	24.099207
847	0.009008	75000	-0.065765	24.033442
848	0.008860	75000	-0.071262	23.962180
849	0.008714	75000	-0.072071	23.890109
850	0.008570	75000	-0.076039	23.814070
851	0.008427	75000	-0.073050	23.741020
852	0.008285	75000	-0.074488	23.666533
853	0.008145	75000	-0.073675	23.592858
854	0.008006	75000	-0.078297	23.514560
855	0.007869	75000	-0.082328	23.432232
856	0.007733	75000	-0.083146	23.349086
857	0.007598	75000	-0.086582	23.262504
858	0.007465	75000	-0.083992	23.178512
859	0.007334	75000	-0.085402	23.093110
860	0.007203	75000	-0.087692	23.005418
861	0.007075	75000	-0.087033	22.918384
862	0.006947	75000	-0.086590	22.831795
863	0.006821	75000	-0.089485	22.742310
864	0.006696	75000	-0.091348	22.650962
865	0.006573	75000	-0.089314	22.561648
866	0.006451	75000	-0.088315	22.473332
867	0.006330	75000	-0.091112	22.382220
868	0.006211	75000	-0.092427	22.289792
869	0.006093	75000	-0.092471	22.197322
870	0.005977	75000	-0.089499	22.107822
871	0.005862	75000	-0.093503	22.014319
872	0.005748	75000	-0.090525	21.923794
873	0.005635	75000	-0.092518	21.831276
874	0.005524	75000	-0.091232	21.740044
875	0.005414	75000	-0.092641	21.647403
876	0.005306	75000	-0.092492	21.554911
877	0.005199	75000	-0.091550	21.463361
878	0.005093	75000	-0.090232	21.373128
879	0.004988	75000	-0.092362	21.280767
880	0.004885	75000	-0.090087	21.190680
881	0.004783	75000	-0.089710	21.100970
882	0.004682	75000	-0.088831	21.012139
883	0.004583	75000	-0.088595	20.923544
884	0.004485	75000	-0.090107	20.833436
885	0.004388	75000	-0.088409	20.745027
886	0.004292	75000	-0.087281	20.657746
887	0.004198	75000	-0.086865	20.570881
888	0.004105	75000	-0.085611	20.485270
889	0.004013	75000	-0.085695	20.399575
890	0.003923	75000	-0.085070	20.314505
891	0.003833	75000	-0.083202	20.231303
892	0.003745	75000	-0.082494	20.148808
893	0.003658	75000	-0.081492	20.067316
894	0.003573	75000	-0.081905	19.985411
895	0.003488	75000	-0.080787	19.904624
896	0.003405	75000	-0.079991	19.824633
897	0.003323	75000	-0.078546	19.746087
898	0.003242	75000	-0.077662	19.668425
899	0.003162	75000	-0.076886	19.591539
900	0.003084	75000	-0.076540	19.514999
901	0.003007	75000	-0.075388	19.439611
902	0.002930	75000	-0.074830	19.364780
903	0.002855	75000	-0.073824	19.290956
904	0.002782	75000	-0.072654	19.218302
905	0.002709	75000	-0.071642	19.146660
906	0.002638	75000	-0.070978	19.075682
907	0.002567	75000	-0.069818	19.005864
908	0.002498	75000	-0.068786	18.937078
909	0.002430	75000	-0.067795	18.869283
910	0.002363	75000	-0.066591	18.802692
911	0.002297	75000	-0.065836	18.736856
912	0.002233	75000	-0.064994	18.671862
913	0.002169	75000	-0.063798	18.608065
914	0.002106	75000	-0.062988	18.545077
915	0.002045	75000	-0.061613	18.483463
916	0.001985	75000	-0.060874	18.422589
917	0.001925	75000	-0.060191	18.362398
918	0.001867	75000	-0.059333	18.303065
919	0.001810	75000	-0.058073	18.244992
920	0.001754	75000	-0.056792	18.188200
921	0.001699	75000	-0.055923	18.132277
922	0.001645	75000	-0.055059	18.077218
923	0.001592	75000	-0.054110	18.023108
924	0.001540	75000	-0.052942	17.970166
925	0.001490	75000	-0.052245	17.917921
926	0.001440	75000	-0.051072	17.866849
927	0.001391	75000	-0.050239	17.816610
928	0.001343	75000	-0.049164	17.767446
929	0.001296	75000	-0.048184	17.719262
930	0.001251	75000	-0.047028	17.672233
931	0.001206	75000	-0.046164	17.626069
932	0.001162	75000	-0.045331	17.580738
933	0.001119	75000	-0.044252	17.536486
934	0.001077	75000	-0.043451	17.493034
935	0.001036	75000	-0.042519	17.450515
936	0.000996	75000	-0.041486	17.409029
937	0.000957	75000	-0.040638	17.368391
938	0.000919	75000	-0.039730	17.328661
939	0.000882	75000	-0.038649	17.290012
940	0.000846	75000	-0.037640	17.252372
941	0.000810	75000	-0.036905	17.215467
942	0.000776	75000	-0.035975	17.179492
943	0.000742	75000	-0.034966	17.144526
944	0.000709	75000	-0.034081	17.110444
945	0.000678	75000	-0.033282	17.077162
946	0.000647	75000	-0.032343	17.044819
947	0.000617	75000	-0.031492	17.013327
948	0.000587	75000	-0.030501	16.982827
949	0.000559	75000	-0.029757	16.953069
950	0.000531	75000	-0.028807	16.924262
951	0.000505	75000	-0.028041	16.896221
952	0.000479	75000	-0.027128	16.869093
953	0.000454	75000	-0.026366	16.842727
954	0.000430	75000	-0.025549	16.817179
955	0.000406	75000	-0.024700	16.792479
956	0.000383	75000	-0.023845	16.768634
957	0.000362	75000	-0.023051	16.745583
958	0.000340	75000	-0.022214	16.723369
959	0.000320	75000	-0.021519	16.701850
960	0.000300	75000	-0.020676	16.681174
961	0.000281	75000	-0.019881	16.661293
962	0.000263	75000	-0.019135	16.642158
963	0.000246	75000	-0.018371	16.623788
964	0.000229	75000	-0.017623	16.606165
965	0.000213	75000	-0.016872	16.589293
966	0.000198	75000	-0.016166	16.573127
967	0.000183	75000	-0.015454	16.557673
968	0.000169	75000	-0.014714	16.542958
969	0.000156	75000	-0.014098	16.528860
970	0.000143	75000	-0.013391	16.515469
971	0.000131	75000	-0.012722	16.502747
972	0.000120	75000	-0.012029	16.490718
973	0.000109	75000	-0.011386	16.479333
974	0.000099	75000	-0.010745	16.468588
975	0.000089	75000	-0.010102	16.458485
976	0.000080	75000	-0.009530	16.448956
977	0.000072	75000	-0.008941	16.440015
978	0.000064	75000	-0.008345	16.431670
979	0.000057	75000	-0.007754	16.423916
980	0.000050	75000	-0.007208	16.416707
981	0.000043	75000	-0.006658	16.410049
982	0.000038	75000	-0.006136	16.403913
983	0.000032	75000	-0.005627	16.398287
984	0.000028	75000	-0.005114	16.393173
985	0.000023	75000	-0.004618	16.388554
986	0.000019	75000	-0.004162	16.384393
987	0.000016	75000	-0.003704	16.380689
988	0.000013	75000	-0.003269	16.377420
989	0.000010	75000	-0.002849	16.374571
990	0.000008	75000	-0.002443	16.372128
991	0.000006	75000	-0.002074	16.370054
992	0.000004	75000	-0.001716	16.368339
993	0.000003	75000	-0.001391	16.366948
994	0.000002	75000	-0.001081	16.365867
995	0.000001	75000	-0.000801	16.365066
996	0.000000	75000	-0.000549	16.364517
997	0.000000	75000	-0.000332	16.364186
998	0.000000	75000	-0.000156	16.364030
999	0.000000	75000	-0.000033	16.363996
Log marginal likelihood:	16.363996
