Steppingstone sampler:
        No Stones:                  1000
        Start It:                   10000001
        It Per Stone:               100000
        Sample Freq:                1
        Dist:                       Beta(0.400000,1.000000)
Stone No	Power	N	Stone MLh	Running MLh
0	0.997502	75000	-0.073930	-0.073930
1	0.995007	75000	-0.073840	-0.147770
2	0.992517	75000	-0.073736	-0.221506
3	0.990030	75000	-0.073608	-0.295115
4	0.987547	75000	-0.073533	-0.368648
5	0.985067	75000	-0.073437	-0.442085
6	0.982592	75000	-0.073348	-0.515432
7	0.980120	75000	-0.073247	-0.588679
8	0.977652	75000	-0.073135	-0.661814
9	0.975187	75000	-0.073009	-0.734823
10	0.972726	75000	-0.072868	-0.807692
11	0.970269	75000	-0.072803	-0.880495
12	0.967816	75000	-0.072673	-0.953168
13	0.965367	75000	-0.072518	-1.025686
14	0.962921	75000	-0.072542	-1.098228
15	0.960479	75000	-0.072363	-1.170591
16	0.958040	75000	-0.072214	-1.242805
17	0.955606	75000	-0.072124	-1.314928
18	0.953175	75000	-0.072113	-1.387041
19	0.950747	75000	-0.071961	-1.459002
20	0.948324	75000	-0.071883	-1.530885
21	0.945904	75000	-0.071773	-1.602658
22	0.943488	75000	-0.071676	-1.674334
23	0.941076	75000	-0.071583	-1.745917
24	0.938667	75000	-0.071432	-1.817349
25	0.936262	75000	-0.071372	-1.888720
26	0.933861	75000	-0.071248	-1.959968
27	0.931463	75000	-0.071140	-2.031109
28	0.929069	75000	-0.071037	-2.102146
29	0.926679	75000	-0.070973	-2.173119
30	0.924293	75000	-0.070869	-2.243988
31	0.921910	75000	-0.070746	-2.314734
32	0.919531	75000	-0.070671	-2.385405
33	0.917155	75000	-0.070505	-2.455909
34	0.914783	75000	-0.070421	-2.526330
35	0.912415	75000	-0.070293	-2.596623
36	0.910051	75000	-0.070211	-2.666834
37	0.907690	75000	-0.070135	-2.736969
38	0.905333	75000	-0.069989	-2.806958
39	0.902980	75000	-0.069881	-2.876839
40	0.900630	75000	-0.069790	-2.946629
41	0.898284	75000	-0.069742	-3.016372
42	0.895942	75000	-0.069624	-3.085996
43	0.893603	75000	-0.069473	-3.155469
44	0.891268	75000	-0.069402	-3.224872
45	0.888937	75000	-0.069287	-3.294158
46	0.886609	75000	-0.069226	-3.363385
47	0.884285	75000	-0.069121	-3.432505
48	0.881965	75000	-0.069004	-3.501510
49	0.879648	75000	-0.068911	-3.570421
50	0.877335	75000	-0.068824	-3.639244
51	0.875026	75000	-0.068665	-3.707909
52	0.872720	75000	-0.068614	-3.776523
53	0.870418	75000	-0.068527	-3.845050
54	0.868120	75000	-0.068381	-3.913431
55	0.865825	75000	-0.068290	-3.981721
56	0.863534	75000	-0.068212	-4.049933
57	0.861246	75000	-0.068068	-4.118001
58	0.858962	75000	-0.068011	-4.186013
59	0.856682	75000	-0.067906	-4.253918
60	0.854405	75000	-0.067804	-4.321722
61	0.852132	75000	-0.067686	-4.389408
62	0.849863	75000	-0.067545	-4.456953
63	0.847597	75000	-0.067538	-4.524491
64	0.845335	75000	-0.067354	-4.591846
65	0.843077	75000	-0.067289	-4.659135
66	0.840822	75000	-0.067187	-4.726321
67	0.838571	75000	-0.067046	-4.793367
68	0.836323	75000	-0.066969	-4.860336
69	0.834079	75000	-0.066844	-4.927180
70	0.831839	75000	-0.066779	-4.993958
71	0.829602	75000	-0.066661	-5.060619
72	0.827369	75000	-0.066556	-5.127175
73	0.825140	75000	-0.066473	-5.193649
74	0.822914	75000	-0.066447	-5.260096
75	0.820691	75000	-0.066310	-5.326405
76	0.818473	75000	-0.066169	-5.392574
77	0.816258	75000	-0.066112	-5.458686
78	0.814046	75000	-0.065977	-5.524664
79	0.811838	75000	-0.065837	-5.590500
80	0.809634	75000	-0.065818	-5.656319
81	0.807433	75000	-0.065657	-5.721976
82	0.805236	75000	-0.065546	-5.787522
83	0.803043	75000	-0.065414	-5.852936
84	0.800853	75000	-0.065363	-5.918299
85	0.798667	75000	-0.065264	-5.983564
86	0.796484	75000	-0.065183	-6.048747
87	0.794305	75000	-0.065054	-6.113801
88	0.792129	75000	-0.065005	-6.178806
89	0.789957	75000	-0.064890	-6.243697
90	0.787789	75000	-0.064750	-6.308447
91	0.785624	75000	-0.064622	-6.373069
92	0.783463	75000	-0.064586	-6.437655
93	0.781305	75000	-0.064544	-6.502199
94	0.779151	75000	-0.064361	-6.566560
95	0.777000	75000	-0.064307	-6.630867
96	0.774853	75000	-0.064192	-6.695059
97	0.772710	75000	-0.064116	-6.759176
98	0.770570	75000	-0.063994	-6.823170
99	0.768433	75000	-0.063871	-6.887041
100	0.766301	75000	-0.063777	-6.950818
101	0.764172	75000	-0.063729	-7.014547
102	0.762046	75000	-0.063570	-7.078117
103	0.759924	75000	-0.063472	-7.141589
104	0.757805	75000	-0.063387	-7.204976
105	0.755690	75000	-0.063318	-7.268294
106	0.753579	75000	-0.063178	-7.331472
107	0.751471	75000	-0.063056	-7.394528
108	0.749366	75000	-0.062949	-7.457477
109	0.747266	75000	-0.062913	-7.520389
110	0.745168	75000	-0.062835	-7.583225
111	0.743075	75000	-0.062626	-7.645850
112	0.740984	75000	-0.062608	-7.708459
113	0.738898	75000	-0.062497	-7.770956
114	0.736815	75000	-0.062420	-7.833377
115	0.734735	75000	-0.062200	-7.895576
116	0.732659	75000	-0.062205	-7.957781
117	0.730586	75000	-0.062123	-8.019904
118	0.728517	75000	-0.062062	-8.081967
119	0.726452	75000	-0.061876	-8.143843
120	0.724390	75000	-0.061806	-8.205648
121	0.722331	75000	-0.061738	-8.267386
122	0.720276	75000	-0.061624	-8.329010
123	0.718225	75000	-0.061611	-8.390621
124	0.716177	75000	-0.061411	-8.452032
125	0.714132	75000	-0.061327	-8.513359
126	0.712091	75000	-0.061275	-8.574634
127	0.710054	75000	-0.061145	-8.635779
128	0.708020	75000	-0.061074	-8.696852
129	0.705989	75000	-0.060947	-8.757799
130	0.703962	75000	-0.060882	-8.818682
131	0.701939	75000	-0.060733	-8.879415
132	0.699919	75000	-0.060665	-8.940081
133	0.697902	75000	-0.060586	-9.000666
134	0.695889	75000	-0.060484	-9.061150
135	0.693880	75000	-0.060359	-9.121509
136	0.691874	75000	-0.060253	-9.181761
137	0.689871	75000	-0.060131	-9.241892
138	0.687872	75000	-0.060171	-9.302063
139	0.685877	75000	-0.059910	-9.361974
140	0.683885	75000	-0.059917	-9.421891
141	0.681896	75000	-0.059788	-9.481679
142	0.679911	75000	-0.059654	-9.541333
143	0.677929	75000	-0.059577	-9.600910
144	0.675951	75000	-0.059517	-9.660427
145	0.673976	75000	-0.059446	-9.719873
146	0.672005	75000	-0.059308	-9.779181
147	0.670037	75000	-0.059249	-9.838430
148	0.668073	75000	-0.059113	-9.897543
149	0.666112	75000	-0.058999	-9.956543
150	0.664155	75000	-0.059001	-10.015544
151	0.662201	75000	-0.058829	-10.074373
152	0.660250	75000	-0.058774	-10.133147
153	0.658303	75000	-0.058665	-10.191813
154	0.656359	75000	-0.058575	-10.250387
155	0.654419	75000	-0.058469	-10.308856
156	0.652483	75000	-0.058351	-10.367208
157	0.650549	75000	-0.058271	-10.425479
158	0.648619	75000	-0.058161	-10.483641
159	0.646693	75000	-0.058030	-10.541670
160	0.644770	75000	-0.057911	-10.599581
161	0.642851	75000	-0.057917	-10.657498
162	0.640934	75000	-0.057718	-10.715216
163	0.639022	75000	-0.057769	-10.772984
164	0.637113	75000	-0.057583	-10.830568
165	0.635207	75000	-0.057500	-10.888068
166	0.633304	75000	-0.057435	-10.945503
167	0.631405	75000	-0.057412	-11.002914
168	0.629510	75000	-0.057223	-11.060137
169	0.627618	75000	-0.057196	-11.117333
170	0.625729	75000	-0.056961	-11.174294
171	0.623844	75000	-0.057009	-11.231303
172	0.621962	75000	-0.056902	-11.288205
173	0.620083	75000	-0.056696	-11.344901
174	0.618208	75000	-0.056732	-11.401633
175	0.616337	75000	-0.056701	-11.458333
176	0.614468	75000	-0.056505	-11.514838
177	0.612604	75000	-0.056411	-11.571249
178	0.610742	75000	-0.056308	-11.627556
179	0.608884	75000	-0.056263	-11.683819
180	0.607029	75000	-0.056110	-11.739929
181	0.605178	75000	-0.056073	-11.796002
182	0.603330	75000	-0.055909	-11.851911
183	0.601486	75000	-0.055861	-11.907773
184	0.599645	75000	-0.055702	-11.963475
185	0.597807	75000	-0.055675	-12.019150
186	0.595973	75000	-0.055519	-12.074669
187	0.594142	75000	-0.055430	-12.130100
188	0.592314	75000	-0.055371	-12.185471
189	0.590490	75000	-0.055254	-12.240725
190	0.588669	75000	-0.055210	-12.295935
191	0.586852	75000	-0.055130	-12.351064
192	0.585038	75000	-0.055031	-12.406096
193	0.583227	75000	-0.054860	-12.460955
194	0.581420	75000	-0.054809	-12.515764
195	0.579616	75000	-0.054766	-12.570531
196	0.577815	75000	-0.054574	-12.625104
197	0.576018	75000	-0.054500	-12.679604
198	0.574224	75000	-0.054432	-12.734036
199	0.572433	75000	-0.054272	-12.788307
200	0.570646	75000	-0.054282	-12.842590
201	0.568862	75000	-0.054175	-12.896765
202	0.567082	75000	-0.054104	-12.950870
203	0.565305	75000	-0.054010	-13.004879
204	0.563531	75000	-0.053948	-13.058827
205	0.561761	75000	-0.053782	-13.112609
206	0.559993	75000	-0.053713	-13.166322
207	0.558230	75000	-0.053621	-13.219943
208	0.556469	75000	-0.053509	-13.273452
209	0.554712	75000	-0.053373	-13.326825
210	0.552958	75000	-0.053358	-13.380183
211	0.551208	75000	-0.053271	-13.433454
212	0.549461	75000	-0.053174	-13.486627
213	0.547717	75000	-0.053060	-13.539688
214	0.545977	75000	-0.053011	-13.592698
215	0.544240	75000	-0.052846	-13.645544
216	0.542506	75000	-0.052739	-13.698283
217	0.540775	75000	-0.052706	-13.750989
218	0.539048	75000	-0.052652	-13.803641
219	0.537324	75000	-0.052485	-13.856126
220	0.535604	75000	-0.052508	-13.908634
221	0.533887	75000	-0.052403	-13.961037
222	0.532173	75000	-0.052300	-14.013337
223	0.530462	75000	-0.052201	-14.065538
224	0.528755	75000	-0.052123	-14.117661
225	0.527051	75000	-0.051988	-14.169650
226	0.525350	75000	-0.051958	-14.221607
227	0.523653	75000	-0.051793	-14.273401
228	0.521958	75000	-0.051707	-14.325108
229	0.520268	75000	-0.051665	-14.376773
230	0.518580	75000	-0.051501	-14.428274
231	0.516896	75000	-0.051422	-14.479696
232	0.515215	75000	-0.051415	-14.531111
233	0.513537	75000	-0.051274	-14.582385
234	0.511863	75000	-0.051314	-14.633699
235	0.510192	75000	-0.051063	-14.684762
236	0.508524	75000	-0.051002	-14.735764
237	0.506859	75000	-0.050922	-14.786686
238	0.505198	75000	-0.050799	-14.837485
239	0.503540	75000	-0.050690	-14.888175
240	0.501885	75000	-0.050748	-14.938923
241	0.500234	75000	-0.050624	-14.989548
242	0.498586	75000	-0.050511	-15.040058
243	0.496941	75000	-0.050403	-15.090461
244	0.495299	75000	-0.050339	-15.140800
245	0.493660	75000	-0.050185	-15.190985
246	0.492025	75000	-0.050072	-15.241057
247	0.490393	75000	-0.050051	-15.291108
248	0.488765	75000	-0.049955	-15.341063
249	0.487139	75000	-0.049873	-15.390936
250	0.485517	75000	-0.049767	-15.440703
251	0.483898	75000	-0.049670	-15.490372
252	0.482283	75000	-0.049642	-15.540014
253	0.480670	75000	-0.049579	-15.589593
254	0.479061	75000	-0.049403	-15.638996
255	0.477455	75000	-0.049346	-15.688343
256	0.475852	75000	-0.049291	-15.737633
257	0.474253	75000	-0.049074	-15.786708
258	0.472656	75000	-0.049029	-15.835737
259	0.471063	75000	-0.048910	-15.884646
260	0.469474	75000	-0.048826	-15.933472
261	0.467887	75000	-0.048802	-15.982275
262	0.466304	75000	-0.048784	-16.031058
263	0.464723	75000	-0.048624	-16.079682
264	0.463146	75000	-0.048513	-16.128195
265	0.461573	75000	-0.048462	-16.176658
266	0.460002	75000	-0.048349	-16.225007
267	0.458435	75000	-0.048323	-16.273329
268	0.456871	75000	-0.048237	-16.321566
269	0.455310	75000	-0.048105	-16.369672
270	0.453752	75000	-0.048043	-16.417714
271	0.452198	75000	-0.047965	-16.465679
272	0.450647	75000	-0.047865	-16.513543
273	0.449098	75000	-0.047739	-16.561282
274	0.447554	75000	-0.047697	-16.608979
275	0.446012	75000	-0.047592	-16.656571
276	0.444473	75000	-0.047461	-16.704032
277	0.442938	75000	-0.047368	-16.751400
278	0.441406	75000	-0.047343	-16.798743
279	0.439877	75000	-0.047262	-16.846005
280	0.438351	75000	-0.047166	-16.893170
281	0.436829	75000	-0.047101	-16.940271
282	0.435309	75000	-0.046923	-16.987194
283	0.433793	75000	-0.046835	-17.034028
284	0.432280	75000	-0.046805	-17.080833
285	0.430770	75000	-0.046656	-17.127489
286	0.429263	75000	-0.046678	-17.174167
287	0.427760	75000	-0.046628	-17.220794
288	0.426259	75000	-0.046458	-17.267252
289	0.424762	75000	-0.046331	-17.313583
290	0.423268	75000	-0.046256	-17.359840
291	0.421777	75000	-0.046199	-17.406039
292	0.420289	75000	-0.046114	-17.452153
293	0.418805	75000	-0.046083	-17.498235
294	0.417323	75000	-0.045930	-17.544165
295	0.415845	75000	-0.045882	-17.590047
296	0.414370	75000	-0.045867	-17.635914
297	0.412898	75000	-0.045668	-17.681582
298	0.411429	75000	-0.045666	-17.727248
299	0.409963	75000	-0.045494	-17.772742
300	0.408501	75000	-0.045386	-17.818128
301	0.407041	75000	-0.045354	-17.863482
302	0.405585	75000	-0.045263	-17.908745
303	0.404132	75000	-0.045159	-17.953905
304	0.402682	75000	-0.045163	-17.999067
305	0.401235	75000	-0.045095	-18.044163
306	0.399791	75000	-0.044904	-18.089066
307	0.398350	75000	-0.044885	-18.133951
308	0.396913	75000	-0.044717	-18.178668
309	0.395478	75000	-0.044695	-18.223363
310	0.394047	75000	-0.044599	-18.267962
311	0.392619	75000	-0.044509	-18.312472
312	0.391194	75000	-0.044367	-18.356838
313	0.389772	75000	-0.044402	-18.401241
314	0.388353	75000	-0.044261	-18.445502
315	0.386937	75000	-0.044250	-18.489752
316	0.385524	75000	-0.044043	-18.533795
317	0.384115	75000	-0.044046	-18.577841
318	0.382708	75000	-0.043941	-18.621782
319	0.381305	75000	-0.043752	-18.665534
320	0.379904	75000	-0.043815	-18.709349
321	0.378507	75000	-0.043740	-18.753089
322	0.377113	75000	-0.043619	-18.796708
323	0.375722	75000	-0.043661	-18.840369
324	0.374334	75000	-0.043425	-18.883794
325	0.372949	75000	-0.043371	-18.927165
326	0.371567	75000	-0.043213	-18.970379
327	0.370189	75000	-0.043217	-19.013596
328	0.368813	75000	-0.043162	-19.056758
329	0.367440	75000	-0.043039	-19.099797
330	0.366071	75000	-0.043040	-19.142837
331	0.364705	75000	-0.042955	-19.185792
332	0.363341	75000	-0.042811	-19.228603
333	0.361981	75000	-0.042735	-19.271338
334	0.360624	75000	-0.042640	-19.313979
335	0.359269	75000	-0.042532	-19.356510
336	0.357918	75000	-0.042440	-19.398950
337	0.356570	75000	-0.042466	-19.441416
338	0.355225	75000	-0.042336	-19.483752
339	0.353883	75000	-0.042151	-19.525903
340	0.352544	75000	-0.042167	-19.568070
341	0.351208	75000	-0.042003	-19.610072
342	0.349875	75000	-0.042040	-19.652112
343	0.348546	75000	-0.041952	-19.694065
344	0.347219	75000	-0.041743	-19.735808
345	0.345895	75000	-0.041697	-19.777506
346	0.344574	75000	-0.041628	-19.819134
347	0.343257	75000	-0.041594	-19.860728
348	0.341942	75000	-0.041457	-19.902185
349	0.340630	75000	-0.041489	-19.943674
350	0.339322	75000	-0.041396	-19.985070
351	0.338016	75000	-0.041281	-20.026351
352	0.336714	75000	-0.041107	-20.067458
353	0.335414	75000	-0.041165	-20.108624
354	0.334118	75000	-0.040969	-20.149592
355	0.332824	75000	-0.040905	-20.190497
356	0.331534	75000	-0.040851	-20.231349
357	0.330246	75000	-0.040765	-20.272113
358	0.328962	75000	-0.040730	-20.312844
359	0.327680	75000	-0.040633	-20.353477
360	0.326401	75000	-0.040497	-20.393974
361	0.325126	75000	-0.040370	-20.434344
362	0.323853	75000	-0.040353	-20.474697
363	0.322584	75000	-0.040338	-20.515035
364	0.321317	75000	-0.040222	-20.555257
365	0.320054	75000	-0.040128	-20.595385
366	0.318793	75000	-0.040064	-20.635449
367	0.317536	75000	-0.040095	-20.675543
368	0.316281	75000	-0.039844	-20.715387
369	0.315030	75000	-0.039711	-20.755098
370	0.313781	75000	-0.039786	-20.794884
371	0.312535	75000	-0.039654	-20.834538
372	0.311293	75000	-0.039605	-20.874142
373	0.310053	75000	-0.039475	-20.913617
374	0.308816	75000	-0.039417	-20.953034
375	0.307582	75000	-0.039299	-20.992333
376	0.306352	75000	-0.039320	-21.031653
377	0.305124	75000	-0.039192	-21.070845
378	0.303899	75000	-0.039149	-21.109994
379	0.302677	75000	-0.039096	-21.149089
380	0.301458	75000	-0.038974	-21.188063
381	0.300242	75000	-0.038880	-21.226944
382	0.299029	75000	-0.038841	-21.265785
383	0.297819	75000	-0.038727	-21.304512
384	0.296611	75000	-0.038656	-21.343168
385	0.295407	75000	-0.038707	-21.381876
386	0.294206	75000	-0.038502	-21.420377
387	0.293007	75000	-0.038515	-21.458892
388	0.291812	75000	-0.038422	-21.497314
389	0.290619	75000	-0.038297	-21.535611
390	0.289430	75000	-0.038154	-21.573765
391	0.288243	75000	-0.038189	-21.611953
392	0.287059	75000	-0.038192	-21.650145
393	0.285879	75000	-0.037961	-21.688106
394	0.284701	75000	-0.037900	-21.726006
395	0.283526	75000	-0.037787	-21.763793
396	0.282354	75000	-0.037777	-21.801570
397	0.281184	75000	-0.037691	-21.839261
398	0.280018	75000	-0.037501	-21.876762
399	0.278855	75000	-0.037555	-21.914316
400	0.277694	75000	-0.037500	-21.951816
401	0.276537	75000	-0.037326	-21.989142
402	0.275382	75000	-0.037224	-22.026366
403	0.274230	75000	-0.037237	-22.063603
404	0.273082	75000	-0.037201	-22.100804
405	0.271936	75000	-0.037044	-22.137847
406	0.270793	75000	-0.037033	-22.174880
407	0.269652	75000	-0.036962	-22.211842
408	0.268515	75000	-0.036821	-22.248663
409	0.267381	75000	-0.036739	-22.285402
410	0.266249	75000	-0.036736	-22.322138
411	0.265121	75000	-0.036579	-22.358717
412	0.263995	75000	-0.036581	-22.395298
413	0.262872	75000	-0.036490	-22.431788
414	0.261752	75000	-0.036387	-22.468174
415	0.260635	75000	-0.036327	-22.504502
416	0.259520	75000	-0.036221	-22.540722
417	0.258409	75000	-0.036265	-22.576987
418	0.257300	75000	-0.036020	-22.613007
419	0.256195	75000	-0.036100	-22.649107
420	0.255092	75000	-0.035942	-22.685048
421	0.253992	75000	-0.035894	-22.720942
422	0.252895	75000	-0.035756	-22.756699
423	0.251800	75000	-0.035784	-22.792483
424	0.250709	75000	-0.035636	-22.828119
425	0.249620	75000	-0.035615	-22.863734
426	0.248534	75000	-0.035430	-22.899164
427	0.247451	75000	-0.035407	-22.934571
428	0.246371	75000	-0.035340	-22.969911
429	0.245294	75000	-0.035242	-23.005152
430	0.244220	75000	-0.035208	-23.040361
431	0.243148	75000	-0.035086	-23.075447
432	0.242079	75000	-0.034927	-23.110374
433	0.241013	75000	-0.034971	-23.145344
434	0.239950	75000	-0.034946	-23.180290
435	0.238890	75000	-0.034785	-23.215075
436	0.237832	75000	-0.034739	-23.249814
437	0.236778	75000	-0.034770	-23.284584
438	0.235726	75000	-0.034621	-23.319204
439	0.234677	75000	-0.034558	-23.353763
440	0.233630	75000	-0.034465	-23.388228
441	0.232587	75000	-0.034388	-23.422616
442	0.231546	75000	-0.034236	-23.456852
443	0.230509	75000	-0.034274	-23.491126
444	0.229473	75000	-0.034257	-23.525384
445	0.228441	75000	-0.034035	-23.559419
446	0.227412	75000	-0.033914	-23.593333
447	0.226385	75000	-0.034052	-23.627385
448	0.225361	75000	-0.033976	-23.661361
449	0.224340	75000	-0.033808	-23.695168
450	0.223322	75000	-0.033755	-23.728923
451	0.222306	75000	-0.033678	-23.762602
452	0.221293	75000	-0.033583	-23.796185
453	0.220283	75000	-0.033624	-23.829808
454	0.219276	75000	-0.033519	-23.863327
455	0.218272	75000	-0.033449	-23.896776
456	0.217270	75000	-0.033443	-23.930220
457	0.216271	75000	-0.033278	-23.963497
458	0.215275	75000	-0.033262	-23.996760
459	0.214281	75000	-0.033203	-24.029962
460	0.213291	75000	-0.033031	-24.062994
461	0.212303	75000	-0.032971	-24.095965
462	0.211318	75000	-0.033060	-24.129024
463	0.210335	75000	-0.032821	-24.161845
464	0.209356	75000	-0.032788	-24.194633
465	0.208379	75000	-0.032798	-24.227431
466	0.207404	75000	-0.032637	-24.260068
467	0.206433	75000	-0.032697	-24.292764
468	0.205464	75000	-0.032507	-24.325271
469	0.204498	75000	-0.032431	-24.357702
470	0.203535	75000	-0.032428	-24.390130
471	0.202575	75000	-0.032372	-24.422501
472	0.201617	75000	-0.032244	-24.454745
473	0.200662	75000	-0.032264	-24.487009
474	0.199709	75000	-0.032075	-24.519085
475	0.198760	75000	-0.032207	-24.551292
476	0.197813	75000	-0.031991	-24.583283
477	0.196869	75000	-0.031887	-24.615170
478	0.195927	75000	-0.031959	-24.647129
479	0.194988	75000	-0.031826	-24.678955
480	0.194052	75000	-0.031812	-24.710767
481	0.193119	75000	-0.031676	-24.742442
482	0.192188	75000	-0.031532	-24.773974
483	0.191260	75000	-0.031465	-24.805439
484	0.190335	75000	-0.031461	-24.836900
485	0.189412	75000	-0.031390	-24.868290
486	0.188492	75000	-0.031347	-24.899636
487	0.187575	75000	-0.031289	-24.930925
488	0.186660	75000	-0.031182	-24.962107
489	0.185749	75000	-0.031163	-24.993270
490	0.184839	75000	-0.031138	-25.024408
491	0.183933	75000	-0.031089	-25.055497
492	0.183029	75000	-0.031084	-25.086582
493	0.182128	75000	-0.030958	-25.117540
494	0.181229	75000	-0.030863	-25.148402
495	0.180333	75000	-0.030704	-25.179106
496	0.179440	75000	-0.030628	-25.209734
497	0.178550	75000	-0.030638	-25.240372
498	0.177662	75000	-0.030508	-25.270880
499	0.176777	75000	-0.030587	-25.301467
500	0.175894	75000	-0.030349	-25.331816
501	0.175014	75000	-0.030393	-25.362209
502	0.174137	75000	-0.030265	-25.392474
503	0.173262	75000	-0.030199	-25.422673
504	0.172390	75000	-0.030148	-25.452821
505	0.171521	75000	-0.030080	-25.482901
506	0.170654	75000	-0.030011	-25.512912
507	0.169790	75000	-0.029945	-25.542857
508	0.168929	75000	-0.029835	-25.572692
509	0.168070	75000	-0.029803	-25.602495
510	0.167214	75000	-0.029702	-25.632197
511	0.166360	75000	-0.029792	-25.661989
512	0.165509	75000	-0.029698	-25.691687
513	0.164661	75000	-0.029528	-25.721215
514	0.163815	75000	-0.029643	-25.750858
515	0.162972	75000	-0.029381	-25.780239
516	0.162132	75000	-0.029361	-25.809601
517	0.161294	75000	-0.029182	-25.838783
518	0.160458	75000	-0.029219	-25.868002
519	0.159626	75000	-0.029176	-25.897178
520	0.158796	75000	-0.029160	-25.926338
521	0.157968	75000	-0.029103	-25.955441
522	0.157143	75000	-0.029185	-25.984626
523	0.156321	75000	-0.028833	-26.013459
524	0.155501	75000	-0.028850	-26.042309
525	0.154684	75000	-0.028876	-26.071185
526	0.153870	75000	-0.028622	-26.099807
527	0.153058	75000	-0.028779	-26.128586
528	0.152248	75000	-0.028724	-26.157310
529	0.151441	75000	-0.028551	-26.185861
530	0.150637	75000	-0.028671	-26.214532
531	0.149835	75000	-0.028498	-26.243030
532	0.149036	75000	-0.028416	-26.271447
533	0.148240	75000	-0.028373	-26.299819
534	0.147446	75000	-0.028346	-26.328165
535	0.146654	75000	-0.028184	-26.356349
536	0.145865	75000	-0.028091	-26.384441
537	0.145079	75000	-0.028084	-26.412525
538	0.144295	75000	-0.028097	-26.440622
539	0.143514	75000	-0.028016	-26.468637
540	0.142735	75000	-0.027907	-26.496545
541	0.141959	75000	-0.027744	-26.524289
542	0.141186	75000	-0.027885	-26.552174
543	0.140415	75000	-0.027717	-26.579892
544	0.139646	75000	-0.027764	-26.607656
545	0.138880	75000	-0.027649	-26.635304
546	0.138116	75000	-0.027707	-26.663012
547	0.137356	75000	-0.027461	-26.690472
548	0.136597	75000	-0.027451	-26.717924
549	0.135841	75000	-0.027379	-26.745302
550	0.135088	75000	-0.027392	-26.772694
551	0.134337	75000	-0.027442	-26.800137
552	0.133588	75000	-0.027177	-26.827314
553	0.132843	75000	-0.027156	-26.854469
554	0.132099	75000	-0.027238	-26.881707
555	0.131358	75000	-0.027172	-26.908879
556	0.130620	75000	-0.026933	-26.935812
557	0.129884	75000	-0.027018	-26.962830
558	0.129151	75000	-0.026969	-26.989799
559	0.128420	75000	-0.026794	-27.016593
560	0.127691	75000	-0.026825	-27.043417
561	0.126965	75000	-0.026818	-27.070236
562	0.126242	75000	-0.026791	-27.097026
563	0.125521	75000	-0.026645	-27.123672
564	0.124802	75000	-0.026566	-27.150238
565	0.124086	75000	-0.026492	-27.176730
566	0.123373	75000	-0.026532	-27.203261
567	0.122662	75000	-0.026618	-27.229879
568	0.121953	75000	-0.026364	-27.256243
569	0.121247	75000	-0.026302	-27.282545
570	0.120543	75000	-0.026209	-27.308754
571	0.119842	75000	-0.026116	-27.334870
572	0.119143	75000	-0.026177	-27.361047
573	0.118447	75000	-0.026048	-27.387095
574	0.117753	75000	-0.025995	-27.413090
575	0.117062	75000	-0.026080	-27.439170
576	0.116373	75000	-0.026006	-27.465176
577	0.115686	75000	-0.026000	-27.491176
578	0.115002	75000	-0.025804	-27.516980
579	0.114320	75000	-0.025709	-27.542689
580	0.113641	75000	-0.025680	-27.568369
581	0.112964	75000	-0.025757	-27.594126
582	0.112290	75000	-0.025684	-27.619810
583	0.111618	75000	-0.025494	-27.645304
584	0.110948	75000	-0.025490	-27.670794
585	0.110281	75000	-0.025501	-27.696294
586	0.109616	75000	-0.025437	-27.721732
587	0.108954	75000	-0.025156	-27.746887
588	0.108294	75000	-0.025305	-27.772193
589	0.107637	75000	-0.025249	-27.797442
590	0.106981	75000	-0.025192	-27.822634
591	0.106329	75000	-0.025111	-27.847745
592	0.105678	75000	-0.025212	-27.872957
593	0.105030	75000	-0.025095	-27.898051
594	0.104385	75000	-0.024836	-27.922888
595	0.103742	75000	-0.024914	-27.947802
596	0.103101	75000	-0.024740	-27.972542
597	0.102463	75000	-0.024932	-27.997474
598	0.101827	75000	-0.024666	-28.022140
599	0.101193	75000	-0.024830	-28.046971
600	0.100562	75000	-0.024865	-28.071835
601	0.099933	75000	-0.024580	-28.096415
602	0.099306	75000	-0.024518	-28.120934
603	0.098682	75000	-0.024461	-28.145395
604	0.098060	75000	-0.024442	-28.169837
605	0.097441	75000	-0.024548	-28.194385
606	0.096824	75000	-0.024441	-28.218826
607	0.096209	75000	-0.024282	-28.243108
608	0.095596	75000	-0.024283	-28.267391
609	0.094986	75000	-0.024297	-28.291688
610	0.094379	75000	-0.024127	-28.315815
611	0.093773	75000	-0.024205	-28.340020
612	0.093170	75000	-0.024269	-28.364290
613	0.092570	75000	-0.024030	-28.388320
614	0.091971	75000	-0.024213	-28.412533
615	0.091375	75000	-0.024051	-28.436584
616	0.090781	75000	-0.024006	-28.460590
617	0.090190	75000	-0.023927	-28.484517
618	0.089601	75000	-0.023739	-28.508256
619	0.089014	75000	-0.023874	-28.532129
620	0.088430	75000	-0.023654	-28.555783
621	0.087848	75000	-0.023761	-28.579544
622	0.087268	75000	-0.023747	-28.603290
623	0.086690	75000	-0.023630	-28.626920
624	0.086115	75000	-0.023679	-28.650599
625	0.085542	75000	-0.023628	-28.674228
626	0.084971	75000	-0.023404	-28.697632
627	0.084403	75000	-0.023647	-28.721279
628	0.083837	75000	-0.023358	-28.744637
629	0.083273	75000	-0.023309	-28.767946
630	0.082712	75000	-0.023268	-28.791214
631	0.082152	75000	-0.023285	-28.814499
632	0.081595	75000	-0.023197	-28.837696
633	0.081041	75000	-0.023086	-28.860782
634	0.080488	75000	-0.023099	-28.883881
635	0.079938	75000	-0.023245	-28.907126
636	0.079390	75000	-0.023093	-28.930219
637	0.078845	75000	-0.023119	-28.953338
638	0.078301	75000	-0.023029	-28.976367
639	0.077760	75000	-0.023041	-28.999408
640	0.077221	75000	-0.022875	-29.022283
641	0.076684	75000	-0.022928	-29.045211
642	0.076150	75000	-0.022921	-29.068132
643	0.075618	75000	-0.022842	-29.090974
644	0.075088	75000	-0.022844	-29.113818
645	0.074560	75000	-0.022725	-29.136543
646	0.074035	75000	-0.022769	-29.159312
647	0.073512	75000	-0.022579	-29.181891
648	0.072991	75000	-0.022914	-29.204805
649	0.072472	75000	-0.022791	-29.227595
650	0.071955	75000	-0.022604	-29.250199
651	0.071441	75000	-0.022689	-29.272889
652	0.070929	75000	-0.022529	-29.295417
653	0.070419	75000	-0.022436	-29.317853
654	0.069911	75000	-0.022383	-29.340236
655	0.069406	75000	-0.022350	-29.362586
656	0.068903	75000	-0.022275	-29.384861
657	0.068401	75000	-0.022404	-29.407265
658	0.067903	75000	-0.022291	-29.429556
659	0.067406	75000	-0.022236	-29.451792
660	0.066911	75000	-0.022244	-29.474036
661	0.066419	75000	-0.021943	-29.495979
662	0.065929	75000	-0.022329	-29.518308
663	0.065441	75000	-0.022059	-29.540367
664	0.064955	75000	-0.022194	-29.562562
665	0.064471	75000	-0.021997	-29.584559
666	0.063990	75000	-0.022003	-29.606562
667	0.063510	75000	-0.021900	-29.628462
668	0.063033	75000	-0.021945	-29.650407
669	0.062558	75000	-0.021947	-29.672354
670	0.062085	75000	-0.021906	-29.694260
671	0.061615	75000	-0.021894	-29.716154
672	0.061146	75000	-0.021816	-29.737970
673	0.060680	75000	-0.021764	-29.759734
674	0.060216	75000	-0.021868	-29.781602
675	0.059753	75000	-0.021865	-29.803467
676	0.059293	75000	-0.021832	-29.825299
677	0.058836	75000	-0.021789	-29.847088
678	0.058380	75000	-0.021597	-29.868685
679	0.057926	75000	-0.021829	-29.890514
680	0.057475	75000	-0.021608	-29.912123
681	0.057025	75000	-0.021884	-29.934007
682	0.056578	75000	-0.021831	-29.955837
683	0.056133	75000	-0.021500	-29.977337
684	0.055690	75000	-0.021631	-29.998968
685	0.055249	75000	-0.021594	-30.020562
686	0.054810	75000	-0.021430	-30.041992
687	0.054373	75000	-0.021302	-30.063294
688	0.053939	75000	-0.021689	-30.084982
689	0.053506	75000	-0.021416	-30.106399
690	0.053076	75000	-0.021172	-30.127570
691	0.052647	75000	-0.021496	-30.149066
692	0.052221	75000	-0.021443	-30.170509
693	0.051797	75000	-0.021547	-30.192056
694	0.051375	75000	-0.021293	-30.213348
695	0.050955	75000	-0.021117	-30.234466
696	0.050537	75000	-0.021250	-30.255715
697	0.050121	75000	-0.021150	-30.276865
698	0.049707	75000	-0.021261	-30.298126
699	0.049295	75000	-0.021259	-30.319385
700	0.048885	75000	-0.021427	-30.340812
701	0.048478	75000	-0.021232	-30.362044
702	0.048072	75000	-0.021240	-30.383284
703	0.047668	75000	-0.021202	-30.404486
704	0.047267	75000	-0.021169	-30.425655
705	0.046867	75000	-0.021153	-30.446808
706	0.046470	75000	-0.021336	-30.468145
707	0.046074	75000	-0.021189	-30.489334
708	0.045681	75000	-0.021185	-30.510519
709	0.045289	75000	-0.021011	-30.531530
710	0.044900	75000	-0.021197	-30.552727
711	0.044512	75000	-0.020880	-30.573606
712	0.044127	75000	-0.020993	-30.594600
713	0.043744	75000	-0.021010	-30.615610
714	0.043362	75000	-0.021136	-30.636746
715	0.042983	75000	-0.021381	-30.658127
716	0.042606	75000	-0.021121	-30.679249
717	0.042230	75000	-0.021065	-30.700314
718	0.041857	75000	-0.020962	-30.721276
719	0.041485	75000	-0.021024	-30.742299
720	0.041116	75000	-0.020939	-30.763239
721	0.040749	75000	-0.020883	-30.784122
722	0.040383	75000	-0.021204	-30.805325
723	0.040020	75000	-0.020966	-30.826291
724	0.039658	75000	-0.020779	-30.847070
725	0.039299	75000	-0.020893	-30.867963
726	0.038941	75000	-0.021267	-30.889230
727	0.038585	75000	-0.020914	-30.910144
728	0.038232	75000	-0.020982	-30.931126
729	0.037880	75000	-0.021375	-30.952502
730	0.037530	75000	-0.021077	-30.973578
731	0.037182	75000	-0.021128	-30.994706
732	0.036836	75000	-0.021020	-31.015726
733	0.036493	75000	-0.021059	-31.036786
734	0.036151	75000	-0.020965	-31.057751
735	0.035810	75000	-0.020901	-31.078652
736	0.035472	75000	-0.021108	-31.099760
737	0.035136	75000	-0.021186	-31.120946
738	0.034802	75000	-0.021033	-31.141979
739	0.034469	75000	-0.021070	-31.163049
740	0.034139	75000	-0.020956	-31.184005
741	0.033810	75000	-0.021254	-31.205258
742	0.033484	75000	-0.021144	-31.226402
743	0.033159	75000	-0.021327	-31.247730
744	0.032836	75000	-0.020832	-31.268562
745	0.032515	75000	-0.021373	-31.289935
746	0.032196	75000	-0.021196	-31.311131
747	0.031879	75000	-0.021187	-31.332318
748	0.031563	75000	-0.021045	-31.353363
749	0.031250	75000	-0.021199	-31.374562
750	0.030938	75000	-0.021296	-31.395859
751	0.030629	75000	-0.021474	-31.417333
752	0.030321	75000	-0.021379	-31.438712
753	0.030015	75000	-0.021108	-31.459820
754	0.029711	75000	-0.021692	-31.481512
755	0.029409	75000	-0.021286	-31.502799
756	0.029108	75000	-0.021322	-31.524120
757	0.028810	75000	-0.021492	-31.545612
758	0.028513	75000	-0.021886	-31.567498
759	0.028218	75000	-0.021612	-31.589110
760	0.027925	75000	-0.021521	-31.610631
761	0.027634	75000	-0.021451	-31.632082
762	0.027345	75000	-0.021560	-31.653642
763	0.027057	75000	-0.021475	-31.675117
764	0.026771	75000	-0.021540	-31.696657
765	0.026487	75000	-0.021692	-31.718349
766	0.026205	75000	-0.022048	-31.740397
767	0.025925	75000	-0.022044	-31.762441
768	0.025647	75000	-0.021755	-31.784196
769	0.025370	75000	-0.022017	-31.806214
770	0.025095	75000	-0.022180	-31.828393
771	0.024822	75000	-0.022171	-31.850564
772	0.024551	75000	-0.022526	-31.873090
773	0.024281	75000	-0.022382	-31.895472
774	0.024014	75000	-0.022395	-31.917867
775	0.023748	75000	-0.022450	-31.940318
776	0.023483	75000	-0.022264	-31.962582
777	0.023221	75000	-0.022609	-31.985191
778	0.022960	75000	-0.022751	-32.007941
779	0.022702	75000	-0.022642	-32.030583
780	0.022445	75000	-0.022817	-32.053401
781	0.022189	75000	-0.022520	-32.075920
782	0.021936	75000	-0.022751	-32.098671
783	0.021684	75000	-0.022647	-32.121318
784	0.021434	75000	-0.022939	-32.144256
785	0.021185	75000	-0.023194	-32.167451
786	0.020939	75000	-0.023075	-32.190526
787	0.020694	75000	-0.023470	-32.213996
788	0.020451	75000	-0.022911	-32.236908
789	0.020209	75000	-0.023237	-32.260145
790	0.019969	75000	-0.023975	-32.284119
791	0.019731	75000	-0.023945	-32.308064
792	0.019495	75000	-0.024163	-32.332227
793	0.019261	75000	-0.024099	-32.356327
794	0.019028	75000	-0.024298	-32.380625
795	0.018796	75000	-0.024012	-32.404636
796	0.018567	75000	-0.024783	-32.429419
797	0.018339	75000	-0.024443	-32.453862
798	0.018113	75000	-0.024594	-32.478456
799	0.017889	75000	-0.024907	-32.503363
800	0.017666	75000	-0.025299	-32.528662
801	0.017445	75000	-0.025445	-32.554107
802	0.017225	75000	-0.025066	-32.579173
803	0.017007	75000	-0.025472	-32.604645
804	0.016791	75000	-0.025726	-32.630371
805	0.016577	75000	-0.025782	-32.656153
806	0.016364	75000	-0.026295	-32.682447
807	0.016153	75000	-0.026009	-32.708457
808	0.015943	75000	-0.026404	-32.734861
809	0.015736	75000	-0.025825	-32.760686
810	0.015529	75000	-0.026634	-32.787320
811	0.015325	75000	-0.026693	-32.814012
812	0.015122	75000	-0.027141	-32.841154
813	0.014920	75000	-0.027180	-32.868334
814	0.014721	75000	-0.027646	-32.895980
815	0.014523	75000	-0.028241	-32.924220
816	0.014326	75000	-0.028584	-32.952804
817	0.014131	75000	-0.027792	-32.980596
818	0.013938	75000	-0.028676	-33.009272
819	0.013746	75000	-0.028932	-33.038204
820	0.013556	75000	-0.029354	-33.067558
821	0.013367	75000	-0.029412	-33.096970
822	0.013181	75000	-0.029810	-33.126780
823	0.012995	75000	-0.029983	-33.156763
824	0.012811	75000	-0.030155	-33.186918
825	0.012629	75000	-0.030567	-33.217485
826	0.012448	75000	-0.031277	-33.248762
827	0.012269	75000	-0.032530	-33.281292
828	0.012092	75000	-0.032585	-33.313877
829	0.011916	75000	-0.031914	-33.345790
830	0.011741	75000	-0.033317	-33.379107
831	0.011568	75000	-0.034174	-33.413281
832	0.011397	75000	-0.032585	-33.445867
833	0.011227	75000	-0.034547	-33.480414
834	0.011059	75000	-0.034195	-33.514609
835	0.010892	75000	-0.034431	-33.549040
836	0.010727	75000	-0.037067	-33.586108
837	0.010563	75000	-0.035225	-33.621333
838	0.010401	75000	-0.037197	-33.658530
839	0.010240	75000	-0.036845	-33.695374
840	0.010081	75000	-0.037540	-33.732914
841	0.009923	75000	-0.039470	-33.772384
842	0.009767	75000	-0.039690	-33.812074
843	0.009612	75000	-0.040052	-33.852126
844	0.009459	75000	-0.041130	-33.893256
845	0.009307	75000	-0.039992	-33.933248
846	0.009156	75000	-0.041389	-33.974637
847	0.009008	75000	-0.042329	-34.016966
848	0.008860	75000	-0.044101	-34.061068
849	0.008714	75000	-0.042997	-34.104065
850	0.008570	75000	-0.046408	-34.150473
851	0.008427	75000	-0.046342	-34.196815
852	0.008285	75000	-0.045997	-34.242812
853	0.008145	75000	-0.049405	-34.292217
854	0.008006	75000	-0.050523	-34.342740
855	0.007869	75000	-0.051310	-34.394050
856	0.007733	75000	-0.053244	-34.447294
857	0.007598	75000	-0.054144	-34.501438
858	0.007465	75000	-0.054776	-34.556214
859	0.007334	75000	-0.056221	-34.612435
860	0.007203	75000	-0.056326	-34.668761
861	0.007075	75000	-0.058500	-34.727261
862	0.006947	75000	-0.057190	-34.784452
863	0.006821	75000	-0.062074	-34.846526
864	0.006696	75000	-0.063777	-34.910303
865	0.006573	75000	-0.062799	-34.973102
866	0.006451	75000	-0.063967	-35.037069
867	0.006330	75000	-0.067298	-35.104367
868	0.006211	75000	-0.067825	-35.172191
869	0.006093	75000	-0.068484	-35.240676
870	0.005977	75000	-0.072901	-35.313577
871	0.005862	75000	-0.075204	-35.388781
872	0.005748	75000	-0.073894	-35.462675
873	0.005635	75000	-0.074376	-35.537050
874	0.005524	75000	-0.075706	-35.612757
875	0.005414	75000	-0.078994	-35.691750
876	0.005306	75000	-0.081829	-35.773579
877	0.005199	75000	-0.082940	-35.856519
878	0.005093	75000	-0.082230	-35.938749
879	0.004988	75000	-0.085545	-36.024294
880	0.004885	75000	-0.088612	-36.112906
881	0.004783	75000	-0.086135	-36.199041
882	0.004682	75000	-0.086587	-36.285628
883	0.004583	75000	-0.086929	-36.372557
884	0.004485	75000	-0.090449	-36.463007
885	0.004388	75000	-0.092616	-36.555623
886	0.004292	75000	-0.093328	-36.648951
887	0.004198	75000	-0.093958	-36.742908
888	0.004105	75000	-0.094670	-36.837578
889	0.004013	75000	-0.095771	-36.933350
890	0.003923	75000	-0.098259	-37.031609
891	0.003833	75000	-0.095645	-37.127254
892	0.003745	75000	-0.097496	-37.224749
893	0.003658	75000	-0.097572	-37.322321
894	0.003573	75000	-0.098657	-37.420978
895	0.003488	75000	-0.099741	-37.520719
896	0.003405	75000	-0.099473	-37.620192
897	0.003323	75000	-0.098908	-37.719100
898	0.003242	75000	-0.101003	-37.820103
899	0.003162	75000	-0.098308	-37.918411
900	0.003084	75000	-0.099800	-38.018211
901	0.003007	75000	-0.099680	-38.117891
902	0.002930	75000	-0.099418	-38.217309
903	0.002855	75000	-0.099484	-38.316793
904	0.002782	75000	-0.098967	-38.415760
905	0.002709	75000	-0.098655	-38.514416
906	0.002638	75000	-0.097952	-38.612368
907	0.002567	75000	-0.098578	-38.710946
908	0.002498	75000	-0.096429	-38.807376
909	0.002430	75000	-0.097726	-38.905101
910	0.002363	75000	-0.097072	-39.002173
911	0.002297	75000	-0.094875	-39.097048
912	0.002233	75000	-0.094735	-39.191782
913	0.002169	75000	-0.094925	-39.286708
914	0.002106	75000	-0.093263	-39.379970
915	0.002045	75000	-0.092728	-39.472698
916	0.001985	75000	-0.090518	-39.563216
917	0.001925	75000	-0.090411	-39.653627
918	0.001867	75000	-0.089216	-39.742843
919	0.001810	75000	-0.089408	-39.832251
920	0.001754	75000	-0.086829	-39.919080
921	0.001699	75000	-0.086107	-40.005187
922	0.001645	75000	-0.084979	-40.090166
923	0.001592	75000	-0.083526	-40.173692
924	0.001540	75000	-0.082873	-40.256565
925	0.001490	75000	-0.081682	-40.338248
926	0.001440	75000	-0.080140	-40.418388
927	0.001391	75000	-0.079372	-40.497760
928	0.001343	75000	-0.078129	-40.575889
929	0.001296	75000	-0.076846	-40.652735
930	0.001251	75000	-0.075702	-40.728436
931	0.001206	75000	-0.074279	-40.802715
932	0.001162	75000	-0.073087	-40.875802
933	0.001119	75000	-0.070834	-40.946637
934	0.001077	75000	-0.069919	-41.016556
935	0.001036	75000	-0.069135	-41.085691
936	0.000996	75000	-0.067829	-41.153520
937	0.000957	75000	-0.065644	-41.219163
938	0.000919	75000	-0.064466	-41.283629
939	0.000882	75000	-0.063301	-41.346930
940	0.000846	75000	-0.062169	-41.409099
941	0.000810	75000	-0.060728	-41.469827
942	0.000776	75000	-0.059479	-41.529306
943	0.000742	75000	-0.058017	-41.587324
944	0.000709	75000	-0.056680	-41.644004
945	0.000678	75000	-0.055168	-41.699172
946	0.000647	75000	-0.053734	-41.752906
947	0.000617	75000	-0.052568	-41.805474
948	0.000587	75000	-0.050870	-41.856344
949	0.000559	75000	-0.049541	-41.905884
950	0.000531	75000	-0.048275	-41.954159
951	0.000505	75000	-0.046783	-42.000942
952	0.000479	75000	-0.045706	-42.046647
953	0.000454	75000	-0.044168	-42.090815
954	0.000430	75000	-0.042504	-42.133319
955	0.000406	75000	-0.041357	-42.174675
956	0.000383	75000	-0.040257	-42.214932
957	0.000362	75000	-0.038590	-42.253522
958	0.000340	75000	-0.037516	-42.291038
959	0.000320	75000	-0.036008	-42.327046
960	0.000300	75000	-0.034936	-42.361982
961	0.000281	75000	-0.033539	-42.395522
962	0.000263	75000	-0.032346	-42.427868
963	0.000246	75000	-0.031119	-42.458987
964	0.000229	75000	-0.029827	-42.488814
965	0.000213	75000	-0.028659	-42.517473
966	0.000198	75000	-0.027462	-42.544935
967	0.000183	75000	-0.026239	-42.571174
968	0.000169	75000	-0.025060	-42.596233
969	0.000156	75000	-0.023870	-42.620103
970	0.000143	75000	-0.022780	-42.642883
971	0.000131	75000	-0.021596	-42.664479
972	0.000120	75000	-0.020518	-42.684997
973	0.000109	75000	-0.019484	-42.704481
974	0.000099	75000	-0.018323	-42.722805
975	0.000089	75000	-0.017286	-42.740091
976	0.000080	75000	-0.016294	-42.756384
977	0.000072	75000	-0.015168	-42.771552
978	0.000064	75000	-0.014247	-42.785799
979	0.000057	75000	-0.013255	-42.799054
980	0.000050	75000	-0.012278	-42.811333
981	0.000043	75000	-0.011356	-42.822688
982	0.000038	75000	-0.010476	-42.833165
983	0.000032	75000	-0.009606	-42.842771
984	0.000028	75000	-0.008728	-42.851499
985	0.000023	75000	-0.007911	-42.859409
986	0.000019	75000	-0.007115	-42.866524
987	0.000016	75000	-0.006303	-42.872827
988	0.000013	75000	-0.005582	-42.878409
989	0.000010	75000	-0.004890	-42.883299
990	0.000008	75000	-0.004191	-42.887490
991	0.000006	75000	-0.003530	-42.891021
992	0.000004	75000	-0.002941	-42.893961
993	0.000003	75000	-0.002384	-42.896345
994	0.000002	75000	-0.001852	-42.898197
995	0.000001	75000	-0.001366	-42.899563
996	0.000000	75000	-0.000940	-42.900504
997	0.000000	75000	-0.000571	-42.901074
998	0.000000	75000	-0.000266	-42.901341
999	0.000000	75000	-0.000057	-42.901398
Log marginal likelihood:	-42.901398
