Steppingstone sampler:
        No Stones:                  1000
        Start It:                   10000001
        It Per Stone:               100000
        Sample Freq:                1
        Dist:                       Beta(0.400000,1.000000)
Stone No	Power	N	Stone MLh	Running MLh
0	0.997502	75000	0.366892	0.366892
1	0.995007	75000	0.366279	0.733171
2	0.992517	75000	0.365801	1.098972
3	0.990030	75000	0.365204	1.464176
4	0.987547	75000	0.364694	1.828870
5	0.985067	75000	0.364153	2.193022
6	0.982592	75000	0.363542	2.556564
7	0.980120	75000	0.363003	2.919567
8	0.977652	75000	0.362478	3.282045
9	0.975187	75000	0.362001	3.644047
10	0.972726	75000	0.361384	4.005431
11	0.970269	75000	0.360854	4.366285
12	0.967816	75000	0.360264	4.726549
13	0.965367	75000	0.359699	5.086248
14	0.962921	75000	0.359124	5.445372
15	0.960479	75000	0.358586	5.803958
16	0.958040	75000	0.358037	6.161994
17	0.955606	75000	0.357507	6.519502
18	0.953175	75000	0.356933	6.876435
19	0.950747	75000	0.356416	7.232851
20	0.948324	75000	0.355841	7.588692
21	0.945904	75000	0.355297	7.943989
22	0.943488	75000	0.354748	8.298737
23	0.941076	75000	0.354212	8.652949
24	0.938667	75000	0.353666	9.006615
25	0.936262	75000	0.353068	9.359683
26	0.933861	75000	0.352489	9.712172
27	0.931463	75000	0.351985	10.064158
28	0.929069	75000	0.351446	10.415604
29	0.926679	75000	0.350878	10.766482
30	0.924293	75000	0.350355	11.116836
31	0.921910	75000	0.349812	11.466648
32	0.919531	75000	0.349227	11.815875
33	0.917155	75000	0.348770	12.164645
34	0.914783	75000	0.348219	12.512864
35	0.912415	75000	0.347601	12.860464
36	0.910051	75000	0.347018	13.207482
37	0.907690	75000	0.346559	13.554041
38	0.905333	75000	0.345964	13.900005
39	0.902980	75000	0.345412	14.245417
40	0.900630	75000	0.344884	14.590300
41	0.898284	75000	0.344365	14.934665
42	0.895942	75000	0.343767	15.278432
43	0.893603	75000	0.343303	15.621736
44	0.891268	75000	0.342660	15.964395
45	0.888937	75000	0.342108	16.306503
46	0.886609	75000	0.341698	16.648200
47	0.884285	75000	0.341027	16.989228
48	0.881965	75000	0.340496	17.329723
49	0.879648	75000	0.339921	17.669644
50	0.877335	75000	0.339513	18.009157
51	0.875026	75000	0.338935	18.348093
52	0.872720	75000	0.338349	18.686442
53	0.870418	75000	0.337796	19.024238
54	0.868120	75000	0.337272	19.361510
55	0.865825	75000	0.336698	19.698208
56	0.863534	75000	0.336170	20.034377
57	0.861246	75000	0.335598	20.369975
58	0.858962	75000	0.335074	20.705049
59	0.856682	75000	0.334605	21.039655
60	0.854405	75000	0.333992	21.373647
61	0.852132	75000	0.333451	21.707098
62	0.849863	75000	0.332905	22.040003
63	0.847597	75000	0.332349	22.372352
64	0.845335	75000	0.331868	22.704220
65	0.843077	75000	0.331321	23.035541
66	0.840822	75000	0.330804	23.366344
67	0.838571	75000	0.330174	23.696519
68	0.836323	75000	0.329719	24.026237
69	0.834079	75000	0.329185	24.355422
70	0.831839	75000	0.328611	24.684033
71	0.829602	75000	0.328114	25.012147
72	0.827369	75000	0.327583	25.339730
73	0.825140	75000	0.327057	25.666787
74	0.822914	75000	0.326477	25.993264
75	0.820691	75000	0.325915	26.319179
76	0.818473	75000	0.325388	26.644566
77	0.816258	75000	0.324900	26.969467
78	0.814046	75000	0.324300	27.293767
79	0.811838	75000	0.323729	27.617495
80	0.809634	75000	0.323242	27.940737
81	0.807433	75000	0.322655	28.263392
82	0.805236	75000	0.322189	28.585581
83	0.803043	75000	0.321627	28.907208
84	0.800853	75000	0.321144	29.228352
85	0.798667	75000	0.320557	29.548909
86	0.796484	75000	0.320082	29.868991
87	0.794305	75000	0.319553	30.188543
88	0.792129	75000	0.318942	30.507486
89	0.789957	75000	0.318447	30.825933
90	0.787789	75000	0.317865	31.143798
91	0.785624	75000	0.317333	31.461131
92	0.783463	75000	0.316863	31.777994
93	0.781305	75000	0.316279	32.094274
94	0.779151	75000	0.315792	32.410066
95	0.777000	75000	0.315252	32.725317
96	0.774853	75000	0.314749	33.040066
97	0.772710	75000	0.314209	33.354275
98	0.770570	75000	0.313662	33.667937
99	0.768433	75000	0.313115	33.981053
100	0.766301	75000	0.312648	34.293700
101	0.764172	75000	0.312058	34.605758
102	0.762046	75000	0.311552	34.917311
103	0.759924	75000	0.311039	35.228350
104	0.757805	75000	0.310523	35.538872
105	0.755690	75000	0.309955	35.848827
106	0.753579	75000	0.309420	36.158247
107	0.751471	75000	0.308856	36.467103
108	0.749366	75000	0.308449	36.775552
109	0.747266	75000	0.307873	37.083425
110	0.745168	75000	0.307368	37.390793
111	0.743075	75000	0.306812	37.697605
112	0.740984	75000	0.306246	38.003851
113	0.738898	75000	0.305795	38.309646
114	0.736815	75000	0.305263	38.614909
115	0.734735	75000	0.304728	38.919637
116	0.732659	75000	0.304148	39.223784
117	0.730586	75000	0.303706	39.527490
118	0.728517	75000	0.303173	39.830663
119	0.726452	75000	0.302647	40.133310
120	0.724390	75000	0.302090	40.435399
121	0.722331	75000	0.301513	40.736913
122	0.720276	75000	0.301049	41.037962
123	0.718225	75000	0.300528	41.338490
124	0.716177	75000	0.299990	41.638479
125	0.714132	75000	0.299522	41.938002
126	0.712091	75000	0.298929	42.236930
127	0.710054	75000	0.298396	42.535326
128	0.708020	75000	0.297896	42.833222
129	0.705989	75000	0.297424	43.130647
130	0.703962	75000	0.296909	43.427555
131	0.701939	75000	0.296367	43.723922
132	0.699919	75000	0.295819	44.019741
133	0.697902	75000	0.295292	44.315033
134	0.695889	75000	0.294757	44.609790
135	0.693880	75000	0.294207	44.903997
136	0.691874	75000	0.293766	45.197764
137	0.689871	75000	0.293237	45.491001
138	0.687872	75000	0.292707	45.783708
139	0.685877	75000	0.292223	46.075932
140	0.683885	75000	0.291664	46.367595
141	0.681896	75000	0.291126	46.658722
142	0.679911	75000	0.290615	46.949336
143	0.677929	75000	0.290166	47.239503
144	0.675951	75000	0.289574	47.529077
145	0.673976	75000	0.289081	47.818158
146	0.672005	75000	0.288630	48.106788
147	0.670037	75000	0.288082	48.394871
148	0.668073	75000	0.287561	48.682432
149	0.666112	75000	0.286997	48.969429
150	0.664155	75000	0.286518	49.255947
151	0.662201	75000	0.286030	49.541976
152	0.660250	75000	0.285517	49.827493
153	0.658303	75000	0.284969	50.112461
154	0.656359	75000	0.284522	50.396984
155	0.654419	75000	0.283941	50.680924
156	0.652483	75000	0.283405	50.964329
157	0.650549	75000	0.282939	51.247268
158	0.648619	75000	0.282381	51.529649
159	0.646693	75000	0.281837	51.811486
160	0.644770	75000	0.281357	52.092843
161	0.642851	75000	0.280859	52.373703
162	0.640934	75000	0.280277	52.653979
163	0.639022	75000	0.279815	52.933795
164	0.637113	75000	0.279317	53.213112
165	0.635207	75000	0.278826	53.491939
166	0.633304	75000	0.278323	53.770261
167	0.631405	75000	0.277854	54.048116
168	0.629510	75000	0.277240	54.325356
169	0.627618	75000	0.276812	54.602168
170	0.625729	75000	0.276198	54.878366
171	0.623844	75000	0.275765	55.154131
172	0.621962	75000	0.275307	55.429439
173	0.620083	75000	0.274764	55.704203
174	0.618208	75000	0.274209	55.978412
175	0.616337	75000	0.273777	56.252189
176	0.614468	75000	0.273223	56.525412
177	0.612604	75000	0.272685	56.798097
178	0.610742	75000	0.272197	57.070294
179	0.608884	75000	0.271691	57.341985
180	0.607029	75000	0.271195	57.613181
181	0.605178	75000	0.270693	57.883873
182	0.603330	75000	0.270193	58.154066
183	0.601486	75000	0.269727	58.423793
184	0.599645	75000	0.269221	58.693013
185	0.597807	75000	0.268636	58.961649
186	0.595973	75000	0.268171	59.229821
187	0.594142	75000	0.267647	59.497468
188	0.592314	75000	0.267139	59.764607
189	0.590490	75000	0.266624	60.031231
190	0.588669	75000	0.266125	60.297356
191	0.586852	75000	0.265751	60.563107
192	0.585038	75000	0.265128	60.828235
193	0.583227	75000	0.264651	61.092886
194	0.581420	75000	0.264118	61.357004
195	0.579616	75000	0.263642	61.620645
196	0.577815	75000	0.263083	61.883728
197	0.576018	75000	0.262591	62.146320
198	0.574224	75000	0.262188	62.408508
199	0.572433	75000	0.261672	62.670179
200	0.570646	75000	0.261128	62.931307
201	0.568862	75000	0.260571	63.191878
202	0.567082	75000	0.260160	63.452038
203	0.565305	75000	0.259682	63.711720
204	0.563531	75000	0.259082	63.970802
205	0.561761	75000	0.258621	64.229423
206	0.559993	75000	0.258160	64.487583
207	0.558230	75000	0.257670	64.745253
208	0.556469	75000	0.257199	65.002452
209	0.554712	75000	0.256716	65.259168
210	0.552958	75000	0.256231	65.515399
211	0.551208	75000	0.255636	65.771035
212	0.549461	75000	0.255216	66.026251
213	0.547717	75000	0.254710	66.280961
214	0.545977	75000	0.254192	66.535153
215	0.544240	75000	0.253629	66.788782
216	0.542506	75000	0.253137	67.041919
217	0.540775	75000	0.252698	67.294617
218	0.539048	75000	0.252234	67.546852
219	0.537324	75000	0.251695	67.798547
220	0.535604	75000	0.251283	68.049830
221	0.533887	75000	0.250679	68.300509
222	0.532173	75000	0.250176	68.550685
223	0.530462	75000	0.249761	68.800446
224	0.528755	75000	0.249245	69.049691
225	0.527051	75000	0.248715	69.298406
226	0.525350	75000	0.248272	69.546678
227	0.523653	75000	0.247746	69.794424
228	0.521958	75000	0.247273	70.041697
229	0.520268	75000	0.246774	70.288471
230	0.518580	75000	0.246196	70.534668
231	0.516896	75000	0.245784	70.780452
232	0.515215	75000	0.245290	71.025742
233	0.513537	75000	0.244788	71.270530
234	0.511863	75000	0.244319	71.514849
235	0.510192	75000	0.243813	71.758662
236	0.508524	75000	0.243324	72.001985
237	0.506859	75000	0.242877	72.244863
238	0.505198	75000	0.242284	72.487146
239	0.503540	75000	0.241903	72.729050
240	0.501885	75000	0.241370	72.970420
241	0.500234	75000	0.240900	73.211320
242	0.498586	75000	0.240464	73.451784
243	0.496941	75000	0.239878	73.691662
244	0.495299	75000	0.239431	73.931093
245	0.493660	75000	0.238924	74.170017
246	0.492025	75000	0.238477	74.408495
247	0.490393	75000	0.237982	74.646476
248	0.488765	75000	0.237512	74.883989
249	0.487139	75000	0.236971	75.120960
250	0.485517	75000	0.236487	75.357447
251	0.483898	75000	0.236044	75.593491
252	0.482283	75000	0.235581	75.829072
253	0.480670	75000	0.235137	76.064209
254	0.479061	75000	0.234662	76.298871
255	0.477455	75000	0.234030	76.532901
256	0.475852	75000	0.233612	76.766513
257	0.474253	75000	0.233135	76.999649
258	0.472656	75000	0.232685	77.232334
259	0.471063	75000	0.232167	77.464501
260	0.469474	75000	0.231721	77.696223
261	0.467887	75000	0.231286	77.927509
262	0.466304	75000	0.230693	78.158202
263	0.464723	75000	0.230210	78.388413
264	0.463146	75000	0.229779	78.618191
265	0.461573	75000	0.229317	78.847508
266	0.460002	75000	0.228860	79.076369
267	0.458435	75000	0.228291	79.304659
268	0.456871	75000	0.227902	79.532561
269	0.455310	75000	0.227316	79.759877
270	0.453752	75000	0.226936	79.986813
271	0.452198	75000	0.226422	80.213235
272	0.450647	75000	0.225886	80.439121
273	0.449098	75000	0.225514	80.664635
274	0.447554	75000	0.224969	80.889604
275	0.446012	75000	0.224497	81.114101
276	0.444473	75000	0.224037	81.338138
277	0.442938	75000	0.223571	81.561708
278	0.441406	75000	0.223117	81.784825
279	0.439877	75000	0.222623	82.007448
280	0.438351	75000	0.222066	82.229514
281	0.436829	75000	0.221578	82.451092
282	0.435309	75000	0.221153	82.672245
283	0.433793	75000	0.220800	82.893045
284	0.432280	75000	0.220173	83.113218
285	0.430770	75000	0.219743	83.332961
286	0.429263	75000	0.219264	83.552225
287	0.427760	75000	0.218837	83.771063
288	0.426259	75000	0.218443	83.989506
289	0.424762	75000	0.217810	84.207316
290	0.423268	75000	0.217352	84.424668
291	0.421777	75000	0.216952	84.641619
292	0.420289	75000	0.216382	84.858001
293	0.418805	75000	0.216021	85.074022
294	0.417323	75000	0.215439	85.289461
295	0.415845	75000	0.215085	85.504546
296	0.414370	75000	0.214674	85.719220
297	0.412898	75000	0.214068	85.933287
298	0.411429	75000	0.213626	86.146913
299	0.409963	75000	0.213115	86.360028
300	0.408501	75000	0.212587	86.572614
301	0.407041	75000	0.212218	86.784833
302	0.405585	75000	0.211736	86.996569
303	0.404132	75000	0.211321	87.207890
304	0.402682	75000	0.210791	87.418681
305	0.401235	75000	0.210391	87.629072
306	0.399791	75000	0.209845	87.838917
307	0.398350	75000	0.209406	88.048323
308	0.396913	75000	0.208933	88.257256
309	0.395478	75000	0.208460	88.465716
310	0.394047	75000	0.207921	88.673637
311	0.392619	75000	0.207513	88.881150
312	0.391194	75000	0.207072	89.088221
313	0.389772	75000	0.206542	89.294764
314	0.388353	75000	0.206114	89.500878
315	0.386937	75000	0.205643	89.706521
316	0.385524	75000	0.205267	89.911788
317	0.384115	75000	0.204698	90.116486
318	0.382708	75000	0.204189	90.320676
319	0.381305	75000	0.203854	90.524530
320	0.379904	75000	0.203327	90.727857
321	0.378507	75000	0.202915	90.930771
322	0.377113	75000	0.202356	91.133127
323	0.375722	75000	0.201932	91.335059
324	0.374334	75000	0.201563	91.536622
325	0.372949	75000	0.200930	91.737552
326	0.371567	75000	0.200627	91.938179
327	0.370189	75000	0.200186	92.138365
328	0.368813	75000	0.199646	92.338011
329	0.367440	75000	0.199200	92.537211
330	0.366071	75000	0.198765	92.735976
331	0.364705	75000	0.198309	92.934285
332	0.363341	75000	0.197845	93.132129
333	0.361981	75000	0.197364	93.329493
334	0.360624	75000	0.196894	93.526387
335	0.359269	75000	0.196479	93.722866
336	0.357918	75000	0.195979	93.918845
337	0.356570	75000	0.195497	94.114342
338	0.355225	75000	0.195069	94.309412
339	0.353883	75000	0.194550	94.503962
340	0.352544	75000	0.194241	94.698203
341	0.351208	75000	0.193689	94.891892
342	0.349875	75000	0.193209	95.085101
343	0.348546	75000	0.192792	95.277893
344	0.347219	75000	0.192363	95.470256
345	0.345895	75000	0.191828	95.662084
346	0.344574	75000	0.191501	95.853586
347	0.343257	75000	0.190948	96.044533
348	0.341942	75000	0.190601	96.235134
349	0.340630	75000	0.190058	96.425191
350	0.339322	75000	0.189592	96.614783
351	0.338016	75000	0.189213	96.803996
352	0.336714	75000	0.188683	96.992679
353	0.335414	75000	0.188218	97.180897
354	0.334118	75000	0.187703	97.368600
355	0.332824	75000	0.187335	97.555936
356	0.331534	75000	0.186865	97.742801
357	0.330246	75000	0.186377	97.929178
358	0.328962	75000	0.185995	98.115174
359	0.327680	75000	0.185541	98.300714
360	0.326401	75000	0.185174	98.485888
361	0.325126	75000	0.184579	98.670467
362	0.323853	75000	0.184233	98.854700
363	0.322584	75000	0.183735	99.038435
364	0.321317	75000	0.183295	99.221730
365	0.320054	75000	0.182755	99.404485
366	0.318793	75000	0.182313	99.586799
367	0.317536	75000	0.181911	99.768710
368	0.316281	75000	0.181490	99.950200
369	0.315030	75000	0.180981	100.131180
370	0.313781	75000	0.180601	100.311781
371	0.312535	75000	0.180165	100.491946
372	0.311293	75000	0.179670	100.671616
373	0.310053	75000	0.179342	100.850958
374	0.308816	75000	0.178919	101.029877
375	0.307582	75000	0.178350	101.208227
376	0.306352	75000	0.177916	101.386143
377	0.305124	75000	0.177513	101.563657
378	0.303899	75000	0.177028	101.740685
379	0.302677	75000	0.176635	101.917320
380	0.301458	75000	0.176139	102.093459
381	0.300242	75000	0.175691	102.269150
382	0.299029	75000	0.175262	102.444412
383	0.297819	75000	0.174825	102.619237
384	0.296611	75000	0.174363	102.793601
385	0.295407	75000	0.173971	102.967572
386	0.294206	75000	0.173448	103.141019
387	0.293007	75000	0.173048	103.314067
388	0.291812	75000	0.172582	103.486649
389	0.290619	75000	0.172243	103.658892
390	0.289430	75000	0.171699	103.830591
391	0.288243	75000	0.171310	104.001902
392	0.287059	75000	0.170852	104.172754
393	0.285879	75000	0.170471	104.343225
394	0.284701	75000	0.169907	104.513132
395	0.283526	75000	0.169518	104.682651
396	0.282354	75000	0.169121	104.851772
397	0.281184	75000	0.168624	105.020395
398	0.280018	75000	0.168155	105.188550
399	0.278855	75000	0.167819	105.356369
400	0.277694	75000	0.167321	105.523690
401	0.276537	75000	0.166959	105.690649
402	0.275382	75000	0.166480	105.857129
403	0.274230	75000	0.166060	106.023189
404	0.273082	75000	0.165602	106.188792
405	0.271936	75000	0.165073	106.353865
406	0.270793	75000	0.164840	106.518705
407	0.269652	75000	0.164337	106.683042
408	0.268515	75000	0.163838	106.846880
409	0.267381	75000	0.163460	107.010341
410	0.266249	75000	0.162983	107.173323
411	0.265121	75000	0.162629	107.335953
412	0.263995	75000	0.162105	107.498058
413	0.262872	75000	0.161700	107.659758
414	0.261752	75000	0.161204	107.820961
415	0.260635	75000	0.160783	107.981745
416	0.259520	75000	0.160400	108.142144
417	0.258409	75000	0.159917	108.302061
418	0.257300	75000	0.159525	108.461587
419	0.256195	75000	0.159106	108.620693
420	0.255092	75000	0.158614	108.779307
421	0.253992	75000	0.158178	108.937485
422	0.252895	75000	0.157883	109.095367
423	0.251800	75000	0.157311	109.252678
424	0.250709	75000	0.156995	109.409673
425	0.249620	75000	0.156475	109.566147
426	0.248534	75000	0.156150	109.722298
427	0.247451	75000	0.155721	109.878018
428	0.246371	75000	0.155166	110.033184
429	0.245294	75000	0.154826	110.188011
430	0.244220	75000	0.154373	110.342384
431	0.243148	75000	0.153950	110.496334
432	0.242079	75000	0.153576	110.649910
433	0.241013	75000	0.153138	110.803048
434	0.239950	75000	0.152678	110.955725
435	0.238890	75000	0.152314	111.108039
436	0.237832	75000	0.151832	111.259872
437	0.236778	75000	0.151365	111.411237
438	0.235726	75000	0.151097	111.562334
439	0.234677	75000	0.150624	111.712958
440	0.233630	75000	0.150264	111.863222
441	0.232587	75000	0.149755	112.012977
442	0.231546	75000	0.149216	112.162193
443	0.230509	75000	0.148890	112.311083
444	0.229473	75000	0.148496	112.459578
445	0.228441	75000	0.148070	112.607649
446	0.227412	75000	0.147613	112.755262
447	0.226385	75000	0.147214	112.902476
448	0.225361	75000	0.146883	113.049359
449	0.224340	75000	0.146436	113.195795
450	0.223322	75000	0.145993	113.341788
451	0.222306	75000	0.145548	113.487335
452	0.221293	75000	0.145014	113.632349
453	0.220283	75000	0.144604	113.776953
454	0.219276	75000	0.144314	113.921267
455	0.218272	75000	0.143786	114.065053
456	0.217270	75000	0.143451	114.208503
457	0.216271	75000	0.142994	114.351497
458	0.215275	75000	0.142579	114.494075
459	0.214281	75000	0.142118	114.636193
460	0.213291	75000	0.141690	114.777884
461	0.212303	75000	0.141297	114.919181
462	0.211318	75000	0.140824	115.060005
463	0.210335	75000	0.140445	115.200450
464	0.209356	75000	0.140081	115.340531
465	0.208379	75000	0.139747	115.480278
466	0.207404	75000	0.139228	115.619506
467	0.206433	75000	0.138781	115.758287
468	0.205464	75000	0.138384	115.896671
469	0.204498	75000	0.138020	116.034691
470	0.203535	75000	0.137577	116.172268
471	0.202575	75000	0.137159	116.309427
472	0.201617	75000	0.136798	116.446225
473	0.200662	75000	0.136252	116.582478
474	0.199709	75000	0.135918	116.718396
475	0.198760	75000	0.135486	116.853881
476	0.197813	75000	0.135006	116.988888
477	0.196869	75000	0.134603	117.123490
478	0.195927	75000	0.134215	117.257706
479	0.194988	75000	0.133975	117.391681
480	0.194052	75000	0.133459	117.525140
481	0.193119	75000	0.133000	117.658140
482	0.192188	75000	0.132649	117.790789
483	0.191260	75000	0.132177	117.922966
484	0.190335	75000	0.131905	118.054871
485	0.189412	75000	0.131387	118.186258
486	0.188492	75000	0.131004	118.317262
487	0.187575	75000	0.130560	118.447823
488	0.186660	75000	0.130262	118.578084
489	0.185749	75000	0.129900	118.707985
490	0.184839	75000	0.129546	118.837531
491	0.183933	75000	0.129005	118.966536
492	0.183029	75000	0.128522	119.095059
493	0.182128	75000	0.128281	119.223340
494	0.181229	75000	0.127882	119.351221
495	0.180333	75000	0.127395	119.478616
496	0.179440	75000	0.127061	119.605677
497	0.178550	75000	0.126475	119.732152
498	0.177662	75000	0.126136	119.858287
499	0.176777	75000	0.125826	119.984114
500	0.175894	75000	0.125322	120.109436
501	0.175014	75000	0.125100	120.234536
502	0.174137	75000	0.124437	120.358973
503	0.173262	75000	0.124129	120.483102
504	0.172390	75000	0.123659	120.606761
505	0.171521	75000	0.123246	120.730007
506	0.170654	75000	0.122929	120.852935
507	0.169790	75000	0.122563	120.975498
508	0.168929	75000	0.122173	121.097671
509	0.168070	75000	0.121710	121.219381
510	0.167214	75000	0.121301	121.340682
511	0.166360	75000	0.120819	121.461502
512	0.165509	75000	0.120533	121.582035
513	0.164661	75000	0.119990	121.702024
514	0.163815	75000	0.119676	121.821700
515	0.162972	75000	0.119337	121.941037
516	0.162132	75000	0.118832	122.059870
517	0.161294	75000	0.118519	122.178389
518	0.160458	75000	0.118172	122.296561
519	0.159626	75000	0.117672	122.414232
520	0.158796	75000	0.117326	122.531558
521	0.157968	75000	0.116950	122.648508
522	0.157143	75000	0.116554	122.765061
523	0.156321	75000	0.116151	122.881212
524	0.155501	75000	0.115671	122.996883
525	0.154684	75000	0.115396	123.112280
526	0.153870	75000	0.115023	123.227302
527	0.153058	75000	0.114621	123.341924
528	0.152248	75000	0.114157	123.456081
529	0.151441	75000	0.113624	123.569705
530	0.150637	75000	0.113282	123.682987
531	0.149835	75000	0.113085	123.796072
532	0.149036	75000	0.112694	123.908767
533	0.148240	75000	0.112233	124.020999
534	0.147446	75000	0.111780	124.132779
535	0.146654	75000	0.111658	124.244437
536	0.145865	75000	0.111029	124.355466
537	0.145079	75000	0.110721	124.466188
538	0.144295	75000	0.110311	124.576498
539	0.143514	75000	0.109979	124.686477
540	0.142735	75000	0.109533	124.796011
541	0.141959	75000	0.109031	124.905042
542	0.141186	75000	0.108733	125.013774
543	0.140415	75000	0.108213	125.121987
544	0.139646	75000	0.107925	125.229912
545	0.138880	75000	0.107544	125.337456
546	0.138116	75000	0.107115	125.444571
547	0.137356	75000	0.106778	125.551348
548	0.136597	75000	0.106357	125.657706
549	0.135841	75000	0.105937	125.763643
550	0.135088	75000	0.105574	125.869217
551	0.134337	75000	0.105010	125.974227
552	0.133588	75000	0.104929	126.079156
553	0.132843	75000	0.104530	126.183686
554	0.132099	75000	0.103937	126.287623
555	0.131358	75000	0.103613	126.391236
556	0.130620	75000	0.103284	126.494520
557	0.129884	75000	0.102731	126.597250
558	0.129151	75000	0.102506	126.699756
559	0.128420	75000	0.102119	126.801875
560	0.127691	75000	0.101739	126.903614
561	0.126965	75000	0.101400	127.005013
562	0.126242	75000	0.100992	127.106005
563	0.125521	75000	0.100602	127.206607
564	0.124802	75000	0.100019	127.306625
565	0.124086	75000	0.099743	127.406368
566	0.123373	75000	0.099393	127.505762
567	0.122662	75000	0.099077	127.604838
568	0.121953	75000	0.098702	127.703540
569	0.121247	75000	0.098368	127.801908
570	0.120543	75000	0.098001	127.899910
571	0.119842	75000	0.097537	127.997447
572	0.119143	75000	0.097225	128.094672
573	0.118447	75000	0.096803	128.191475
574	0.117753	75000	0.096400	128.287874
575	0.117062	75000	0.096196	128.384071
576	0.116373	75000	0.095805	128.479876
577	0.115686	75000	0.095286	128.575162
578	0.115002	75000	0.094856	128.670018
579	0.114320	75000	0.094527	128.764544
580	0.113641	75000	0.094075	128.858619
581	0.112964	75000	0.093736	128.952355
582	0.112290	75000	0.093362	129.045718
583	0.111618	75000	0.093125	129.138842
584	0.110948	75000	0.092642	129.231485
585	0.110281	75000	0.092332	129.323817
586	0.109616	75000	0.091930	129.415747
587	0.108954	75000	0.091465	129.507212
588	0.108294	75000	0.091190	129.598402
589	0.107637	75000	0.090816	129.689218
590	0.106981	75000	0.090423	129.779641
591	0.106329	75000	0.089965	129.869606
592	0.105678	75000	0.089470	129.959076
593	0.105030	75000	0.089352	130.048429
594	0.104385	75000	0.088970	130.137399
595	0.103742	75000	0.088692	130.226091
596	0.103101	75000	0.088195	130.314286
597	0.102463	75000	0.087648	130.401935
598	0.101827	75000	0.087356	130.489291
599	0.101193	75000	0.087109	130.576400
600	0.100562	75000	0.086625	130.663025
601	0.099933	75000	0.086343	130.749368
602	0.099306	75000	0.085944	130.835311
603	0.098682	75000	0.085540	130.920852
604	0.098060	75000	0.085224	131.006076
605	0.097441	75000	0.084768	131.090843
606	0.096824	75000	0.084492	131.175335
607	0.096209	75000	0.084174	131.259508
608	0.095596	75000	0.083650	131.343158
609	0.094986	75000	0.083529	131.426687
610	0.094379	75000	0.083041	131.509728
611	0.093773	75000	0.082696	131.592424
612	0.093170	75000	0.082253	131.674677
613	0.092570	75000	0.082070	131.756746
614	0.091971	75000	0.081587	131.838333
615	0.091375	75000	0.081208	131.919542
616	0.090781	75000	0.080784	132.000326
617	0.090190	75000	0.080392	132.080718
618	0.089601	75000	0.079914	132.160631
619	0.089014	75000	0.079615	132.240247
620	0.088430	75000	0.079342	132.319589
621	0.087848	75000	0.078898	132.398486
622	0.087268	75000	0.078638	132.477124
623	0.086690	75000	0.078339	132.555463
624	0.086115	75000	0.077787	132.633250
625	0.085542	75000	0.077586	132.710835
626	0.084971	75000	0.077272	132.788108
627	0.084403	75000	0.076886	132.864993
628	0.083837	75000	0.076445	132.941438
629	0.083273	75000	0.076167	133.017605
630	0.082712	75000	0.075905	133.093509
631	0.082152	75000	0.075373	133.168883
632	0.081595	75000	0.075242	133.244125
633	0.081041	75000	0.074748	133.318873
634	0.080488	75000	0.074365	133.393237
635	0.079938	75000	0.073995	133.467232
636	0.079390	75000	0.073794	133.541026
637	0.078845	75000	0.073288	133.614314
638	0.078301	75000	0.072875	133.687189
639	0.077760	75000	0.072405	133.759594
640	0.077221	75000	0.072035	133.831628
641	0.076684	75000	0.071769	133.903397
642	0.076150	75000	0.071657	133.975054
643	0.075618	75000	0.071142	134.046195
644	0.075088	75000	0.070623	134.116818
645	0.074560	75000	0.070391	134.187210
646	0.074035	75000	0.070037	134.257247
647	0.073512	75000	0.069679	134.326926
648	0.072991	75000	0.069152	134.396077
649	0.072472	75000	0.069061	134.465138
650	0.071955	75000	0.068629	134.533767
651	0.071441	75000	0.068164	134.601930
652	0.070929	75000	0.067854	134.669784
653	0.070419	75000	0.067462	134.737246
654	0.069911	75000	0.067010	134.804257
655	0.069406	75000	0.066914	134.871171
656	0.068903	75000	0.066505	134.937676
657	0.068401	75000	0.065895	135.003571
658	0.067903	75000	0.065696	135.069267
659	0.067406	75000	0.065469	135.134736
660	0.066911	75000	0.064896	135.199632
661	0.066419	75000	0.064628	135.264261
662	0.065929	75000	0.064258	135.328519
663	0.065441	75000	0.063704	135.392223
664	0.064955	75000	0.063641	135.455863
665	0.064471	75000	0.063043	135.518906
666	0.063990	75000	0.062801	135.581707
667	0.063510	75000	0.062699	135.644406
668	0.063033	75000	0.062172	135.706578
669	0.062558	75000	0.061968	135.768546
670	0.062085	75000	0.061447	135.829994
671	0.061615	75000	0.061212	135.891206
672	0.061146	75000	0.060709	135.951915
673	0.060680	75000	0.060407	136.012322
674	0.060216	75000	0.059985	136.072307
675	0.059753	75000	0.059786	136.132093
676	0.059293	75000	0.059279	136.191372
677	0.058836	75000	0.059068	136.250440
678	0.058380	75000	0.058649	136.309089
679	0.057926	75000	0.058440	136.367529
680	0.057475	75000	0.058153	136.425681
681	0.057025	75000	0.057747	136.483428
682	0.056578	75000	0.057377	136.540805
683	0.056133	75000	0.056997	136.597802
684	0.055690	75000	0.056639	136.654441
685	0.055249	75000	0.056151	136.710593
686	0.054810	75000	0.055877	136.766470
687	0.054373	75000	0.055805	136.822274
688	0.053939	75000	0.055312	136.877586
689	0.053506	75000	0.054925	136.932511
690	0.053076	75000	0.054460	136.986971
691	0.052647	75000	0.054045	137.041016
692	0.052221	75000	0.053720	137.094736
693	0.051797	75000	0.053630	137.148366
694	0.051375	75000	0.053161	137.201528
695	0.050955	75000	0.052874	137.254401
696	0.050537	75000	0.052378	137.306779
697	0.050121	75000	0.052179	137.358958
698	0.049707	75000	0.051743	137.410701
699	0.049295	75000	0.051396	137.462098
700	0.048885	75000	0.050996	137.513094
701	0.048478	75000	0.050729	137.563822
702	0.048072	75000	0.050289	137.614112
703	0.047668	75000	0.050026	137.664137
704	0.047267	75000	0.049504	137.713642
705	0.046867	75000	0.049523	137.763164
706	0.046470	75000	0.049018	137.812182
707	0.046074	75000	0.048631	137.860813
708	0.045681	75000	0.048545	137.909358
709	0.045289	75000	0.047923	137.957282
710	0.044900	75000	0.047753	138.005035
711	0.044512	75000	0.047093	138.052128
712	0.044127	75000	0.046800	138.098928
713	0.043744	75000	0.046449	138.145377
714	0.043362	75000	0.046136	138.191514
715	0.042983	75000	0.045749	138.237262
716	0.042606	75000	0.045415	138.282677
717	0.042230	75000	0.045227	138.327904
718	0.041857	75000	0.044825	138.372729
719	0.041485	75000	0.044287	138.417016
720	0.041116	75000	0.044286	138.461302
721	0.040749	75000	0.043740	138.505042
722	0.040383	75000	0.043638	138.548680
723	0.040020	75000	0.043080	138.591760
724	0.039658	75000	0.042830	138.634590
725	0.039299	75000	0.042414	138.677004
726	0.038941	75000	0.041894	138.718898
727	0.038585	75000	0.041690	138.760588
728	0.038232	75000	0.041052	138.801640
729	0.037880	75000	0.041172	138.842812
730	0.037530	75000	0.040726	138.883538
731	0.037182	75000	0.040345	138.923883
732	0.036836	75000	0.039895	138.963777
733	0.036493	75000	0.039669	139.003447
734	0.036151	75000	0.039147	139.042594
735	0.035810	75000	0.039158	139.081752
736	0.035472	75000	0.038640	139.120392
737	0.035136	75000	0.038022	139.158414
738	0.034802	75000	0.037870	139.196284
739	0.034469	75000	0.037756	139.234040
740	0.034139	75000	0.037270	139.271310
741	0.033810	75000	0.037113	139.308423
742	0.033484	75000	0.036305	139.344728
743	0.033159	75000	0.036113	139.380841
744	0.032836	75000	0.035483	139.416324
745	0.032515	75000	0.035293	139.451617
746	0.032196	75000	0.034986	139.486603
747	0.031879	75000	0.034634	139.521237
748	0.031563	75000	0.034349	139.555586
749	0.031250	75000	0.034241	139.589827
750	0.030938	75000	0.033759	139.623586
751	0.030629	75000	0.033279	139.656865
752	0.030321	75000	0.033043	139.689908
753	0.030015	75000	0.032426	139.722334
754	0.029711	75000	0.032253	139.754587
755	0.029409	75000	0.031763	139.786351
756	0.029108	75000	0.031307	139.817658
757	0.028810	75000	0.030990	139.848648
758	0.028513	75000	0.030777	139.879425
759	0.028218	75000	0.030652	139.910078
760	0.027925	75000	0.030045	139.940122
761	0.027634	75000	0.029702	139.969824
762	0.027345	75000	0.029292	139.999116
763	0.027057	75000	0.028996	140.028112
764	0.026771	75000	0.028826	140.056938
765	0.026487	75000	0.028243	140.085180
766	0.026205	75000	0.027950	140.113131
767	0.025925	75000	0.027481	140.140611
768	0.025647	75000	0.027291	140.167903
769	0.025370	75000	0.026803	140.194705
770	0.025095	75000	0.025954	140.220659
771	0.024822	75000	0.025914	140.246573
772	0.024551	75000	0.025673	140.272246
773	0.024281	75000	0.025315	140.297561
774	0.024014	75000	0.024818	140.322380
775	0.023748	75000	0.024564	140.346944
776	0.023483	75000	0.024385	140.371328
777	0.023221	75000	0.024054	140.395383
778	0.022960	75000	0.023135	140.418518
779	0.022702	75000	0.022817	140.441335
780	0.022445	75000	0.022769	140.464104
781	0.022189	75000	0.022229	140.486334
782	0.021936	75000	0.021637	140.507970
783	0.021684	75000	0.021421	140.529391
784	0.021434	75000	0.021318	140.550709
785	0.021185	75000	0.020607	140.571316
786	0.020939	75000	0.020272	140.591588
787	0.020694	75000	0.020010	140.611598
788	0.020451	75000	0.019447	140.631045
789	0.020209	75000	0.019017	140.650062
790	0.019969	75000	0.018634	140.668697
791	0.019731	75000	0.018335	140.687032
792	0.019495	75000	0.018147	140.705178
793	0.019261	75000	0.017384	140.722562
794	0.019028	75000	0.016934	140.739496
795	0.018796	75000	0.016512	140.756008
796	0.018567	75000	0.015999	140.772007
797	0.018339	75000	0.015686	140.787693
798	0.018113	75000	0.015070	140.802764
799	0.017889	75000	0.015189	140.817953
800	0.017666	75000	0.014865	140.832818
801	0.017445	75000	0.013282	140.846099
802	0.017225	75000	0.014071	140.860171
803	0.017007	75000	0.013032	140.873202
804	0.016791	75000	0.013353	140.886556
805	0.016577	75000	0.012255	140.898811
806	0.016364	75000	0.011555	140.910366
807	0.016153	75000	0.010627	140.920993
808	0.015943	75000	0.010471	140.931463
809	0.015736	75000	0.010408	140.941872
810	0.015529	75000	0.010491	140.952363
811	0.015325	75000	0.009497	140.961860
812	0.015122	75000	0.008524	140.970384
813	0.014920	75000	0.007929	140.978313
814	0.014721	75000	0.008409	140.986721
815	0.014523	75000	0.007315	140.994037
816	0.014326	75000	0.006707	141.000743
817	0.014131	75000	0.005732	141.006476
818	0.013938	75000	0.004988	141.011463
819	0.013746	75000	0.004422	141.015885
820	0.013556	75000	0.004538	141.020423
821	0.013367	75000	0.004380	141.024803
822	0.013181	75000	0.003182	141.027984
823	0.012995	75000	0.002763	141.030747
824	0.012811	75000	0.002218	141.032966
825	0.012629	75000	0.002058	141.035024
826	0.012448	75000	0.000400	141.035423
827	0.012269	75000	0.001258	141.036682
828	0.012092	75000	-0.000794	141.035888
829	0.011916	75000	-0.000952	141.034936
830	0.011741	75000	-0.001568	141.033368
831	0.011568	75000	-0.002908	141.030460
832	0.011397	75000	-0.003123	141.027337
833	0.011227	75000	-0.002868	141.024468
834	0.011059	75000	-0.005347	141.019121
835	0.010892	75000	-0.004878	141.014243
836	0.010727	75000	-0.007245	141.006998
837	0.010563	75000	-0.006974	141.000023
838	0.010401	75000	-0.008926	140.991097
839	0.010240	75000	-0.007815	140.983282
840	0.010081	75000	-0.013590	140.969693
841	0.009923	75000	-0.009503	140.960189
842	0.009767	75000	-0.012274	140.947915
843	0.009612	75000	-0.011935	140.935980
844	0.009459	75000	-0.015233	140.920747
845	0.009307	75000	-0.015527	140.905220
846	0.009156	75000	-0.015015	140.890206
847	0.009008	75000	-0.017474	140.872732
848	0.008860	75000	-0.016886	140.855845
849	0.008714	75000	-0.019285	140.836560
850	0.008570	75000	-0.020796	140.815764
851	0.008427	75000	-0.020858	140.794906
852	0.008285	75000	-0.025473	140.769433
853	0.008145	75000	-0.024558	140.744874
854	0.008006	75000	-0.026827	140.718048
855	0.007869	75000	-0.029060	140.688988
856	0.007733	75000	-0.028181	140.660808
857	0.007598	75000	-0.031310	140.629497
858	0.007465	75000	-0.032584	140.596913
859	0.007334	75000	-0.032744	140.564170
860	0.007203	75000	-0.032435	140.531735
861	0.007075	75000	-0.033450	140.498285
862	0.006947	75000	-0.038651	140.459634
863	0.006821	75000	-0.040459	140.419176
864	0.006696	75000	-0.043320	140.375856
865	0.006573	75000	-0.042739	140.333117
866	0.006451	75000	-0.047157	140.285960
867	0.006330	75000	-0.048441	140.237519
868	0.006211	75000	-0.048794	140.188725
869	0.006093	75000	-0.051182	140.137543
870	0.005977	75000	-0.053583	140.083960
871	0.005862	75000	-0.056141	140.027819
872	0.005748	75000	-0.057869	139.969950
873	0.005635	75000	-0.060339	139.909611
874	0.005524	75000	-0.062017	139.847594
875	0.005414	75000	-0.063184	139.784410
876	0.005306	75000	-0.066316	139.718094
877	0.005199	75000	-0.065398	139.652697
878	0.005093	75000	-0.069140	139.583557
879	0.004988	75000	-0.073312	139.510245
880	0.004885	75000	-0.075196	139.435049
881	0.004783	75000	-0.076162	139.358887
882	0.004682	75000	-0.078020	139.280867
883	0.004583	75000	-0.076865	139.204002
884	0.004485	75000	-0.080534	139.123468
885	0.004388	75000	-0.080878	139.042589
886	0.004292	75000	-0.082644	138.959946
887	0.004198	75000	-0.088906	138.871040
888	0.004105	75000	-0.085546	138.785494
889	0.004013	75000	-0.088066	138.697428
890	0.003923	75000	-0.088720	138.608708
891	0.003833	75000	-0.087722	138.520986
892	0.003745	75000	-0.091309	138.429677
893	0.003658	75000	-0.091716	138.337961
894	0.003573	75000	-0.091020	138.246940
895	0.003488	75000	-0.092642	138.154298
896	0.003405	75000	-0.093661	138.060637
897	0.003323	75000	-0.090885	137.969752
898	0.003242	75000	-0.094851	137.874901
899	0.003162	75000	-0.093113	137.781788
900	0.003084	75000	-0.095561	137.686227
901	0.003007	75000	-0.096221	137.590006
902	0.002930	75000	-0.095195	137.494811
903	0.002855	75000	-0.093998	137.400813
904	0.002782	75000	-0.095444	137.305369
905	0.002709	75000	-0.095131	137.210238
906	0.002638	75000	-0.094712	137.115525
907	0.002567	75000	-0.094498	137.021027
908	0.002498	75000	-0.095438	136.925590
909	0.002430	75000	-0.094145	136.831445
910	0.002363	75000	-0.092867	136.738578
911	0.002297	75000	-0.093468	136.645110
912	0.002233	75000	-0.092884	136.552226
913	0.002169	75000	-0.092056	136.460169
914	0.002106	75000	-0.090652	136.369518
915	0.002045	75000	-0.090218	136.279299
916	0.001985	75000	-0.089285	136.190014
917	0.001925	75000	-0.089091	136.100923
918	0.001867	75000	-0.088043	136.012880
919	0.001810	75000	-0.087090	135.925790
920	0.001754	75000	-0.086578	135.839211
921	0.001699	75000	-0.083908	135.755303
922	0.001645	75000	-0.083886	135.671418
923	0.001592	75000	-0.083187	135.588230
924	0.001540	75000	-0.082121	135.506109
925	0.001490	75000	-0.081156	135.424953
926	0.001440	75000	-0.079243	135.345710
927	0.001391	75000	-0.078546	135.267164
928	0.001343	75000	-0.076727	135.190437
929	0.001296	75000	-0.076592	135.113845
930	0.001251	75000	-0.075120	135.038725
931	0.001206	75000	-0.073089	134.965636
932	0.001162	75000	-0.071637	134.893999
933	0.001119	75000	-0.070817	134.823181
934	0.001077	75000	-0.069583	134.753599
935	0.001036	75000	-0.068864	134.684735
936	0.000996	75000	-0.067270	134.617465
937	0.000957	75000	-0.065925	134.551539
938	0.000919	75000	-0.064231	134.487309
939	0.000882	75000	-0.063170	134.424139
940	0.000846	75000	-0.061483	134.362656
941	0.000810	75000	-0.060360	134.302296
942	0.000776	75000	-0.059105	134.243191
943	0.000742	75000	-0.057685	134.185505
944	0.000709	75000	-0.055894	134.129611
945	0.000678	75000	-0.054810	134.074801
946	0.000647	75000	-0.053527	134.021274
947	0.000617	75000	-0.051995	133.969280
948	0.000587	75000	-0.050737	133.918542
949	0.000559	75000	-0.049316	133.869226
950	0.000531	75000	-0.048031	133.821196
951	0.000505	75000	-0.046784	133.774412
952	0.000479	75000	-0.045309	133.729103
953	0.000454	75000	-0.043765	133.685338
954	0.000430	75000	-0.042848	133.642490
955	0.000406	75000	-0.041353	133.601138
956	0.000383	75000	-0.039898	133.561239
957	0.000362	75000	-0.038843	133.522397
958	0.000340	75000	-0.037306	133.485091
959	0.000320	75000	-0.036066	133.449025
960	0.000300	75000	-0.034768	133.414257
961	0.000281	75000	-0.033409	133.380847
962	0.000263	75000	-0.032338	133.348509
963	0.000246	75000	-0.031195	133.317314
964	0.000229	75000	-0.029669	133.287646
965	0.000213	75000	-0.028660	133.258985
966	0.000198	75000	-0.027465	133.231520
967	0.000183	75000	-0.026244	133.205276
968	0.000169	75000	-0.025018	133.180258
969	0.000156	75000	-0.023763	133.156494
970	0.000143	75000	-0.022754	133.133740
971	0.000131	75000	-0.021512	133.112228
972	0.000120	75000	-0.020415	133.091813
973	0.000109	75000	-0.019402	133.072411
974	0.000099	75000	-0.018288	133.054123
975	0.000089	75000	-0.017330	133.036793
976	0.000080	75000	-0.016238	133.020555
977	0.000072	75000	-0.015192	133.005363
978	0.000064	75000	-0.014212	132.991151
979	0.000057	75000	-0.013247	132.977904
980	0.000050	75000	-0.012269	132.965635
981	0.000043	75000	-0.011346	132.954289
982	0.000038	75000	-0.010480	132.943809
983	0.000032	75000	-0.009562	132.934247
984	0.000028	75000	-0.008735	132.925512
985	0.000023	75000	-0.007884	132.917627
986	0.000019	75000	-0.007084	132.910543
987	0.000016	75000	-0.006327	132.904216
988	0.000013	75000	-0.005577	132.898639
989	0.000010	75000	-0.004862	132.893777
990	0.000008	75000	-0.004197	132.889580
991	0.000006	75000	-0.003545	132.886035
992	0.000004	75000	-0.002944	132.883091
993	0.000003	75000	-0.002374	132.880717
994	0.000002	75000	-0.001844	132.878873
995	0.000001	75000	-0.001368	132.877505
996	0.000000	75000	-0.000939	132.876567
997	0.000000	75000	-0.000570	132.875997
998	0.000000	75000	-0.000265	132.875731
999	0.000000	75000	-0.000057	132.875674
Log marginal likelihood:	132.875674
