Steppingstone sampler:
        No Stones:                  1000
        Start It:                   10000001
        It Per Stone:               100000
        Sample Freq:                1
        Dist:                       Beta(0.400000,1.000000)
Stone No	Power	N	Stone MLh	Running MLh
0	0.997502	75000	0.117121	0.117121
1	0.995007	75000	0.117021	0.234142
2	0.992517	75000	0.116762	0.350904
3	0.990030	75000	0.116607	0.467511
4	0.987547	75000	0.116432	0.583944
5	0.985067	75000	0.116213	0.700157
6	0.982592	75000	0.116102	0.816259
7	0.980120	75000	0.115934	0.932193
8	0.977652	75000	0.115762	1.047955
9	0.975187	75000	0.115557	1.163512
10	0.972726	75000	0.115382	1.278894
11	0.970269	75000	0.115185	1.394079
12	0.967816	75000	0.115002	1.509081
13	0.965367	75000	0.114815	1.623896
14	0.962921	75000	0.114614	1.738510
15	0.960479	75000	0.114447	1.852957
16	0.958040	75000	0.114256	1.967212
17	0.955606	75000	0.114092	2.081304
18	0.953175	75000	0.113934	2.195238
19	0.950747	75000	0.113699	2.308937
20	0.948324	75000	0.113515	2.422452
21	0.945904	75000	0.113338	2.535790
22	0.943488	75000	0.113149	2.648940
23	0.941076	75000	0.112960	2.761900
24	0.938667	75000	0.112807	2.874706
25	0.936262	75000	0.112594	2.987300
26	0.933861	75000	0.112496	3.099796
27	0.931463	75000	0.112319	3.212115
28	0.929069	75000	0.112079	3.324194
29	0.926679	75000	0.111917	3.436111
30	0.924293	75000	0.111742	3.547853
31	0.921910	75000	0.111619	3.659473
32	0.919531	75000	0.111416	3.770889
33	0.917155	75000	0.111215	3.882104
34	0.914783	75000	0.111076	3.993180
35	0.912415	75000	0.110778	4.103958
36	0.910051	75000	0.110701	4.214659
37	0.907690	75000	0.110511	4.325170
38	0.905333	75000	0.110298	4.435469
39	0.902980	75000	0.110146	4.545615
40	0.900630	75000	0.109947	4.655561
41	0.898284	75000	0.109731	4.765293
42	0.895942	75000	0.109604	4.874897
43	0.893603	75000	0.109504	4.984401
44	0.891268	75000	0.109220	5.093622
45	0.888937	75000	0.109044	5.202666
46	0.886609	75000	0.108867	5.311532
47	0.884285	75000	0.108613	5.420145
48	0.881965	75000	0.108477	5.528622
49	0.879648	75000	0.108312	5.636934
50	0.877335	75000	0.108169	5.745103
51	0.875026	75000	0.107924	5.853027
52	0.872720	75000	0.107815	5.960843
53	0.870418	75000	0.107664	6.068507
54	0.868120	75000	0.107479	6.175985
55	0.865825	75000	0.107223	6.283208
56	0.863534	75000	0.107119	6.390327
57	0.861246	75000	0.106977	6.497304
58	0.858962	75000	0.106704	6.604008
59	0.856682	75000	0.106601	6.710609
60	0.854405	75000	0.106383	6.816992
61	0.852132	75000	0.106226	6.923219
62	0.849863	75000	0.105955	7.029174
63	0.847597	75000	0.105852	7.135026
64	0.845335	75000	0.105658	7.240683
65	0.843077	75000	0.105528	7.346212
66	0.840822	75000	0.105312	7.451524
67	0.838571	75000	0.105188	7.556712
68	0.836323	75000	0.105008	7.661720
69	0.834079	75000	0.104850	7.766570
70	0.831839	75000	0.104581	7.871151
71	0.829602	75000	0.104465	7.975616
72	0.827369	75000	0.104276	8.079892
73	0.825140	75000	0.104135	8.184026
74	0.822914	75000	0.103975	8.288002
75	0.820691	75000	0.103716	8.391718
76	0.818473	75000	0.103535	8.495253
77	0.816258	75000	0.103317	8.598569
78	0.814046	75000	0.103213	8.701782
79	0.811838	75000	0.103038	8.804820
80	0.809634	75000	0.102837	8.907657
81	0.807433	75000	0.102678	9.010335
82	0.805236	75000	0.102463	9.112798
83	0.803043	75000	0.102371	9.215170
84	0.800853	75000	0.102103	9.317272
85	0.798667	75000	0.102004	9.419276
86	0.796484	75000	0.101863	9.521139
87	0.794305	75000	0.101706	9.622845
88	0.792129	75000	0.101467	9.724312
89	0.789957	75000	0.101308	9.825620
90	0.787789	75000	0.101122	9.926742
91	0.785624	75000	0.100969	10.027711
92	0.783463	75000	0.100787	10.128498
93	0.781305	75000	0.100629	10.229127
94	0.779151	75000	0.100382	10.329509
95	0.777000	75000	0.100207	10.429716
96	0.774853	75000	0.100023	10.529739
97	0.772710	75000	0.099888	10.629628
98	0.770570	75000	0.099691	10.729318
99	0.768433	75000	0.099545	10.828864
100	0.766301	75000	0.099397	10.928260
101	0.764172	75000	0.099205	11.027465
102	0.762046	75000	0.099056	11.126522
103	0.759924	75000	0.098821	11.225343
104	0.757805	75000	0.098641	11.323984
105	0.755690	75000	0.098537	11.422521
106	0.753579	75000	0.098313	11.520834
107	0.751471	75000	0.098136	11.618969
108	0.749366	75000	0.098017	11.716986
109	0.747266	75000	0.097764	11.814750
110	0.745168	75000	0.097594	11.912344
111	0.743075	75000	0.097483	12.009827
112	0.740984	75000	0.097212	12.107039
113	0.738898	75000	0.097117	12.204156
114	0.736815	75000	0.097028	12.301184
115	0.734735	75000	0.096758	12.397942
116	0.732659	75000	0.096633	12.494575
117	0.730586	75000	0.096387	12.590963
118	0.728517	75000	0.096310	12.687272
119	0.726452	75000	0.096049	12.783322
120	0.724390	75000	0.095964	12.879286
121	0.722331	75000	0.095779	12.975065
122	0.720276	75000	0.095516	13.070581
123	0.718225	75000	0.095394	13.165975
124	0.716177	75000	0.095212	13.261187
125	0.714132	75000	0.095055	13.356242
126	0.712091	75000	0.094890	13.451131
127	0.710054	75000	0.094706	13.545837
128	0.708020	75000	0.094579	13.640417
129	0.705989	75000	0.094394	13.734810
130	0.703962	75000	0.094232	13.829042
131	0.701939	75000	0.093992	13.923034
132	0.699919	75000	0.093817	14.016851
133	0.697902	75000	0.093658	14.110509
134	0.695889	75000	0.093430	14.203940
135	0.693880	75000	0.093292	14.297231
136	0.691874	75000	0.093189	14.390420
137	0.689871	75000	0.093064	14.483484
138	0.687872	75000	0.092759	14.576243
139	0.685877	75000	0.092704	14.668946
140	0.683885	75000	0.092479	14.761425
141	0.681896	75000	0.092319	14.853745
142	0.679911	75000	0.092188	14.945932
143	0.677929	75000	0.091974	15.037906
144	0.675951	75000	0.091774	15.129680
145	0.673976	75000	0.091651	15.221332
146	0.672005	75000	0.091516	15.312848
147	0.670037	75000	0.091309	15.404156
148	0.668073	75000	0.091129	15.495285
149	0.666112	75000	0.090967	15.586253
150	0.664155	75000	0.090869	15.677122
151	0.662201	75000	0.090600	15.767722
152	0.660250	75000	0.090457	15.858180
153	0.658303	75000	0.090281	15.948460
154	0.656359	75000	0.090101	16.038561
155	0.654419	75000	0.090004	16.128565
156	0.652483	75000	0.089739	16.218305
157	0.650549	75000	0.089639	16.307944
158	0.648619	75000	0.089479	16.397423
159	0.646693	75000	0.089320	16.486743
160	0.644770	75000	0.089091	16.575835
161	0.642851	75000	0.088968	16.664802
162	0.640934	75000	0.088811	16.753613
163	0.639022	75000	0.088597	16.842210
164	0.637113	75000	0.088365	16.930575
165	0.635207	75000	0.088310	17.018885
166	0.633304	75000	0.088106	17.106991
167	0.631405	75000	0.087954	17.194945
168	0.629510	75000	0.087756	17.282701
169	0.627618	75000	0.087588	17.370288
170	0.625729	75000	0.087472	17.457760
171	0.623844	75000	0.087300	17.545060
172	0.621962	75000	0.087111	17.632171
173	0.620083	75000	0.086887	17.719057
174	0.618208	75000	0.086802	17.805860
175	0.616337	75000	0.086557	17.892416
176	0.614468	75000	0.086377	17.978794
177	0.612604	75000	0.086219	18.065013
178	0.610742	75000	0.086089	18.151102
179	0.608884	75000	0.085897	18.236998
180	0.607029	75000	0.085793	18.322791
181	0.605178	75000	0.085583	18.408374
182	0.603330	75000	0.085460	18.493834
183	0.601486	75000	0.085259	18.579093
184	0.599645	75000	0.085140	18.664233
185	0.597807	75000	0.084921	18.749155
186	0.595973	75000	0.084786	18.833941
187	0.594142	75000	0.084573	18.918514
188	0.592314	75000	0.084449	19.002963
189	0.590490	75000	0.084265	19.087228
190	0.588669	75000	0.084166	19.171394
191	0.586852	75000	0.083928	19.255322
192	0.585038	75000	0.083767	19.339089
193	0.583227	75000	0.083661	19.422750
194	0.581420	75000	0.083364	19.506114
195	0.579616	75000	0.083263	19.589377
196	0.577815	75000	0.083107	19.672484
197	0.576018	75000	0.083003	19.755487
198	0.574224	75000	0.082804	19.838291
199	0.572433	75000	0.082590	19.920881
200	0.570646	75000	0.082450	20.003331
201	0.568862	75000	0.082290	20.085621
202	0.567082	75000	0.082113	20.167734
203	0.565305	75000	0.081918	20.249652
204	0.563531	75000	0.081815	20.331467
205	0.561761	75000	0.081583	20.413050
206	0.559993	75000	0.081473	20.494523
207	0.558230	75000	0.081283	20.575806
208	0.556469	75000	0.081100	20.656905
209	0.554712	75000	0.080920	20.737825
210	0.552958	75000	0.080840	20.818665
211	0.551208	75000	0.080691	20.899356
212	0.549461	75000	0.080489	20.979845
213	0.547717	75000	0.080329	21.060174
214	0.545977	75000	0.080194	21.140368
215	0.544240	75000	0.079967	21.220335
216	0.542506	75000	0.079813	21.300147
217	0.540775	75000	0.079547	21.379694
218	0.539048	75000	0.079420	21.459114
219	0.537324	75000	0.079340	21.538454
220	0.535604	75000	0.079255	21.617709
221	0.533887	75000	0.078994	21.696703
222	0.532173	75000	0.078907	21.775610
223	0.530462	75000	0.078693	21.854303
224	0.528755	75000	0.078491	21.932794
225	0.527051	75000	0.078413	22.011207
226	0.525350	75000	0.078216	22.089423
227	0.523653	75000	0.078099	22.167522
228	0.521958	75000	0.077845	22.245367
229	0.520268	75000	0.077737	22.323104
230	0.518580	75000	0.077528	22.400632
231	0.516896	75000	0.077468	22.478100
232	0.515215	75000	0.077191	22.555290
233	0.513537	75000	0.077074	22.632364
234	0.511863	75000	0.076914	22.709278
235	0.510192	75000	0.076735	22.786014
236	0.508524	75000	0.076615	22.862628
237	0.506859	75000	0.076522	22.939151
238	0.505198	75000	0.076246	23.015397
239	0.503540	75000	0.076059	23.091455
240	0.501885	75000	0.075905	23.167360
241	0.500234	75000	0.075801	23.243161
242	0.498586	75000	0.075689	23.318850
243	0.496941	75000	0.075472	23.394322
244	0.495299	75000	0.075226	23.469548
245	0.493660	75000	0.075118	23.544666
246	0.492025	75000	0.074964	23.619630
247	0.490393	75000	0.074799	23.694430
248	0.488765	75000	0.074691	23.769120
249	0.487139	75000	0.074551	23.843671
250	0.485517	75000	0.074361	23.918032
251	0.483898	75000	0.074188	23.992220
252	0.482283	75000	0.074012	24.066232
253	0.480670	75000	0.073845	24.140077
254	0.479061	75000	0.073658	24.213735
255	0.477455	75000	0.073546	24.287281
256	0.475852	75000	0.073336	24.360617
257	0.474253	75000	0.073135	24.433753
258	0.472656	75000	0.073074	24.506826
259	0.471063	75000	0.072832	24.579658
260	0.469474	75000	0.072730	24.652388
261	0.467887	75000	0.072538	24.724926
262	0.466304	75000	0.072427	24.797353
263	0.464723	75000	0.072312	24.869665
264	0.463146	75000	0.072165	24.941830
265	0.461573	75000	0.071944	25.013774
266	0.460002	75000	0.071772	25.085545
267	0.458435	75000	0.071575	25.157120
268	0.456871	75000	0.071432	25.228552
269	0.455310	75000	0.071346	25.299898
270	0.453752	75000	0.071136	25.371034
271	0.452198	75000	0.070946	25.441980
272	0.450647	75000	0.070910	25.512889
273	0.449098	75000	0.070714	25.583603
274	0.447554	75000	0.070526	25.654129
275	0.446012	75000	0.070317	25.724446
276	0.444473	75000	0.070181	25.794627
277	0.442938	75000	0.070001	25.864628
278	0.441406	75000	0.069893	25.934521
279	0.439877	75000	0.069661	26.004182
280	0.438351	75000	0.069484	26.073667
281	0.436829	75000	0.069345	26.143012
282	0.435309	75000	0.069245	26.212257
283	0.433793	75000	0.069125	26.281382
284	0.432280	75000	0.068920	26.350301
285	0.430770	75000	0.068915	26.419216
286	0.429263	75000	0.068626	26.487842
287	0.427760	75000	0.068440	26.556282
288	0.426259	75000	0.068249	26.624531
289	0.424762	75000	0.068178	26.692709
290	0.423268	75000	0.067998	26.760707
291	0.421777	75000	0.067793	26.828501
292	0.420289	75000	0.067690	26.896190
293	0.418805	75000	0.067557	26.963748
294	0.417323	75000	0.067364	27.031112
295	0.415845	75000	0.067315	27.098427
296	0.414370	75000	0.067065	27.165492
297	0.412898	75000	0.066970	27.232463
298	0.411429	75000	0.066753	27.299216
299	0.409963	75000	0.066630	27.365846
300	0.408501	75000	0.066437	27.432283
301	0.407041	75000	0.066219	27.498503
302	0.405585	75000	0.066132	27.564635
303	0.404132	75000	0.065930	27.630565
304	0.402682	75000	0.065796	27.696362
305	0.401235	75000	0.065718	27.762080
306	0.399791	75000	0.065508	27.827588
307	0.398350	75000	0.065369	27.892957
308	0.396913	75000	0.065193	27.958150
309	0.395478	75000	0.064920	28.023069
310	0.394047	75000	0.064858	28.087927
311	0.392619	75000	0.064730	28.152657
312	0.391194	75000	0.064578	28.217235
313	0.389772	75000	0.064384	28.281619
314	0.388353	75000	0.064292	28.345911
315	0.386937	75000	0.064169	28.410081
316	0.385524	75000	0.063908	28.473989
317	0.384115	75000	0.063825	28.537814
318	0.382708	75000	0.063628	28.601442
319	0.381305	75000	0.063509	28.664951
320	0.379904	75000	0.063369	28.728319
321	0.378507	75000	0.063134	28.791454
322	0.377113	75000	0.063067	28.854521
323	0.375722	75000	0.062909	28.917430
324	0.374334	75000	0.062696	28.980126
325	0.372949	75000	0.062564	29.042690
326	0.371567	75000	0.062332	29.105022
327	0.370189	75000	0.062271	29.167292
328	0.368813	75000	0.062145	29.229437
329	0.367440	75000	0.061967	29.291404
330	0.366071	75000	0.061766	29.353170
331	0.364705	75000	0.061703	29.414874
332	0.363341	75000	0.061511	29.476385
333	0.361981	75000	0.061348	29.537733
334	0.360624	75000	0.061289	29.599022
335	0.359269	75000	0.061045	29.660067
336	0.357918	75000	0.060862	29.720930
337	0.356570	75000	0.060718	29.781647
338	0.355225	75000	0.060586	29.842234
339	0.353883	75000	0.060432	29.902665
340	0.352544	75000	0.060202	29.962867
341	0.351208	75000	0.060137	30.023004
342	0.349875	75000	0.059997	30.083001
343	0.348546	75000	0.059726	30.142727
344	0.347219	75000	0.059619	30.202346
345	0.345895	75000	0.059600	30.261946
346	0.344574	75000	0.059503	30.321449
347	0.343257	75000	0.059226	30.380674
348	0.341942	75000	0.058975	30.439649
349	0.340630	75000	0.058975	30.498624
350	0.339322	75000	0.058749	30.557373
351	0.338016	75000	0.058679	30.616052
352	0.336714	75000	0.058475	30.674528
353	0.335414	75000	0.058331	30.732859
354	0.334118	75000	0.058185	30.791044
355	0.332824	75000	0.058038	30.849082
356	0.331534	75000	0.057937	30.907020
357	0.330246	75000	0.057688	30.964708
358	0.328962	75000	0.057602	31.022310
359	0.327680	75000	0.057415	31.079725
360	0.326401	75000	0.057260	31.136985
361	0.325126	75000	0.057168	31.194153
362	0.323853	75000	0.056871	31.251024
363	0.322584	75000	0.056809	31.307834
364	0.321317	75000	0.056655	31.364488
365	0.320054	75000	0.056515	31.421003
366	0.318793	75000	0.056431	31.477434
367	0.317536	75000	0.056268	31.533702
368	0.316281	75000	0.056090	31.589792
369	0.315030	75000	0.055895	31.645688
370	0.313781	75000	0.055784	31.701472
371	0.312535	75000	0.055568	31.757040
372	0.311293	75000	0.055553	31.812592
373	0.310053	75000	0.055312	31.867904
374	0.308816	75000	0.055137	31.923041
375	0.307582	75000	0.055114	31.978155
376	0.306352	75000	0.054870	32.033025
377	0.305124	75000	0.054734	32.087759
378	0.303899	75000	0.054550	32.142309
379	0.302677	75000	0.054449	32.196758
380	0.301458	75000	0.054172	32.250930
381	0.300242	75000	0.054116	32.305046
382	0.299029	75000	0.053993	32.359040
383	0.297819	75000	0.053776	32.412816
384	0.296611	75000	0.053747	32.466564
385	0.295407	75000	0.053498	32.520062
386	0.294206	75000	0.053352	32.573414
387	0.293007	75000	0.053267	32.626681
388	0.291812	75000	0.053070	32.679751
389	0.290619	75000	0.053028	32.732779
390	0.289430	75000	0.052775	32.785554
391	0.288243	75000	0.052658	32.838212
392	0.287059	75000	0.052448	32.890660
393	0.285879	75000	0.052302	32.942962
394	0.284701	75000	0.052133	32.995095
395	0.283526	75000	0.052093	33.047188
396	0.282354	75000	0.051974	33.099162
397	0.281184	75000	0.051774	33.150936
398	0.280018	75000	0.051681	33.202617
399	0.278855	75000	0.051559	33.254176
400	0.277694	75000	0.051338	33.305514
401	0.276537	75000	0.051197	33.356710
402	0.275382	75000	0.050932	33.407642
403	0.274230	75000	0.051015	33.458657
404	0.273082	75000	0.050696	33.509353
405	0.271936	75000	0.050606	33.559959
406	0.270793	75000	0.050427	33.610386
407	0.269652	75000	0.050210	33.660596
408	0.268515	75000	0.050151	33.710746
409	0.267381	75000	0.050035	33.760782
410	0.266249	75000	0.049833	33.810615
411	0.265121	75000	0.049637	33.860252
412	0.263995	75000	0.049627	33.909879
413	0.262872	75000	0.049420	33.959299
414	0.261752	75000	0.049196	34.008495
415	0.260635	75000	0.049092	34.057587
416	0.259520	75000	0.049014	34.106601
417	0.258409	75000	0.048751	34.155353
418	0.257300	75000	0.048673	34.204026
419	0.256195	75000	0.048547	34.252573
420	0.255092	75000	0.048442	34.301015
421	0.253992	75000	0.048249	34.349264
422	0.252895	75000	0.048115	34.397378
423	0.251800	75000	0.047872	34.445250
424	0.250709	75000	0.047884	34.493134
425	0.249620	75000	0.047654	34.540788
426	0.248534	75000	0.047533	34.588321
427	0.247451	75000	0.047346	34.635667
428	0.246371	75000	0.047273	34.682940
429	0.245294	75000	0.047096	34.730036
430	0.244220	75000	0.046991	34.777027
431	0.243148	75000	0.046919	34.823946
432	0.242079	75000	0.046724	34.870670
433	0.241013	75000	0.046577	34.917247
434	0.239950	75000	0.046349	34.963596
435	0.238890	75000	0.046260	35.009855
436	0.237832	75000	0.046116	35.055971
437	0.236778	75000	0.045927	35.101898
438	0.235726	75000	0.045808	35.147706
439	0.234677	75000	0.045668	35.193374
440	0.233630	75000	0.045518	35.238892
441	0.232587	75000	0.045524	35.284416
442	0.231546	75000	0.045174	35.329590
443	0.230509	75000	0.045118	35.374708
444	0.229473	75000	0.045011	35.419719
445	0.228441	75000	0.044793	35.464512
446	0.227412	75000	0.044664	35.509175
447	0.226385	75000	0.044458	35.553633
448	0.225361	75000	0.044372	35.598005
449	0.224340	75000	0.044185	35.642190
450	0.223322	75000	0.044086	35.686276
451	0.222306	75000	0.044082	35.730358
452	0.221293	75000	0.043768	35.774127
453	0.220283	75000	0.043778	35.817905
454	0.219276	75000	0.043558	35.861462
455	0.218272	75000	0.043349	35.904812
456	0.217270	75000	0.043272	35.948083
457	0.216271	75000	0.043055	35.991138
458	0.215275	75000	0.042914	36.034053
459	0.214281	75000	0.042786	36.076839
460	0.213291	75000	0.042559	36.119398
461	0.212303	75000	0.042543	36.161940
462	0.211318	75000	0.042365	36.204306
463	0.210335	75000	0.042332	36.246637
464	0.209356	75000	0.042112	36.288750
465	0.208379	75000	0.042047	36.330796
466	0.207404	75000	0.041807	36.372604
467	0.206433	75000	0.041703	36.414307
468	0.205464	75000	0.041660	36.455967
469	0.204498	75000	0.041592	36.497559
470	0.203535	75000	0.041358	36.538917
471	0.202575	75000	0.041073	36.579990
472	0.201617	75000	0.041015	36.621006
473	0.200662	75000	0.040852	36.661857
474	0.199709	75000	0.040796	36.702653
475	0.198760	75000	0.040600	36.743253
476	0.197813	75000	0.040414	36.783667
477	0.196869	75000	0.040097	36.823764
478	0.195927	75000	0.040145	36.863908
479	0.194988	75000	0.040002	36.903910
480	0.194052	75000	0.039990	36.943901
481	0.193119	75000	0.039797	36.983698
482	0.192188	75000	0.039694	37.023392
483	0.191260	75000	0.039504	37.062896
484	0.190335	75000	0.039297	37.102193
485	0.189412	75000	0.039104	37.141297
486	0.188492	75000	0.039091	37.180388
487	0.187575	75000	0.038933	37.219321
488	0.186660	75000	0.038761	37.258082
489	0.185749	75000	0.038628	37.296711
490	0.184839	75000	0.038437	37.335148
491	0.183933	75000	0.038354	37.373502
492	0.183029	75000	0.038266	37.411768
493	0.182128	75000	0.038076	37.449843
494	0.181229	75000	0.037842	37.487686
495	0.180333	75000	0.037839	37.525525
496	0.179440	75000	0.037599	37.563124
497	0.178550	75000	0.037632	37.600756
498	0.177662	75000	0.037362	37.638118
499	0.176777	75000	0.037320	37.675437
500	0.175894	75000	0.037018	37.712456
501	0.175014	75000	0.036822	37.749278
502	0.174137	75000	0.036990	37.786268
503	0.173262	75000	0.036667	37.822935
504	0.172390	75000	0.036450	37.859385
505	0.171521	75000	0.036395	37.895780
506	0.170654	75000	0.036265	37.932045
507	0.169790	75000	0.036080	37.968125
508	0.168929	75000	0.036093	38.004218
509	0.168070	75000	0.035865	38.040083
510	0.167214	75000	0.035773	38.075856
511	0.166360	75000	0.035507	38.111364
512	0.165509	75000	0.035537	38.146901
513	0.164661	75000	0.035224	38.182125
514	0.163815	75000	0.035209	38.217334
515	0.162972	75000	0.035060	38.252394
516	0.162132	75000	0.034901	38.287295
517	0.161294	75000	0.034791	38.322086
518	0.160458	75000	0.034454	38.356540
519	0.159626	75000	0.034501	38.391041
520	0.158796	75000	0.034319	38.425360
521	0.157968	75000	0.034141	38.459501
522	0.157143	75000	0.034084	38.493584
523	0.156321	75000	0.033868	38.527452
524	0.155501	75000	0.033747	38.561200
525	0.154684	75000	0.033683	38.594883
526	0.153870	75000	0.033674	38.628557
527	0.153058	75000	0.033350	38.661907
528	0.152248	75000	0.033333	38.695241
529	0.151441	75000	0.033057	38.728298
530	0.150637	75000	0.032994	38.761292
531	0.149835	75000	0.032942	38.794233
532	0.149036	75000	0.032732	38.826966
533	0.148240	75000	0.032540	38.859505
534	0.147446	75000	0.032524	38.892030
535	0.146654	75000	0.032230	38.924260
536	0.145865	75000	0.032123	38.956383
537	0.145079	75000	0.032000	38.988384
538	0.144295	75000	0.031806	39.020190
539	0.143514	75000	0.031795	39.051985
540	0.142735	75000	0.031626	39.083611
541	0.141959	75000	0.031479	39.115090
542	0.141186	75000	0.031381	39.146471
543	0.140415	75000	0.031194	39.177665
544	0.139646	75000	0.031028	39.208693
545	0.138880	75000	0.030897	39.239590
546	0.138116	75000	0.030758	39.270348
547	0.137356	75000	0.030650	39.300998
548	0.136597	75000	0.030478	39.331476
549	0.135841	75000	0.030377	39.361853
550	0.135088	75000	0.030184	39.392036
551	0.134337	75000	0.030086	39.422123
552	0.133588	75000	0.030066	39.452188
553	0.132843	75000	0.029860	39.482048
554	0.132099	75000	0.029677	39.511725
555	0.131358	75000	0.029524	39.541248
556	0.130620	75000	0.029352	39.570600
557	0.129884	75000	0.029394	39.599995
558	0.129151	75000	0.029114	39.629109
559	0.128420	75000	0.029067	39.658176
560	0.127691	75000	0.028969	39.687145
561	0.126965	75000	0.028810	39.715955
562	0.126242	75000	0.028768	39.744723
563	0.125521	75000	0.028574	39.773297
564	0.124802	75000	0.028512	39.801810
565	0.124086	75000	0.028259	39.830068
566	0.123373	75000	0.028169	39.858237
567	0.122662	75000	0.027997	39.886234
568	0.121953	75000	0.027966	39.914200
569	0.121247	75000	0.027658	39.941858
570	0.120543	75000	0.027629	39.969487
571	0.119842	75000	0.027397	39.996884
572	0.119143	75000	0.027191	40.024075
573	0.118447	75000	0.027170	40.051245
574	0.117753	75000	0.027115	40.078359
575	0.117062	75000	0.026725	40.105084
576	0.116373	75000	0.026837	40.131921
577	0.115686	75000	0.026629	40.158551
578	0.115002	75000	0.026580	40.185131
579	0.114320	75000	0.026238	40.211369
580	0.113641	75000	0.026103	40.237472
581	0.112964	75000	0.026162	40.263634
582	0.112290	75000	0.025846	40.289480
583	0.111618	75000	0.025906	40.315386
584	0.110948	75000	0.025571	40.340958
585	0.110281	75000	0.025487	40.366445
586	0.109616	75000	0.025568	40.392013
587	0.108954	75000	0.025315	40.417327
588	0.108294	75000	0.025183	40.442510
589	0.107637	75000	0.025034	40.467544
590	0.106981	75000	0.025018	40.492563
591	0.106329	75000	0.024736	40.517299
592	0.105678	75000	0.024518	40.541817
593	0.105030	75000	0.024581	40.566397
594	0.104385	75000	0.024383	40.590780
595	0.103742	75000	0.024322	40.615102
596	0.103101	75000	0.024164	40.639265
597	0.102463	75000	0.023932	40.663197
598	0.101827	75000	0.023847	40.687044
599	0.101193	75000	0.023664	40.710708
600	0.100562	75000	0.023739	40.734447
601	0.099933	75000	0.023416	40.757862
602	0.099306	75000	0.023310	40.781173
603	0.098682	75000	0.023215	40.804387
604	0.098060	75000	0.022946	40.827333
605	0.097441	75000	0.022917	40.850250
606	0.096824	75000	0.022766	40.873016
607	0.096209	75000	0.022691	40.895707
608	0.095596	75000	0.022450	40.918157
609	0.094986	75000	0.022456	40.940613
610	0.094379	75000	0.022233	40.962846
611	0.093773	75000	0.022140	40.984986
612	0.093170	75000	0.021887	41.006873
613	0.092570	75000	0.022008	41.028881
614	0.091971	75000	0.021796	41.050677
615	0.091375	75000	0.021541	41.072217
616	0.090781	75000	0.021466	41.093683
617	0.090190	75000	0.021280	41.114964
618	0.089601	75000	0.021322	41.136286
619	0.089014	75000	0.021007	41.157293
620	0.088430	75000	0.021060	41.178353
621	0.087848	75000	0.020625	41.198978
622	0.087268	75000	0.020676	41.219654
623	0.086690	75000	0.020577	41.240231
624	0.086115	75000	0.020259	41.260490
625	0.085542	75000	0.020226	41.280716
626	0.084971	75000	0.020226	41.300942
627	0.084403	75000	0.019992	41.320934
628	0.083837	75000	0.019890	41.340824
629	0.083273	75000	0.019703	41.360527
630	0.082712	75000	0.019638	41.380165
631	0.082152	75000	0.019472	41.399637
632	0.081595	75000	0.019309	41.418946
633	0.081041	75000	0.019222	41.438168
634	0.080488	75000	0.019125	41.457293
635	0.079938	75000	0.018951	41.476244
636	0.079390	75000	0.018807	41.495051
637	0.078845	75000	0.018647	41.513699
638	0.078301	75000	0.018483	41.532181
639	0.077760	75000	0.018286	41.550467
640	0.077221	75000	0.018425	41.568893
641	0.076684	75000	0.018034	41.586927
642	0.076150	75000	0.018099	41.605026
643	0.075618	75000	0.017907	41.622933
644	0.075088	75000	0.017689	41.640622
645	0.074560	75000	0.017555	41.658177
646	0.074035	75000	0.017485	41.675662
647	0.073512	75000	0.017332	41.692994
648	0.072991	75000	0.017192	41.710186
649	0.072472	75000	0.016947	41.727133
650	0.071955	75000	0.016941	41.744075
651	0.071441	75000	0.016794	41.760868
652	0.070929	75000	0.016664	41.777532
653	0.070419	75000	0.016430	41.793962
654	0.069911	75000	0.016292	41.810253
655	0.069406	75000	0.016505	41.826759
656	0.068903	75000	0.016161	41.842920
657	0.068401	75000	0.016107	41.859027
658	0.067903	75000	0.016060	41.875088
659	0.067406	75000	0.015688	41.890775
660	0.066911	75000	0.015593	41.906368
661	0.066419	75000	0.015479	41.921847
662	0.065929	75000	0.015245	41.937092
663	0.065441	75000	0.015163	41.952255
664	0.064955	75000	0.014896	41.967151
665	0.064471	75000	0.015054	41.982204
666	0.063990	75000	0.014574	41.996778
667	0.063510	75000	0.014588	42.011366
668	0.063033	75000	0.014516	42.025882
669	0.062558	75000	0.014183	42.040065
670	0.062085	75000	0.014104	42.054169
671	0.061615	75000	0.014216	42.068385
672	0.061146	75000	0.013752	42.082138
673	0.060680	75000	0.013797	42.095935
674	0.060216	75000	0.013907	42.109842
675	0.059753	75000	0.013501	42.123343
676	0.059293	75000	0.013297	42.136640
677	0.058836	75000	0.013214	42.149854
678	0.058380	75000	0.013228	42.163083
679	0.057926	75000	0.012765	42.175847
680	0.057475	75000	0.012741	42.188588
681	0.057025	75000	0.012793	42.201381
682	0.056578	75000	0.012590	42.213972
683	0.056133	75000	0.012487	42.226459
684	0.055690	75000	0.012352	42.238811
685	0.055249	75000	0.012219	42.251030
686	0.054810	75000	0.012211	42.263242
687	0.054373	75000	0.011831	42.275073
688	0.053939	75000	0.011916	42.286989
689	0.053506	75000	0.011465	42.298454
690	0.053076	75000	0.011552	42.310006
691	0.052647	75000	0.011507	42.321513
692	0.052221	75000	0.011300	42.332813
693	0.051797	75000	0.010949	42.343762
694	0.051375	75000	0.010717	42.354479
695	0.050955	75000	0.010870	42.365349
696	0.050537	75000	0.010720	42.376069
697	0.050121	75000	0.010524	42.386593
698	0.049707	75000	0.010127	42.396720
699	0.049295	75000	0.010395	42.407115
700	0.048885	75000	0.010229	42.417344
701	0.048478	75000	0.010019	42.427363
702	0.048072	75000	0.009941	42.437304
703	0.047668	75000	0.009795	42.447098
704	0.047267	75000	0.009653	42.456752
705	0.046867	75000	0.009263	42.466015
706	0.046470	75000	0.009203	42.475218
707	0.046074	75000	0.009169	42.484386
708	0.045681	75000	0.008911	42.493297
709	0.045289	75000	0.008742	42.502039
710	0.044900	75000	0.008619	42.510658
711	0.044512	75000	0.008519	42.519177
712	0.044127	75000	0.008353	42.527530
713	0.043744	75000	0.008084	42.535614
714	0.043362	75000	0.008092	42.543706
715	0.042983	75000	0.007944	42.551650
716	0.042606	75000	0.007650	42.559300
717	0.042230	75000	0.007687	42.566987
718	0.041857	75000	0.007412	42.574398
719	0.041485	75000	0.007244	42.581642
720	0.041116	75000	0.007399	42.589041
721	0.040749	75000	0.007020	42.596062
722	0.040383	75000	0.006982	42.603044
723	0.040020	75000	0.006583	42.609627
724	0.039658	75000	0.006621	42.616248
725	0.039299	75000	0.006538	42.622787
726	0.038941	75000	0.006309	42.629096
727	0.038585	75000	0.006175	42.635271
728	0.038232	75000	0.006003	42.641274
729	0.037880	75000	0.005719	42.646993
730	0.037530	75000	0.005765	42.652758
731	0.037182	75000	0.005538	42.658296
732	0.036836	75000	0.005463	42.663759
733	0.036493	75000	0.005073	42.668832
734	0.036151	75000	0.005252	42.674084
735	0.035810	75000	0.004795	42.678879
736	0.035472	75000	0.004951	42.683830
737	0.035136	75000	0.004782	42.688613
738	0.034802	75000	0.004686	42.693299
739	0.034469	75000	0.004330	42.697629
740	0.034139	75000	0.004225	42.701854
741	0.033810	75000	0.004102	42.705956
742	0.033484	75000	0.003986	42.709941
743	0.033159	75000	0.003647	42.713588
744	0.032836	75000	0.003411	42.716999
745	0.032515	75000	0.003163	42.720162
746	0.032196	75000	0.003184	42.723346
747	0.031879	75000	0.003108	42.726454
748	0.031563	75000	0.002952	42.729406
749	0.031250	75000	0.002517	42.731923
750	0.030938	75000	0.002426	42.734348
751	0.030629	75000	0.002170	42.736518
752	0.030321	75000	0.002140	42.738657
753	0.030015	75000	0.002029	42.740687
754	0.029711	75000	0.001510	42.742197
755	0.029409	75000	0.001788	42.743984
756	0.029108	75000	0.001126	42.745111
757	0.028810	75000	0.001452	42.746563
758	0.028513	75000	0.001378	42.747941
759	0.028218	75000	0.001113	42.749054
760	0.027925	75000	0.000842	42.749896
761	0.027634	75000	0.000441	42.750338
762	0.027345	75000	0.000418	42.750756
763	0.027057	75000	-0.000123	42.750633
764	0.026771	75000	0.000239	42.750872
765	0.026487	75000	-0.000155	42.750717
766	0.026205	75000	-0.000399	42.750318
767	0.025925	75000	-0.000579	42.749740
768	0.025647	75000	-0.000781	42.748959
769	0.025370	75000	-0.000755	42.748203
770	0.025095	75000	-0.001319	42.746884
771	0.024822	75000	-0.001175	42.745709
772	0.024551	75000	-0.001598	42.744111
773	0.024281	75000	-0.001787	42.742324
774	0.024014	75000	-0.001904	42.740420
775	0.023748	75000	-0.002139	42.738281
776	0.023483	75000	-0.002596	42.735685
777	0.023221	75000	-0.002844	42.732841
778	0.022960	75000	-0.002483	42.730358
779	0.022702	75000	-0.002770	42.727588
780	0.022445	75000	-0.003123	42.724465
781	0.022189	75000	-0.003065	42.721400
782	0.021936	75000	-0.003514	42.717886
783	0.021684	75000	-0.003613	42.714273
784	0.021434	75000	-0.004476	42.709797
785	0.021185	75000	-0.004221	42.705577
786	0.020939	75000	-0.004867	42.700710
787	0.020694	75000	-0.005009	42.695701
788	0.020451	75000	-0.004662	42.691039
789	0.020209	75000	-0.005293	42.685746
790	0.019969	75000	-0.005074	42.680672
791	0.019731	75000	-0.005433	42.675239
792	0.019495	75000	-0.005560	42.669679
793	0.019261	75000	-0.006167	42.663513
794	0.019028	75000	-0.006763	42.656750
795	0.018796	75000	-0.006728	42.650022
796	0.018567	75000	-0.006484	42.643538
797	0.018339	75000	-0.007417	42.636121
798	0.018113	75000	-0.007500	42.628620
799	0.017889	75000	-0.007485	42.621135
800	0.017666	75000	-0.007819	42.613317
801	0.017445	75000	-0.008451	42.604866
802	0.017225	75000	-0.008765	42.596101
803	0.017007	75000	-0.008611	42.587491
804	0.016791	75000	-0.009384	42.578106
805	0.016577	75000	-0.009849	42.568258
806	0.016364	75000	-0.009973	42.558285
807	0.016153	75000	-0.010152	42.548132
808	0.015943	75000	-0.010291	42.537841
809	0.015736	75000	-0.010964	42.526877
810	0.015529	75000	-0.010985	42.515892
811	0.015325	75000	-0.011175	42.504717
812	0.015122	75000	-0.011480	42.493238
813	0.014920	75000	-0.011666	42.481572
814	0.014721	75000	-0.011535	42.470037
815	0.014523	75000	-0.013223	42.456814
816	0.014326	75000	-0.013188	42.443627
817	0.014131	75000	-0.012766	42.430861
818	0.013938	75000	-0.013515	42.417346
819	0.013746	75000	-0.014229	42.403117
820	0.013556	75000	-0.014548	42.388569
821	0.013367	75000	-0.014854	42.373715
822	0.013181	75000	-0.015367	42.358348
823	0.012995	75000	-0.016402	42.341946
824	0.012811	75000	-0.016513	42.325434
825	0.012629	75000	-0.016737	42.308697
826	0.012448	75000	-0.018376	42.290321
827	0.012269	75000	-0.018026	42.272294
828	0.012092	75000	-0.018327	42.253967
829	0.011916	75000	-0.018382	42.235585
830	0.011741	75000	-0.019147	42.216438
831	0.011568	75000	-0.020512	42.195926
832	0.011397	75000	-0.020583	42.175343
833	0.011227	75000	-0.021799	42.153544
834	0.011059	75000	-0.024576	42.128968
835	0.010892	75000	-0.021754	42.107214
836	0.010727	75000	-0.023301	42.083913
837	0.010563	75000	-0.023637	42.060276
838	0.010401	75000	-0.025978	42.034298
839	0.010240	75000	-0.025088	42.009211
840	0.010081	75000	-0.025257	41.983953
841	0.009923	75000	-0.026948	41.957005
842	0.009767	75000	-0.028284	41.928721
843	0.009612	75000	-0.030381	41.898340
844	0.009459	75000	-0.028106	41.870234
845	0.009307	75000	-0.029678	41.840557
846	0.009156	75000	-0.031684	41.808873
847	0.009008	75000	-0.034974	41.773899
848	0.008860	75000	-0.031997	41.741902
849	0.008714	75000	-0.033849	41.708053
850	0.008570	75000	-0.039060	41.668993
851	0.008427	75000	-0.036589	41.632404
852	0.008285	75000	-0.036162	41.596242
853	0.008145	75000	-0.037337	41.558905
854	0.008006	75000	-0.039164	41.519740
855	0.007869	75000	-0.039367	41.480374
856	0.007733	75000	-0.042441	41.437932
857	0.007598	75000	-0.044646	41.393286
858	0.007465	75000	-0.043524	41.349762
859	0.007334	75000	-0.045293	41.304469
860	0.007203	75000	-0.048186	41.256283
861	0.007075	75000	-0.049175	41.207108
862	0.006947	75000	-0.051474	41.155634
863	0.006821	75000	-0.052260	41.103374
864	0.006696	75000	-0.053322	41.050052
865	0.006573	75000	-0.055640	40.994412
866	0.006451	75000	-0.058532	40.935880
867	0.006330	75000	-0.056513	40.879366
868	0.006211	75000	-0.059633	40.819734
869	0.006093	75000	-0.064300	40.755433
870	0.005977	75000	-0.062772	40.692661
871	0.005862	75000	-0.065053	40.627608
872	0.005748	75000	-0.067664	40.559944
873	0.005635	75000	-0.069761	40.490183
874	0.005524	75000	-0.070411	40.419773
875	0.005414	75000	-0.070290	40.349483
876	0.005306	75000	-0.073249	40.276234
877	0.005199	75000	-0.074780	40.201455
878	0.005093	75000	-0.077150	40.124304
879	0.004988	75000	-0.078842	40.045462
880	0.004885	75000	-0.079042	39.966420
881	0.004783	75000	-0.082257	39.884163
882	0.004682	75000	-0.083340	39.800823
883	0.004583	75000	-0.083583	39.717239
884	0.004485	75000	-0.086564	39.630675
885	0.004388	75000	-0.087070	39.543605
886	0.004292	75000	-0.088969	39.454636
887	0.004198	75000	-0.089550	39.365085
888	0.004105	75000	-0.090279	39.274806
889	0.004013	75000	-0.093212	39.181594
890	0.003923	75000	-0.092991	39.088604
891	0.003833	75000	-0.094269	38.994335
892	0.003745	75000	-0.093104	38.901231
893	0.003658	75000	-0.095712	38.805518
894	0.003573	75000	-0.095121	38.710397
895	0.003488	75000	-0.095452	38.614945
896	0.003405	75000	-0.096986	38.517959
897	0.003323	75000	-0.097072	38.420887
898	0.003242	75000	-0.097642	38.323245
899	0.003162	75000	-0.098624	38.224621
900	0.003084	75000	-0.097355	38.127266
901	0.003007	75000	-0.096231	38.031035
902	0.002930	75000	-0.097207	37.933828
903	0.002855	75000	-0.097938	37.835891
904	0.002782	75000	-0.096562	37.739328
905	0.002709	75000	-0.097292	37.642036
906	0.002638	75000	-0.095146	37.546891
907	0.002567	75000	-0.095913	37.450978
908	0.002498	75000	-0.096787	37.354191
909	0.002430	75000	-0.095666	37.258525
910	0.002363	75000	-0.095127	37.163398
911	0.002297	75000	-0.095131	37.068267
912	0.002233	75000	-0.093113	36.975154
913	0.002169	75000	-0.093189	36.881965
914	0.002106	75000	-0.092355	36.789609
915	0.002045	75000	-0.092092	36.697518
916	0.001985	75000	-0.091341	36.606177
917	0.001925	75000	-0.090681	36.515496
918	0.001867	75000	-0.088763	36.426733
919	0.001810	75000	-0.087834	36.338898
920	0.001754	75000	-0.087688	36.251211
921	0.001699	75000	-0.085591	36.165619
922	0.001645	75000	-0.084653	36.080966
923	0.001592	75000	-0.084258	35.996708
924	0.001540	75000	-0.081692	35.915015
925	0.001490	75000	-0.081170	35.833846
926	0.001440	75000	-0.079677	35.754168
927	0.001391	75000	-0.079070	35.675098
928	0.001343	75000	-0.078554	35.596544
929	0.001296	75000	-0.076288	35.520256
930	0.001251	75000	-0.074836	35.445420
931	0.001206	75000	-0.073709	35.371710
932	0.001162	75000	-0.072827	35.298884
933	0.001119	75000	-0.071701	35.227182
934	0.001077	75000	-0.069892	35.157290
935	0.001036	75000	-0.068588	35.088702
936	0.000996	75000	-0.067399	35.021303
937	0.000957	75000	-0.065597	34.955706
938	0.000919	75000	-0.064041	34.891664
939	0.000882	75000	-0.063285	34.828379
940	0.000846	75000	-0.061713	34.766666
941	0.000810	75000	-0.060581	34.706085
942	0.000776	75000	-0.058781	34.647304
943	0.000742	75000	-0.057900	34.589404
944	0.000709	75000	-0.056211	34.533193
945	0.000678	75000	-0.054889	34.478304
946	0.000647	75000	-0.053806	34.424498
947	0.000617	75000	-0.052404	34.372094
948	0.000587	75000	-0.050731	34.321363
949	0.000559	75000	-0.049509	34.271855
950	0.000531	75000	-0.048099	34.223756
951	0.000505	75000	-0.046367	34.177389
952	0.000479	75000	-0.045426	34.131963
953	0.000454	75000	-0.043902	34.088061
954	0.000430	75000	-0.042775	34.045286
955	0.000406	75000	-0.041350	34.003936
956	0.000383	75000	-0.040103	33.963834
957	0.000362	75000	-0.038746	33.925088
958	0.000340	75000	-0.037396	33.887691
959	0.000320	75000	-0.036120	33.851571
960	0.000300	75000	-0.034729	33.816842
961	0.000281	75000	-0.033569	33.783273
962	0.000263	75000	-0.032366	33.750907
963	0.000246	75000	-0.031157	33.719751
964	0.000229	75000	-0.029965	33.689786
965	0.000213	75000	-0.028606	33.661180
966	0.000198	75000	-0.027491	33.633690
967	0.000183	75000	-0.026153	33.607537
968	0.000169	75000	-0.025044	33.582493
969	0.000156	75000	-0.023825	33.558667
970	0.000143	75000	-0.022810	33.535857
971	0.000131	75000	-0.021515	33.514342
972	0.000120	75000	-0.020461	33.493882
973	0.000109	75000	-0.019444	33.474438
974	0.000099	75000	-0.018377	33.456061
975	0.000089	75000	-0.017240	33.438820
976	0.000080	75000	-0.016285	33.422535
977	0.000072	75000	-0.015271	33.407264
978	0.000064	75000	-0.014230	33.393035
979	0.000057	75000	-0.013272	33.379763
980	0.000050	75000	-0.012271	33.367492
981	0.000043	75000	-0.011358	33.356134
982	0.000038	75000	-0.010493	33.345641
983	0.000032	75000	-0.009591	33.336051
984	0.000028	75000	-0.008749	33.327302
985	0.000023	75000	-0.007897	33.319405
986	0.000019	75000	-0.007100	33.312304
987	0.000016	75000	-0.006331	33.305973
988	0.000013	75000	-0.005587	33.300386
989	0.000010	75000	-0.004834	33.295552
990	0.000008	75000	-0.004183	33.291369
991	0.000006	75000	-0.003553	33.287816
992	0.000004	75000	-0.002950	33.284866
993	0.000003	75000	-0.002374	33.282492
994	0.000002	75000	-0.001842	33.280650
995	0.000001	75000	-0.001368	33.279282
996	0.000000	75000	-0.000939	33.278343
997	0.000000	75000	-0.000570	33.277773
998	0.000000	75000	-0.000268	33.277505
999	0.000000	75000	-0.000057	33.277448
Log marginal likelihood:	33.277448
