Steppingstone sampler:
        No Stones:                  1000
        Start It:                   10000001
        It Per Stone:               100000
        Sample Freq:                1
        Dist:                       Beta(0.400000,1.000000)
Stone No	Power	N	Stone MLh	Running MLh
0	0.997502	75000	-0.141538	-0.141538
1	0.995007	75000	-0.141317	-0.282856
2	0.992517	75000	-0.141106	-0.423961
3	0.990030	75000	-0.140887	-0.564848
4	0.987547	75000	-0.140671	-0.705519
5	0.985067	75000	-0.140516	-0.846035
6	0.982592	75000	-0.140288	-0.986323
7	0.980120	75000	-0.140103	-1.126426
8	0.977652	75000	-0.139916	-1.266341
9	0.975187	75000	-0.139650	-1.405991
10	0.972726	75000	-0.139518	-1.545509
11	0.970269	75000	-0.139260	-1.684769
12	0.967816	75000	-0.139068	-1.823837
13	0.965367	75000	-0.138865	-1.962701
14	0.962921	75000	-0.138658	-2.101360
15	0.960479	75000	-0.138475	-2.239835
16	0.958040	75000	-0.138249	-2.378084
17	0.955606	75000	-0.137987	-2.516071
18	0.953175	75000	-0.137787	-2.653858
19	0.950747	75000	-0.137608	-2.791466
20	0.948324	75000	-0.137443	-2.928910
21	0.945904	75000	-0.137262	-3.066172
22	0.943488	75000	-0.136972	-3.203144
23	0.941076	75000	-0.136882	-3.340026
24	0.938667	75000	-0.136567	-3.476593
25	0.936262	75000	-0.136381	-3.612973
26	0.933861	75000	-0.136143	-3.749116
27	0.931463	75000	-0.135984	-3.885100
28	0.929069	75000	-0.135859	-4.020959
29	0.926679	75000	-0.135591	-4.156551
30	0.924293	75000	-0.135382	-4.291933
31	0.921910	75000	-0.135206	-4.427139
32	0.919531	75000	-0.134982	-4.562121
33	0.917155	75000	-0.134744	-4.696865
34	0.914783	75000	-0.134518	-4.831382
35	0.912415	75000	-0.134403	-4.965785
36	0.910051	75000	-0.134173	-5.099958
37	0.907690	75000	-0.134030	-5.233988
38	0.905333	75000	-0.133795	-5.367784
39	0.902980	75000	-0.133606	-5.501390
40	0.900630	75000	-0.133382	-5.634772
41	0.898284	75000	-0.133147	-5.767919
42	0.895942	75000	-0.132965	-5.900884
43	0.893603	75000	-0.132779	-6.033664
44	0.891268	75000	-0.132562	-6.166225
45	0.888937	75000	-0.132408	-6.298633
46	0.886609	75000	-0.132202	-6.430835
47	0.884285	75000	-0.131924	-6.562759
48	0.881965	75000	-0.131730	-6.694489
49	0.879648	75000	-0.131597	-6.826086
50	0.877335	75000	-0.131352	-6.957438
51	0.875026	75000	-0.131162	-7.088600
52	0.872720	75000	-0.130970	-7.219570
53	0.870418	75000	-0.130844	-7.350415
54	0.868120	75000	-0.130522	-7.480937
55	0.865825	75000	-0.130371	-7.611308
56	0.863534	75000	-0.130131	-7.741438
57	0.861246	75000	-0.129991	-7.871430
58	0.858962	75000	-0.129798	-8.001227
59	0.856682	75000	-0.129564	-8.130791
60	0.854405	75000	-0.129345	-8.260136
61	0.852132	75000	-0.129090	-8.389226
62	0.849863	75000	-0.128963	-8.518189
63	0.847597	75000	-0.128767	-8.646955
64	0.845335	75000	-0.128623	-8.775578
65	0.843077	75000	-0.128325	-8.903903
66	0.840822	75000	-0.128217	-9.032119
67	0.838571	75000	-0.127960	-9.160079
68	0.836323	75000	-0.127711	-9.287790
69	0.834079	75000	-0.127544	-9.415335
70	0.831839	75000	-0.127388	-9.542723
71	0.829602	75000	-0.127165	-9.669888
72	0.827369	75000	-0.126981	-9.796869
73	0.825140	75000	-0.126775	-9.923644
74	0.822914	75000	-0.126596	-10.050241
75	0.820691	75000	-0.126375	-10.176616
76	0.818473	75000	-0.126204	-10.302820
77	0.816258	75000	-0.125986	-10.428806
78	0.814046	75000	-0.125745	-10.554551
79	0.811838	75000	-0.125572	-10.680123
80	0.809634	75000	-0.125423	-10.805546
81	0.807433	75000	-0.125208	-10.930754
82	0.805236	75000	-0.125009	-11.055763
83	0.803043	75000	-0.124821	-11.180584
84	0.800853	75000	-0.124590	-11.305174
85	0.798667	75000	-0.124421	-11.429594
86	0.796484	75000	-0.124186	-11.553781
87	0.794305	75000	-0.124002	-11.677783
88	0.792129	75000	-0.123821	-11.801603
89	0.789957	75000	-0.123641	-11.925244
90	0.787789	75000	-0.123486	-12.048730
91	0.785624	75000	-0.123207	-12.171936
92	0.783463	75000	-0.123042	-12.294978
93	0.781305	75000	-0.122755	-12.417733
94	0.779151	75000	-0.122616	-12.540349
95	0.777000	75000	-0.122471	-12.662821
96	0.774853	75000	-0.122270	-12.785090
97	0.772710	75000	-0.122023	-12.907114
98	0.770570	75000	-0.121823	-13.028937
99	0.768433	75000	-0.121690	-13.150627
100	0.766301	75000	-0.121458	-13.272085
101	0.764172	75000	-0.121285	-13.393370
102	0.762046	75000	-0.121080	-13.514450
103	0.759924	75000	-0.120842	-13.635292
104	0.757805	75000	-0.120665	-13.755956
105	0.755690	75000	-0.120551	-13.876507
106	0.753579	75000	-0.120324	-13.996831
107	0.751471	75000	-0.120107	-14.116939
108	0.749366	75000	-0.119926	-14.236865
109	0.747266	75000	-0.119684	-14.356549
110	0.745168	75000	-0.119554	-14.476103
111	0.743075	75000	-0.119298	-14.595401
112	0.740984	75000	-0.119075	-14.714476
113	0.738898	75000	-0.118952	-14.833428
114	0.736815	75000	-0.118763	-14.952191
115	0.734735	75000	-0.118634	-15.070825
116	0.732659	75000	-0.118413	-15.189238
117	0.730586	75000	-0.118229	-15.307468
118	0.728517	75000	-0.117962	-15.425430
119	0.726452	75000	-0.117883	-15.543313
120	0.724390	75000	-0.117609	-15.660922
121	0.722331	75000	-0.117366	-15.778288
122	0.720276	75000	-0.117250	-15.895538
123	0.718225	75000	-0.117106	-16.012644
124	0.716177	75000	-0.116827	-16.129470
125	0.714132	75000	-0.116671	-16.246141
126	0.712091	75000	-0.116467	-16.362608
127	0.710054	75000	-0.116306	-16.478914
128	0.708020	75000	-0.116062	-16.594976
129	0.705989	75000	-0.115958	-16.710934
130	0.703962	75000	-0.115682	-16.826617
131	0.701939	75000	-0.115489	-16.942106
132	0.699919	75000	-0.115297	-17.057403
133	0.697902	75000	-0.115143	-17.172546
134	0.695889	75000	-0.114892	-17.287438
135	0.693880	75000	-0.114772	-17.402210
136	0.691874	75000	-0.114593	-17.516803
137	0.689871	75000	-0.114345	-17.631148
138	0.687872	75000	-0.114181	-17.745328
139	0.685877	75000	-0.113939	-17.859267
140	0.683885	75000	-0.113752	-17.973019
141	0.681896	75000	-0.113599	-18.086618
142	0.679911	75000	-0.113404	-18.200023
143	0.677929	75000	-0.113258	-18.313280
144	0.675951	75000	-0.113008	-18.426289
145	0.673976	75000	-0.112824	-18.539113
146	0.672005	75000	-0.112742	-18.651855
147	0.670037	75000	-0.112490	-18.764345
148	0.668073	75000	-0.112276	-18.876621
149	0.666112	75000	-0.112093	-18.988714
150	0.664155	75000	-0.111939	-19.100653
151	0.662201	75000	-0.111701	-19.212354
152	0.660250	75000	-0.111486	-19.323839
153	0.658303	75000	-0.111291	-19.435130
154	0.656359	75000	-0.111148	-19.546278
155	0.654419	75000	-0.110953	-19.657231
156	0.652483	75000	-0.110789	-19.768020
157	0.650549	75000	-0.110535	-19.878556
158	0.648619	75000	-0.110374	-19.988929
159	0.646693	75000	-0.110206	-20.099135
160	0.644770	75000	-0.110055	-20.209190
161	0.642851	75000	-0.109848	-20.319038
162	0.640934	75000	-0.109571	-20.428609
163	0.639022	75000	-0.109476	-20.538085
164	0.637113	75000	-0.109284	-20.647369
165	0.635207	75000	-0.109054	-20.756423
166	0.633304	75000	-0.108931	-20.865354
167	0.631405	75000	-0.108741	-20.974096
168	0.629510	75000	-0.108512	-21.082608
169	0.627618	75000	-0.108334	-21.190942
170	0.625729	75000	-0.108099	-21.299041
171	0.623844	75000	-0.107933	-21.406974
172	0.621962	75000	-0.107796	-21.514770
173	0.620083	75000	-0.107577	-21.622347
174	0.618208	75000	-0.107410	-21.729757
175	0.616337	75000	-0.107291	-21.837048
176	0.614468	75000	-0.106957	-21.944005
177	0.612604	75000	-0.106920	-22.050925
178	0.610742	75000	-0.106616	-22.157541
179	0.608884	75000	-0.106452	-22.263993
180	0.607029	75000	-0.106231	-22.370224
181	0.605178	75000	-0.106060	-22.476284
182	0.603330	75000	-0.105947	-22.582231
183	0.601486	75000	-0.105765	-22.687996
184	0.599645	75000	-0.105545	-22.793541
185	0.597807	75000	-0.105425	-22.898966
186	0.595973	75000	-0.105206	-23.004172
187	0.594142	75000	-0.104970	-23.109141
188	0.592314	75000	-0.104803	-23.213944
189	0.590490	75000	-0.104653	-23.318597
190	0.588669	75000	-0.104526	-23.423123
191	0.586852	75000	-0.104238	-23.527361
192	0.585038	75000	-0.104132	-23.631493
193	0.583227	75000	-0.103983	-23.735475
194	0.581420	75000	-0.103750	-23.839226
195	0.579616	75000	-0.103503	-23.942729
196	0.577815	75000	-0.103333	-24.046061
197	0.576018	75000	-0.103158	-24.149219
198	0.574224	75000	-0.103045	-24.252264
199	0.572433	75000	-0.102761	-24.355025
200	0.570646	75000	-0.102553	-24.457578
201	0.568862	75000	-0.102438	-24.560016
202	0.567082	75000	-0.102252	-24.662268
203	0.565305	75000	-0.101982	-24.764250
204	0.563531	75000	-0.101875	-24.866126
205	0.561761	75000	-0.101691	-24.967816
206	0.559993	75000	-0.101555	-25.069371
207	0.558230	75000	-0.101374	-25.170745
208	0.556469	75000	-0.101135	-25.271880
209	0.554712	75000	-0.100942	-25.372821
210	0.552958	75000	-0.100764	-25.473585
211	0.551208	75000	-0.100612	-25.574198
212	0.549461	75000	-0.100438	-25.674636
213	0.547717	75000	-0.100217	-25.774852
214	0.545977	75000	-0.100077	-25.874929
215	0.544240	75000	-0.099888	-25.974817
216	0.542506	75000	-0.099679	-26.074496
217	0.540775	75000	-0.099551	-26.174047
218	0.539048	75000	-0.099372	-26.273419
219	0.537324	75000	-0.099110	-26.372530
220	0.535604	75000	-0.098926	-26.471455
221	0.533887	75000	-0.098801	-26.570256
222	0.532173	75000	-0.098554	-26.668810
223	0.530462	75000	-0.098437	-26.767247
224	0.528755	75000	-0.098311	-26.865558
225	0.527051	75000	-0.098172	-26.963731
226	0.525350	75000	-0.097873	-27.061604
227	0.523653	75000	-0.097751	-27.159355
228	0.521958	75000	-0.097569	-27.256924
229	0.520268	75000	-0.097338	-27.354262
230	0.518580	75000	-0.097169	-27.451431
231	0.516896	75000	-0.096936	-27.548367
232	0.515215	75000	-0.096783	-27.645150
233	0.513537	75000	-0.096607	-27.741756
234	0.511863	75000	-0.096480	-27.838236
235	0.510192	75000	-0.096314	-27.934550
236	0.508524	75000	-0.096165	-28.030715
237	0.506859	75000	-0.095879	-28.126594
238	0.505198	75000	-0.095798	-28.222393
239	0.503540	75000	-0.095620	-28.318013
240	0.501885	75000	-0.095518	-28.413531
241	0.500234	75000	-0.095260	-28.508791
242	0.498586	75000	-0.095005	-28.603795
243	0.496941	75000	-0.094847	-28.698642
244	0.495299	75000	-0.094693	-28.793335
245	0.493660	75000	-0.094514	-28.887849
246	0.492025	75000	-0.094391	-28.982240
247	0.490393	75000	-0.094196	-29.076436
248	0.488765	75000	-0.094046	-29.170482
249	0.487139	75000	-0.093777	-29.264259
250	0.485517	75000	-0.093636	-29.357895
251	0.483898	75000	-0.093486	-29.451381
252	0.482283	75000	-0.093269	-29.544651
253	0.480670	75000	-0.093063	-29.637714
254	0.479061	75000	-0.092969	-29.730683
255	0.477455	75000	-0.092758	-29.823441
256	0.475852	75000	-0.092640	-29.916081
257	0.474253	75000	-0.092406	-30.008486
258	0.472656	75000	-0.092185	-30.100671
259	0.471063	75000	-0.092071	-30.192742
260	0.469474	75000	-0.091844	-30.284586
261	0.467887	75000	-0.091797	-30.376383
262	0.466304	75000	-0.091548	-30.467931
263	0.464723	75000	-0.091445	-30.559376
264	0.463146	75000	-0.091189	-30.650564
265	0.461573	75000	-0.090970	-30.741534
266	0.460002	75000	-0.090850	-30.832384
267	0.458435	75000	-0.090743	-30.923127
268	0.456871	75000	-0.090537	-31.013664
269	0.455310	75000	-0.090336	-31.104001
270	0.453752	75000	-0.090133	-31.194134
271	0.452198	75000	-0.090028	-31.284161
272	0.450647	75000	-0.089821	-31.373982
273	0.449098	75000	-0.089618	-31.463600
274	0.447554	75000	-0.089474	-31.553075
275	0.446012	75000	-0.089308	-31.642382
276	0.444473	75000	-0.089129	-31.731512
277	0.442938	75000	-0.088916	-31.820428
278	0.441406	75000	-0.088793	-31.909221
279	0.439877	75000	-0.088618	-31.997839
280	0.438351	75000	-0.088462	-32.086301
281	0.436829	75000	-0.088154	-32.174456
282	0.435309	75000	-0.088141	-32.262596
283	0.433793	75000	-0.087901	-32.350497
284	0.432280	75000	-0.087824	-32.438321
285	0.430770	75000	-0.087529	-32.525850
286	0.429263	75000	-0.087464	-32.613313
287	0.427760	75000	-0.087219	-32.700533
288	0.426259	75000	-0.087014	-32.787546
289	0.424762	75000	-0.086865	-32.874411
290	0.423268	75000	-0.086704	-32.961115
291	0.421777	75000	-0.086550	-33.047665
292	0.420289	75000	-0.086402	-33.134067
293	0.418805	75000	-0.086260	-33.220327
294	0.417323	75000	-0.086071	-33.306398
295	0.415845	75000	-0.085845	-33.392242
296	0.414370	75000	-0.085734	-33.477977
297	0.412898	75000	-0.085567	-33.563544
298	0.411429	75000	-0.085356	-33.648900
299	0.409963	75000	-0.085135	-33.734035
300	0.408501	75000	-0.085047	-33.819082
301	0.407041	75000	-0.084785	-33.903867
302	0.405585	75000	-0.084717	-33.988584
303	0.404132	75000	-0.084544	-34.073128
304	0.402682	75000	-0.084277	-34.157405
305	0.401235	75000	-0.084140	-34.241545
306	0.399791	75000	-0.083983	-34.325528
307	0.398350	75000	-0.083909	-34.409437
308	0.396913	75000	-0.083712	-34.493148
309	0.395478	75000	-0.083599	-34.576747
310	0.394047	75000	-0.083394	-34.660141
311	0.392619	75000	-0.083174	-34.743315
312	0.391194	75000	-0.082974	-34.826289
313	0.389772	75000	-0.082862	-34.909151
314	0.388353	75000	-0.082697	-34.991848
315	0.386937	75000	-0.082511	-35.074359
316	0.385524	75000	-0.082291	-35.156650
317	0.384115	75000	-0.082131	-35.238781
318	0.382708	75000	-0.081938	-35.320719
319	0.381305	75000	-0.081783	-35.402502
320	0.379904	75000	-0.081608	-35.484110
321	0.378507	75000	-0.081512	-35.565623
322	0.377113	75000	-0.081296	-35.646918
323	0.375722	75000	-0.081220	-35.728139
324	0.374334	75000	-0.081001	-35.809140
325	0.372949	75000	-0.080811	-35.889951
326	0.371567	75000	-0.080592	-35.970543
327	0.370189	75000	-0.080525	-36.051068
328	0.368813	75000	-0.080291	-36.131359
329	0.367440	75000	-0.080183	-36.211542
330	0.366071	75000	-0.080119	-36.291660
331	0.364705	75000	-0.079902	-36.371562
332	0.363341	75000	-0.079763	-36.451326
333	0.361981	75000	-0.079551	-36.530876
334	0.360624	75000	-0.079371	-36.610247
335	0.359269	75000	-0.079126	-36.689373
336	0.357918	75000	-0.079035	-36.768408
337	0.356570	75000	-0.078742	-36.847150
338	0.355225	75000	-0.078669	-36.925820
339	0.353883	75000	-0.078588	-37.004408
340	0.352544	75000	-0.078388	-37.082796
341	0.351208	75000	-0.078208	-37.161004
342	0.349875	75000	-0.078009	-37.239014
343	0.348546	75000	-0.077838	-37.316851
344	0.347219	75000	-0.077693	-37.394544
345	0.345895	75000	-0.077513	-37.472057
346	0.344574	75000	-0.077439	-37.549496
347	0.343257	75000	-0.077181	-37.626678
348	0.341942	75000	-0.077138	-37.703815
349	0.340630	75000	-0.076880	-37.780696
350	0.339322	75000	-0.076690	-37.857386
351	0.338016	75000	-0.076662	-37.934048
352	0.336714	75000	-0.076439	-38.010487
353	0.335414	75000	-0.076205	-38.086691
354	0.334118	75000	-0.076045	-38.162737
355	0.332824	75000	-0.075863	-38.238599
356	0.331534	75000	-0.075722	-38.314321
357	0.330246	75000	-0.075647	-38.389969
358	0.328962	75000	-0.075470	-38.465439
359	0.327680	75000	-0.075317	-38.540755
360	0.326401	75000	-0.075120	-38.615875
361	0.325126	75000	-0.075074	-38.690949
362	0.323853	75000	-0.074799	-38.765748
363	0.322584	75000	-0.074604	-38.840352
364	0.321317	75000	-0.074507	-38.914859
365	0.320054	75000	-0.074308	-38.989167
366	0.318793	75000	-0.074190	-39.063357
367	0.317536	75000	-0.074041	-39.137399
368	0.316281	75000	-0.073741	-39.211139
369	0.315030	75000	-0.073683	-39.284822
370	0.313781	75000	-0.073578	-39.358400
371	0.312535	75000	-0.073309	-39.431709
372	0.311293	75000	-0.073307	-39.505016
373	0.310053	75000	-0.073102	-39.578118
374	0.308816	75000	-0.072903	-39.651021
375	0.307582	75000	-0.072777	-39.723798
376	0.306352	75000	-0.072603	-39.796401
377	0.305124	75000	-0.072405	-39.868806
378	0.303899	75000	-0.072385	-39.941191
379	0.302677	75000	-0.072090	-40.013282
380	0.301458	75000	-0.072002	-40.085284
381	0.300242	75000	-0.071851	-40.157134
382	0.299029	75000	-0.071618	-40.228753
383	0.297819	75000	-0.071483	-40.300235
384	0.296611	75000	-0.071293	-40.371528
385	0.295407	75000	-0.071085	-40.442613
386	0.294206	75000	-0.071010	-40.513623
387	0.293007	75000	-0.070895	-40.584519
388	0.291812	75000	-0.070702	-40.655220
389	0.290619	75000	-0.070554	-40.725774
390	0.289430	75000	-0.070391	-40.796165
391	0.288243	75000	-0.070301	-40.866466
392	0.287059	75000	-0.070109	-40.936575
393	0.285879	75000	-0.069920	-41.006494
394	0.284701	75000	-0.069780	-41.076274
395	0.283526	75000	-0.069727	-41.146002
396	0.282354	75000	-0.069464	-41.215466
397	0.281184	75000	-0.069205	-41.284671
398	0.280018	75000	-0.069228	-41.353899
399	0.278855	75000	-0.069031	-41.422929
400	0.277694	75000	-0.068801	-41.491731
401	0.276537	75000	-0.068744	-41.560475
402	0.275382	75000	-0.068434	-41.628909
403	0.274230	75000	-0.068419	-41.697328
404	0.273082	75000	-0.068305	-41.765633
405	0.271936	75000	-0.068152	-41.833785
406	0.270793	75000	-0.067890	-41.901675
407	0.269652	75000	-0.067859	-41.969534
408	0.268515	75000	-0.067599	-42.037134
409	0.267381	75000	-0.067511	-42.104645
410	0.266249	75000	-0.067283	-42.171927
411	0.265121	75000	-0.067218	-42.239145
412	0.263995	75000	-0.067004	-42.306149
413	0.262872	75000	-0.066828	-42.372977
414	0.261752	75000	-0.066645	-42.439622
415	0.260635	75000	-0.066547	-42.506169
416	0.259520	75000	-0.066499	-42.572668
417	0.258409	75000	-0.066325	-42.638993
418	0.257300	75000	-0.066078	-42.705072
419	0.256195	75000	-0.065835	-42.770906
420	0.255092	75000	-0.065877	-42.836784
421	0.253992	75000	-0.065655	-42.902438
422	0.252895	75000	-0.065516	-42.967955
423	0.251800	75000	-0.065263	-43.033217
424	0.250709	75000	-0.065161	-43.098379
425	0.249620	75000	-0.064956	-43.163335
426	0.248534	75000	-0.064788	-43.228123
427	0.247451	75000	-0.064731	-43.292853
428	0.246371	75000	-0.064674	-43.357528
429	0.245294	75000	-0.064351	-43.421878
430	0.244220	75000	-0.064277	-43.486155
431	0.243148	75000	-0.064106	-43.550261
432	0.242079	75000	-0.063997	-43.614258
433	0.241013	75000	-0.063824	-43.678082
434	0.239950	75000	-0.063663	-43.741745
435	0.238890	75000	-0.063497	-43.805242
436	0.237832	75000	-0.063316	-43.868558
437	0.236778	75000	-0.063278	-43.931836
438	0.235726	75000	-0.062971	-43.994807
439	0.234677	75000	-0.062898	-44.057704
440	0.233630	75000	-0.062776	-44.120480
441	0.232587	75000	-0.062674	-44.183154
442	0.231546	75000	-0.062426	-44.245580
443	0.230509	75000	-0.062391	-44.307971
444	0.229473	75000	-0.062337	-44.370308
445	0.228441	75000	-0.062074	-44.432381
446	0.227412	75000	-0.061887	-44.494268
447	0.226385	75000	-0.061782	-44.556050
448	0.225361	75000	-0.061759	-44.617809
449	0.224340	75000	-0.061516	-44.679325
450	0.223322	75000	-0.061326	-44.740650
451	0.222306	75000	-0.061201	-44.801852
452	0.221293	75000	-0.061003	-44.862854
453	0.220283	75000	-0.060979	-44.923833
454	0.219276	75000	-0.060667	-44.984500
455	0.218272	75000	-0.060571	-45.045071
456	0.217270	75000	-0.060607	-45.105678
457	0.216271	75000	-0.060335	-45.166013
458	0.215275	75000	-0.060318	-45.226331
459	0.214281	75000	-0.060146	-45.286477
460	0.213291	75000	-0.059849	-45.346326
461	0.212303	75000	-0.059748	-45.406074
462	0.211318	75000	-0.059532	-45.465606
463	0.210335	75000	-0.059301	-45.524907
464	0.209356	75000	-0.059216	-45.584123
465	0.208379	75000	-0.059194	-45.643317
466	0.207404	75000	-0.059132	-45.702449
467	0.206433	75000	-0.058832	-45.761281
468	0.205464	75000	-0.058732	-45.820012
469	0.204498	75000	-0.058667	-45.878680
470	0.203535	75000	-0.058494	-45.937174
471	0.202575	75000	-0.058420	-45.995593
472	0.201617	75000	-0.058272	-46.053865
473	0.200662	75000	-0.058010	-46.111875
474	0.199709	75000	-0.057878	-46.169753
475	0.198760	75000	-0.057724	-46.227477
476	0.197813	75000	-0.057637	-46.285115
477	0.196869	75000	-0.057581	-46.342696
478	0.195927	75000	-0.057326	-46.400022
479	0.194988	75000	-0.057186	-46.457208
480	0.194052	75000	-0.056938	-46.514146
481	0.193119	75000	-0.056952	-46.571098
482	0.192188	75000	-0.056708	-46.627806
483	0.191260	75000	-0.056685	-46.684491
484	0.190335	75000	-0.056438	-46.740930
485	0.189412	75000	-0.056328	-46.797258
486	0.188492	75000	-0.056222	-46.853480
487	0.187575	75000	-0.056176	-46.909655
488	0.186660	75000	-0.055924	-46.965580
489	0.185749	75000	-0.055961	-47.021540
490	0.184839	75000	-0.055736	-47.077276
491	0.183933	75000	-0.055503	-47.132779
492	0.183029	75000	-0.055395	-47.188175
493	0.182128	75000	-0.055189	-47.243363
494	0.181229	75000	-0.055167	-47.298530
495	0.180333	75000	-0.055021	-47.353552
496	0.179440	75000	-0.054936	-47.408488
497	0.178550	75000	-0.054683	-47.463171
498	0.177662	75000	-0.054682	-47.517853
499	0.176777	75000	-0.054511	-47.572364
500	0.175894	75000	-0.054327	-47.626691
501	0.175014	75000	-0.054121	-47.680812
502	0.174137	75000	-0.054055	-47.734867
503	0.173262	75000	-0.053827	-47.788694
504	0.172390	75000	-0.053854	-47.842549
505	0.171521	75000	-0.053608	-47.896157
506	0.170654	75000	-0.053545	-47.949702
507	0.169790	75000	-0.053337	-48.003039
508	0.168929	75000	-0.053073	-48.056112
509	0.168070	75000	-0.053120	-48.109232
510	0.167214	75000	-0.052974	-48.162206
511	0.166360	75000	-0.052848	-48.215055
512	0.165509	75000	-0.052560	-48.267615
513	0.164661	75000	-0.052612	-48.320227
514	0.163815	75000	-0.052512	-48.372739
515	0.162972	75000	-0.052218	-48.424957
516	0.162132	75000	-0.052120	-48.477077
517	0.161294	75000	-0.051981	-48.529057
518	0.160458	75000	-0.051803	-48.580860
519	0.159626	75000	-0.051702	-48.632562
520	0.158796	75000	-0.051619	-48.684181
521	0.157968	75000	-0.051482	-48.735663
522	0.157143	75000	-0.051374	-48.787037
523	0.156321	75000	-0.051255	-48.838292
524	0.155501	75000	-0.051143	-48.889435
525	0.154684	75000	-0.050899	-48.940334
526	0.153870	75000	-0.050741	-48.991074
527	0.153058	75000	-0.050807	-49.041881
528	0.152248	75000	-0.050582	-49.092463
529	0.151441	75000	-0.050461	-49.142924
530	0.150637	75000	-0.050305	-49.193230
531	0.149835	75000	-0.050227	-49.243456
532	0.149036	75000	-0.050082	-49.293538
533	0.148240	75000	-0.050033	-49.343572
534	0.147446	75000	-0.049786	-49.393357
535	0.146654	75000	-0.049825	-49.443183
536	0.145865	75000	-0.049558	-49.492741
537	0.145079	75000	-0.049407	-49.542148
538	0.144295	75000	-0.049282	-49.591430
539	0.143514	75000	-0.049244	-49.640673
540	0.142735	75000	-0.048873	-49.689547
541	0.141959	75000	-0.048893	-49.738440
542	0.141186	75000	-0.048689	-49.787129
543	0.140415	75000	-0.048557	-49.835686
544	0.139646	75000	-0.048649	-49.884335
545	0.138880	75000	-0.048379	-49.932714
546	0.138116	75000	-0.048286	-49.981000
547	0.137356	75000	-0.048152	-50.029152
548	0.136597	75000	-0.047996	-50.077148
549	0.135841	75000	-0.047748	-50.124896
550	0.135088	75000	-0.047735	-50.172631
551	0.134337	75000	-0.047683	-50.220314
552	0.133588	75000	-0.047364	-50.267678
553	0.132843	75000	-0.047446	-50.315124
554	0.132099	75000	-0.047281	-50.362405
555	0.131358	75000	-0.047156	-50.409561
556	0.130620	75000	-0.047063	-50.456624
557	0.129884	75000	-0.046954	-50.503578
558	0.129151	75000	-0.046737	-50.550315
559	0.128420	75000	-0.046566	-50.596881
560	0.127691	75000	-0.046406	-50.643287
561	0.126965	75000	-0.046524	-50.689811
562	0.126242	75000	-0.046209	-50.736020
563	0.125521	75000	-0.046248	-50.782267
564	0.124802	75000	-0.045999	-50.828267
565	0.124086	75000	-0.045934	-50.874200
566	0.123373	75000	-0.045821	-50.920022
567	0.122662	75000	-0.045643	-50.965665
568	0.121953	75000	-0.045571	-51.011236
569	0.121247	75000	-0.045530	-51.056765
570	0.120543	75000	-0.045270	-51.102036
571	0.119842	75000	-0.045194	-51.147229
572	0.119143	75000	-0.045056	-51.192285
573	0.118447	75000	-0.044982	-51.237267
574	0.117753	75000	-0.044861	-51.282129
575	0.117062	75000	-0.044675	-51.326804
576	0.116373	75000	-0.044467	-51.371271
577	0.115686	75000	-0.044446	-51.415717
578	0.115002	75000	-0.044294	-51.460010
579	0.114320	75000	-0.044268	-51.504278
580	0.113641	75000	-0.044137	-51.548415
581	0.112964	75000	-0.044014	-51.592429
582	0.112290	75000	-0.043856	-51.636285
583	0.111618	75000	-0.043759	-51.680044
584	0.110948	75000	-0.043682	-51.723726
585	0.110281	75000	-0.043365	-51.767092
586	0.109616	75000	-0.043426	-51.810517
587	0.108954	75000	-0.043339	-51.853857
588	0.108294	75000	-0.043105	-51.896962
589	0.107637	75000	-0.043110	-51.940072
590	0.106981	75000	-0.042826	-51.982898
591	0.106329	75000	-0.042753	-52.025651
592	0.105678	75000	-0.042754	-52.068405
593	0.105030	75000	-0.042516	-52.110921
594	0.104385	75000	-0.042546	-52.153468
595	0.103742	75000	-0.042599	-52.196067
596	0.103101	75000	-0.042288	-52.238354
597	0.102463	75000	-0.042015	-52.280369
598	0.101827	75000	-0.042119	-52.322488
599	0.101193	75000	-0.042002	-52.364490
600	0.100562	75000	-0.041754	-52.406244
601	0.099933	75000	-0.041738	-52.447982
602	0.099306	75000	-0.041704	-52.489685
603	0.098682	75000	-0.041498	-52.531184
604	0.098060	75000	-0.041480	-52.572664
605	0.097441	75000	-0.041271	-52.613935
606	0.096824	75000	-0.041109	-52.655044
607	0.096209	75000	-0.041065	-52.696109
608	0.095596	75000	-0.040919	-52.737028
609	0.094986	75000	-0.040612	-52.777640
610	0.094379	75000	-0.040569	-52.818210
611	0.093773	75000	-0.040501	-52.858710
612	0.093170	75000	-0.040349	-52.899060
613	0.092570	75000	-0.040325	-52.939384
614	0.091971	75000	-0.040288	-52.979673
615	0.091375	75000	-0.040243	-53.019915
616	0.090781	75000	-0.040131	-53.060047
617	0.090190	75000	-0.039897	-53.099944
618	0.089601	75000	-0.039877	-53.139821
619	0.089014	75000	-0.039722	-53.179544
620	0.088430	75000	-0.039724	-53.219268
621	0.087848	75000	-0.039582	-53.258850
622	0.087268	75000	-0.039356	-53.298205
623	0.086690	75000	-0.039220	-53.337426
624	0.086115	75000	-0.039159	-53.376585
625	0.085542	75000	-0.039173	-53.415758
626	0.084971	75000	-0.038934	-53.454692
627	0.084403	75000	-0.038952	-53.493644
628	0.083837	75000	-0.038853	-53.532496
629	0.083273	75000	-0.038583	-53.571080
630	0.082712	75000	-0.038513	-53.609593
631	0.082152	75000	-0.038596	-53.648189
632	0.081595	75000	-0.038285	-53.686474
633	0.081041	75000	-0.038357	-53.724831
634	0.080488	75000	-0.038040	-53.762871
635	0.079938	75000	-0.037997	-53.800868
636	0.079390	75000	-0.037966	-53.838834
637	0.078845	75000	-0.037921	-53.876755
638	0.078301	75000	-0.037836	-53.914591
639	0.077760	75000	-0.037514	-53.952105
640	0.077221	75000	-0.037715	-53.989820
641	0.076684	75000	-0.037345	-54.027165
642	0.076150	75000	-0.037353	-54.064518
643	0.075618	75000	-0.037135	-54.101653
644	0.075088	75000	-0.037293	-54.138946
645	0.074560	75000	-0.037337	-54.176283
646	0.074035	75000	-0.036857	-54.213140
647	0.073512	75000	-0.036886	-54.250026
648	0.072991	75000	-0.036939	-54.286965
649	0.072472	75000	-0.036495	-54.323460
650	0.071955	75000	-0.036526	-54.359986
651	0.071441	75000	-0.036529	-54.396515
652	0.070929	75000	-0.036091	-54.432606
653	0.070419	75000	-0.036220	-54.468825
654	0.069911	75000	-0.036039	-54.504864
655	0.069406	75000	-0.036130	-54.540995
656	0.068903	75000	-0.035842	-54.576837
657	0.068401	75000	-0.035753	-54.612590
658	0.067903	75000	-0.035717	-54.648307
659	0.067406	75000	-0.035682	-54.683989
660	0.066911	75000	-0.035787	-54.719777
661	0.066419	75000	-0.035430	-54.755207
662	0.065929	75000	-0.035342	-54.790549
663	0.065441	75000	-0.035335	-54.825884
664	0.064955	75000	-0.035302	-54.861186
665	0.064471	75000	-0.035199	-54.896385
666	0.063990	75000	-0.035201	-54.931586
667	0.063510	75000	-0.034937	-54.966523
668	0.063033	75000	-0.034918	-55.001440
669	0.062558	75000	-0.034848	-55.036288
670	0.062085	75000	-0.034648	-55.070936
671	0.061615	75000	-0.034751	-55.105687
672	0.061146	75000	-0.034350	-55.140037
673	0.060680	75000	-0.034345	-55.174381
674	0.060216	75000	-0.034352	-55.208733
675	0.059753	75000	-0.034384	-55.243118
676	0.059293	75000	-0.034147	-55.277264
677	0.058836	75000	-0.034094	-55.311358
678	0.058380	75000	-0.034086	-55.345444
679	0.057926	75000	-0.033967	-55.379412
680	0.057475	75000	-0.033811	-55.413223
681	0.057025	75000	-0.033778	-55.447000
682	0.056578	75000	-0.033729	-55.480730
683	0.056133	75000	-0.033644	-55.514374
684	0.055690	75000	-0.033185	-55.547558
685	0.055249	75000	-0.033561	-55.581120
686	0.054810	75000	-0.033304	-55.614424
687	0.054373	75000	-0.033217	-55.647642
688	0.053939	75000	-0.033344	-55.680986
689	0.053506	75000	-0.033240	-55.714226
690	0.053076	75000	-0.033063	-55.747289
691	0.052647	75000	-0.033092	-55.780381
692	0.052221	75000	-0.032828	-55.813209
693	0.051797	75000	-0.032896	-55.846105
694	0.051375	75000	-0.032633	-55.878738
695	0.050955	75000	-0.032864	-55.911602
696	0.050537	75000	-0.032703	-55.944305
697	0.050121	75000	-0.032560	-55.976865
698	0.049707	75000	-0.032512	-56.009377
699	0.049295	75000	-0.032217	-56.041593
700	0.048885	75000	-0.032400	-56.073994
701	0.048478	75000	-0.032192	-56.106185
702	0.048072	75000	-0.032139	-56.138324
703	0.047668	75000	-0.032144	-56.170469
704	0.047267	75000	-0.031858	-56.202327
705	0.046867	75000	-0.031851	-56.234178
706	0.046470	75000	-0.031826	-56.266004
707	0.046074	75000	-0.031643	-56.297647
708	0.045681	75000	-0.031745	-56.329393
709	0.045289	75000	-0.031641	-56.361034
710	0.044900	75000	-0.031662	-56.392696
711	0.044512	75000	-0.031575	-56.424271
712	0.044127	75000	-0.031364	-56.455635
713	0.043744	75000	-0.031334	-56.486969
714	0.043362	75000	-0.031511	-56.518479
715	0.042983	75000	-0.031345	-56.549825
716	0.042606	75000	-0.031329	-56.581153
717	0.042230	75000	-0.031212	-56.612365
718	0.041857	75000	-0.031074	-56.643439
719	0.041485	75000	-0.031203	-56.674643
720	0.041116	75000	-0.030884	-56.705526
721	0.040749	75000	-0.030984	-56.736510
722	0.040383	75000	-0.031013	-56.767524
723	0.040020	75000	-0.030671	-56.798195
724	0.039658	75000	-0.030777	-56.828972
725	0.039299	75000	-0.030877	-56.859849
726	0.038941	75000	-0.030513	-56.890362
727	0.038585	75000	-0.030528	-56.920890
728	0.038232	75000	-0.030731	-56.951621
729	0.037880	75000	-0.030411	-56.982032
730	0.037530	75000	-0.030546	-57.012578
731	0.037182	75000	-0.030538	-57.043117
732	0.036836	75000	-0.030318	-57.073435
733	0.036493	75000	-0.030541	-57.103976
734	0.036151	75000	-0.030198	-57.134174
735	0.035810	75000	-0.030459	-57.164633
736	0.035472	75000	-0.030205	-57.194839
737	0.035136	75000	-0.030282	-57.225120
738	0.034802	75000	-0.030522	-57.255642
739	0.034469	75000	-0.030043	-57.285685
740	0.034139	75000	-0.030013	-57.315698
741	0.033810	75000	-0.030062	-57.345760
742	0.033484	75000	-0.029986	-57.375747
743	0.033159	75000	-0.029922	-57.405669
744	0.032836	75000	-0.029697	-57.435365
745	0.032515	75000	-0.029504	-57.464869
746	0.032196	75000	-0.029664	-57.494532
747	0.031879	75000	-0.030057	-57.524589
748	0.031563	75000	-0.029778	-57.554367
749	0.031250	75000	-0.029801	-57.584168
750	0.030938	75000	-0.029715	-57.613883
751	0.030629	75000	-0.029659	-57.643542
752	0.030321	75000	-0.029886	-57.673428
753	0.030015	75000	-0.029809	-57.703237
754	0.029711	75000	-0.029581	-57.732818
755	0.029409	75000	-0.029694	-57.762512
756	0.029108	75000	-0.029396	-57.791908
757	0.028810	75000	-0.029495	-57.821403
758	0.028513	75000	-0.029494	-57.850897
759	0.028218	75000	-0.029896	-57.880793
760	0.027925	75000	-0.030045	-57.910838
761	0.027634	75000	-0.029612	-57.940450
762	0.027345	75000	-0.029197	-57.969648
763	0.027057	75000	-0.029550	-57.999198
764	0.026771	75000	-0.029132	-58.028330
765	0.026487	75000	-0.029292	-58.057622
766	0.026205	75000	-0.029408	-58.087030
767	0.025925	75000	-0.029357	-58.116387
768	0.025647	75000	-0.029588	-58.145975
769	0.025370	75000	-0.029591	-58.175565
770	0.025095	75000	-0.029650	-58.205215
771	0.024822	75000	-0.029443	-58.234659
772	0.024551	75000	-0.029338	-58.263997
773	0.024281	75000	-0.029765	-58.293762
774	0.024014	75000	-0.029408	-58.323170
775	0.023748	75000	-0.029769	-58.352939
776	0.023483	75000	-0.029645	-58.382584
777	0.023221	75000	-0.029871	-58.412455
778	0.022960	75000	-0.029913	-58.442367
779	0.022702	75000	-0.029507	-58.471874
780	0.022445	75000	-0.029771	-58.501645
781	0.022189	75000	-0.029850	-58.531495
782	0.021936	75000	-0.029685	-58.561180
783	0.021684	75000	-0.029654	-58.590834
784	0.021434	75000	-0.030012	-58.620846
785	0.021185	75000	-0.030006	-58.650852
786	0.020939	75000	-0.030206	-58.681058
787	0.020694	75000	-0.029711	-58.710769
788	0.020451	75000	-0.029789	-58.740559
789	0.020209	75000	-0.029813	-58.770371
790	0.019969	75000	-0.030579	-58.800950
791	0.019731	75000	-0.029996	-58.830946
792	0.019495	75000	-0.030486	-58.861432
793	0.019261	75000	-0.030358	-58.891790
794	0.019028	75000	-0.030668	-58.922458
795	0.018796	75000	-0.030423	-58.952881
796	0.018567	75000	-0.030787	-58.983668
797	0.018339	75000	-0.030531	-59.014199
798	0.018113	75000	-0.030852	-59.045050
799	0.017889	75000	-0.030653	-59.075703
800	0.017666	75000	-0.031728	-59.107431
801	0.017445	75000	-0.030845	-59.138276
802	0.017225	75000	-0.031208	-59.169484
803	0.017007	75000	-0.031238	-59.200721
804	0.016791	75000	-0.031590	-59.232311
805	0.016577	75000	-0.031824	-59.264135
806	0.016364	75000	-0.031664	-59.295799
807	0.016153	75000	-0.031227	-59.327026
808	0.015943	75000	-0.031973	-59.358999
809	0.015736	75000	-0.032018	-59.391017
810	0.015529	75000	-0.032455	-59.423472
811	0.015325	75000	-0.032831	-59.456303
812	0.015122	75000	-0.032395	-59.488697
813	0.014920	75000	-0.032813	-59.521510
814	0.014721	75000	-0.033223	-59.554734
815	0.014523	75000	-0.033396	-59.588130
816	0.014326	75000	-0.032687	-59.620817
817	0.014131	75000	-0.033868	-59.654685
818	0.013938	75000	-0.033727	-59.688412
819	0.013746	75000	-0.033602	-59.722014
820	0.013556	75000	-0.034154	-59.756168
821	0.013367	75000	-0.034491	-59.790659
822	0.013181	75000	-0.034349	-59.825008
823	0.012995	75000	-0.035697	-59.860705
824	0.012811	75000	-0.035400	-59.896105
825	0.012629	75000	-0.036178	-59.932284
826	0.012448	75000	-0.035247	-59.967530
827	0.012269	75000	-0.035765	-60.003295
828	0.012092	75000	-0.036826	-60.040121
829	0.011916	75000	-0.037033	-60.077155
830	0.011741	75000	-0.037598	-60.114753
831	0.011568	75000	-0.037680	-60.152433
832	0.011397	75000	-0.037314	-60.189747
833	0.011227	75000	-0.039470	-60.229216
834	0.011059	75000	-0.040671	-60.269887
835	0.010892	75000	-0.043112	-60.312999
836	0.010727	75000	-0.040065	-60.353064
837	0.010563	75000	-0.040141	-60.393206
838	0.010401	75000	-0.041766	-60.434972
839	0.010240	75000	-0.042306	-60.477278
840	0.010081	75000	-0.042540	-60.519818
841	0.009923	75000	-0.044134	-60.563952
842	0.009767	75000	-0.044238	-60.608191
843	0.009612	75000	-0.044051	-60.652241
844	0.009459	75000	-0.045860	-60.698101
845	0.009307	75000	-0.044971	-60.743072
846	0.009156	75000	-0.047922	-60.790994
847	0.009008	75000	-0.047758	-60.838752
848	0.008860	75000	-0.049154	-60.887906
849	0.008714	75000	-0.047736	-60.935643
850	0.008570	75000	-0.051465	-60.987108
851	0.008427	75000	-0.050344	-61.037452
852	0.008285	75000	-0.053012	-61.090464
853	0.008145	75000	-0.052840	-61.143304
854	0.008006	75000	-0.053262	-61.196566
855	0.007869	75000	-0.055330	-61.251896
856	0.007733	75000	-0.055968	-61.307864
857	0.007598	75000	-0.056853	-61.364717
858	0.007465	75000	-0.058349	-61.423066
859	0.007334	75000	-0.059256	-61.482322
860	0.007203	75000	-0.059180	-61.541502
861	0.007075	75000	-0.060130	-61.601632
862	0.006947	75000	-0.064084	-61.665716
863	0.006821	75000	-0.064327	-61.730043
864	0.006696	75000	-0.063953	-61.793997
865	0.006573	75000	-0.067096	-61.861092
866	0.006451	75000	-0.068028	-61.929120
867	0.006330	75000	-0.070149	-61.999269
868	0.006211	75000	-0.070526	-62.069795
869	0.006093	75000	-0.074620	-62.144415
870	0.005977	75000	-0.074913	-62.219328
871	0.005862	75000	-0.075902	-62.295230
872	0.005748	75000	-0.076152	-62.371382
873	0.005635	75000	-0.079585	-62.450967
874	0.005524	75000	-0.080170	-62.531137
875	0.005414	75000	-0.080755	-62.611892
876	0.005306	75000	-0.085733	-62.697625
877	0.005199	75000	-0.084579	-62.782204
878	0.005093	75000	-0.085267	-62.867471
879	0.004988	75000	-0.086840	-62.954310
880	0.004885	75000	-0.086589	-63.040899
881	0.004783	75000	-0.089284	-63.130183
882	0.004682	75000	-0.091554	-63.221737
883	0.004583	75000	-0.090715	-63.312452
884	0.004485	75000	-0.093412	-63.405864
885	0.004388	75000	-0.091685	-63.497549
886	0.004292	75000	-0.096731	-63.594280
887	0.004198	75000	-0.095212	-63.689492
888	0.004105	75000	-0.094536	-63.784028
889	0.004013	75000	-0.097062	-63.881089
890	0.003923	75000	-0.096380	-63.977470
891	0.003833	75000	-0.097496	-64.074966
892	0.003745	75000	-0.097750	-64.172716
893	0.003658	75000	-0.098773	-64.271489
894	0.003573	75000	-0.099273	-64.370762
895	0.003488	75000	-0.100427	-64.471189
896	0.003405	75000	-0.101209	-64.572398
897	0.003323	75000	-0.098240	-64.670637
898	0.003242	75000	-0.100880	-64.771517
899	0.003162	75000	-0.101604	-64.873121
900	0.003084	75000	-0.100127	-64.973249
901	0.003007	75000	-0.099430	-65.072679
902	0.002930	75000	-0.099649	-65.172328
903	0.002855	75000	-0.101113	-65.273441
904	0.002782	75000	-0.098157	-65.371598
905	0.002709	75000	-0.098138	-65.469737
906	0.002638	75000	-0.098152	-65.567889
907	0.002567	75000	-0.098505	-65.666393
908	0.002498	75000	-0.098899	-65.765292
909	0.002430	75000	-0.097183	-65.862475
910	0.002363	75000	-0.096085	-65.958560
911	0.002297	75000	-0.095205	-66.053765
912	0.002233	75000	-0.095747	-66.149512
913	0.002169	75000	-0.094046	-66.243558
914	0.002106	75000	-0.092563	-66.336121
915	0.002045	75000	-0.093486	-66.429607
916	0.001985	75000	-0.092644	-66.522251
917	0.001925	75000	-0.090753	-66.613004
918	0.001867	75000	-0.089792	-66.702796
919	0.001810	75000	-0.088340	-66.791136
920	0.001754	75000	-0.088270	-66.879406
921	0.001699	75000	-0.085531	-66.964938
922	0.001645	75000	-0.084375	-67.049313
923	0.001592	75000	-0.083958	-67.133270
924	0.001540	75000	-0.082533	-67.215804
925	0.001490	75000	-0.081855	-67.297658
926	0.001440	75000	-0.080649	-67.378307
927	0.001391	75000	-0.079199	-67.457507
928	0.001343	75000	-0.078237	-67.535744
929	0.001296	75000	-0.076968	-67.612712
930	0.001251	75000	-0.075577	-67.688289
931	0.001206	75000	-0.074192	-67.762482
932	0.001162	75000	-0.073029	-67.835511
933	0.001119	75000	-0.071023	-67.906533
934	0.001077	75000	-0.070214	-67.976748
935	0.001036	75000	-0.068725	-68.045472
936	0.000996	75000	-0.067514	-68.112986
937	0.000957	75000	-0.066343	-68.179330
938	0.000919	75000	-0.064889	-68.244219
939	0.000882	75000	-0.063379	-68.307598
940	0.000846	75000	-0.061960	-68.369558
941	0.000810	75000	-0.060774	-68.430332
942	0.000776	75000	-0.059256	-68.489587
943	0.000742	75000	-0.057849	-68.547437
944	0.000709	75000	-0.056311	-68.603747
945	0.000678	75000	-0.055059	-68.658806
946	0.000647	75000	-0.053746	-68.712553
947	0.000617	75000	-0.052223	-68.764776
948	0.000587	75000	-0.051037	-68.815813
949	0.000559	75000	-0.049544	-68.865357
950	0.000531	75000	-0.047818	-68.913175
951	0.000505	75000	-0.046764	-68.959939
952	0.000479	75000	-0.045488	-69.005427
953	0.000454	75000	-0.043959	-69.049386
954	0.000430	75000	-0.042874	-69.092261
955	0.000406	75000	-0.041093	-69.133353
956	0.000383	75000	-0.040087	-69.173440
957	0.000362	75000	-0.038672	-69.212112
958	0.000340	75000	-0.037424	-69.249536
959	0.000320	75000	-0.036316	-69.285852
960	0.000300	75000	-0.034810	-69.320662
961	0.000281	75000	-0.033678	-69.354340
962	0.000263	75000	-0.032318	-69.386658
963	0.000246	75000	-0.031218	-69.417876
964	0.000229	75000	-0.029821	-69.447697
965	0.000213	75000	-0.028688	-69.476386
966	0.000198	75000	-0.027375	-69.503761
967	0.000183	75000	-0.026201	-69.529962
968	0.000169	75000	-0.025075	-69.555037
969	0.000156	75000	-0.023916	-69.578953
970	0.000143	75000	-0.022860	-69.601813
971	0.000131	75000	-0.021683	-69.623496
972	0.000120	75000	-0.020501	-69.643997
973	0.000109	75000	-0.019384	-69.663381
974	0.000099	75000	-0.018377	-69.681759
975	0.000089	75000	-0.017262	-69.699020
976	0.000080	75000	-0.016210	-69.715230
977	0.000072	75000	-0.015160	-69.730390
978	0.000064	75000	-0.014182	-69.744572
979	0.000057	75000	-0.013283	-69.757854
980	0.000050	75000	-0.012308	-69.770162
981	0.000043	75000	-0.011352	-69.781514
982	0.000038	75000	-0.010456	-69.791971
983	0.000032	75000	-0.009565	-69.801536
984	0.000028	75000	-0.008765	-69.810302
985	0.000023	75000	-0.007898	-69.818199
986	0.000019	75000	-0.007123	-69.825322
987	0.000016	75000	-0.006358	-69.831680
988	0.000013	75000	-0.005591	-69.837271
989	0.000010	75000	-0.004881	-69.842152
990	0.000008	75000	-0.004184	-69.846336
991	0.000006	75000	-0.003569	-69.849905
992	0.000004	75000	-0.002944	-69.852850
993	0.000003	75000	-0.002378	-69.855227
994	0.000002	75000	-0.001851	-69.857078
995	0.000001	75000	-0.001368	-69.858446
996	0.000000	75000	-0.000937	-69.859383
997	0.000000	75000	-0.000569	-69.859952
998	0.000000	75000	-0.000267	-69.860218
999	0.000000	75000	-0.000057	-69.860275
Log marginal likelihood:	-69.860275
