Steppingstone sampler:
        No Stones:                  1000
        Start It:                   10000001
        It Per Stone:               100000
        Sample Freq:                1
        Dist:                       Beta(0.400000,1.000000)
Stone No	Power	N	Stone MLh	Running MLh
0	0.997502	75000	-1.985442	-1.985442
1	0.995007	75000	-1.982596	-3.968038
2	0.992517	75000	-1.979569	-5.947607
3	0.990030	75000	-1.976630	-7.924236
4	0.987547	75000	-1.973624	-9.897860
5	0.985067	75000	-1.970592	-11.868452
6	0.982592	75000	-1.967699	-13.836150
7	0.980120	75000	-1.964704	-15.800855
8	0.977652	75000	-1.961747	-17.762601
9	0.975187	75000	-1.958823	-19.721425
10	0.972726	75000	-1.955854	-21.677279
11	0.970269	75000	-1.952885	-23.630164
12	0.967816	75000	-1.949999	-25.580163
13	0.965367	75000	-1.947009	-27.527172
14	0.962921	75000	-1.944060	-29.471231
15	0.960479	75000	-1.941082	-31.412314
16	0.958040	75000	-1.938195	-33.350509
17	0.955606	75000	-1.935125	-35.285634
18	0.953175	75000	-1.932183	-37.217817
19	0.950747	75000	-1.929298	-39.147115
20	0.948324	75000	-1.926359	-41.073473
21	0.945904	75000	-1.923444	-42.996917
22	0.943488	75000	-1.920414	-44.917331
23	0.941076	75000	-1.917549	-46.834880
24	0.938667	75000	-1.914596	-48.749476
25	0.936262	75000	-1.911639	-50.661115
26	0.933861	75000	-1.908686	-52.569801
27	0.931463	75000	-1.905847	-54.475648
28	0.929069	75000	-1.902821	-56.378469
29	0.926679	75000	-1.899929	-58.278398
30	0.924293	75000	-1.896986	-60.175384
31	0.921910	75000	-1.894067	-62.069451
32	0.919531	75000	-1.891162	-63.960612
33	0.917155	75000	-1.888240	-65.848852
34	0.914783	75000	-1.885260	-67.734112
35	0.912415	75000	-1.882412	-69.616524
36	0.910051	75000	-1.879390	-71.495914
37	0.907690	75000	-1.876482	-73.372396
38	0.905333	75000	-1.873641	-75.246037
39	0.902980	75000	-1.870660	-77.116697
40	0.900630	75000	-1.867818	-78.984515
41	0.898284	75000	-1.864866	-80.849381
42	0.895942	75000	-1.862008	-82.711389
43	0.893603	75000	-1.859032	-84.570422
44	0.891268	75000	-1.856153	-86.426575
45	0.888937	75000	-1.853257	-88.279831
46	0.886609	75000	-1.850378	-90.130210
47	0.884285	75000	-1.847420	-91.977630
48	0.881965	75000	-1.844542	-93.822172
49	0.879648	75000	-1.841616	-95.663787
50	0.877335	75000	-1.838702	-97.502489
51	0.875026	75000	-1.835879	-99.338368
52	0.872720	75000	-1.832971	-101.171339
53	0.870418	75000	-1.830030	-103.001370
54	0.868120	75000	-1.827139	-104.828509
55	0.865825	75000	-1.824198	-106.652707
56	0.863534	75000	-1.821359	-108.474066
57	0.861246	75000	-1.818446	-110.292512
58	0.858962	75000	-1.815599	-112.108111
59	0.856682	75000	-1.812757	-113.920867
60	0.854405	75000	-1.809768	-115.730635
61	0.852132	75000	-1.806945	-117.537581
62	0.849863	75000	-1.804068	-119.341649
63	0.847597	75000	-1.801234	-121.142883
64	0.845335	75000	-1.798268	-122.941151
65	0.843077	75000	-1.795431	-124.736582
66	0.840822	75000	-1.792528	-126.529109
67	0.838571	75000	-1.789698	-128.318808
68	0.836323	75000	-1.786838	-130.105646
69	0.834079	75000	-1.783912	-131.889558
70	0.831839	75000	-1.781054	-133.670612
71	0.829602	75000	-1.778211	-135.448823
72	0.827369	75000	-1.775349	-137.224172
73	0.825140	75000	-1.772488	-138.996659
74	0.822914	75000	-1.769572	-140.766232
75	0.820691	75000	-1.766799	-142.533031
76	0.818473	75000	-1.763906	-144.296936
77	0.816258	75000	-1.761051	-146.057988
78	0.814046	75000	-1.758317	-147.816305
79	0.811838	75000	-1.755309	-149.571614
80	0.809634	75000	-1.752504	-151.324118
81	0.807433	75000	-1.749619	-153.073738
82	0.805236	75000	-1.746818	-154.820555
83	0.803043	75000	-1.743936	-156.564491
84	0.800853	75000	-1.741087	-158.305578
85	0.798667	75000	-1.738235	-160.043813
86	0.796484	75000	-1.735412	-161.779226
87	0.794305	75000	-1.732585	-163.511811
88	0.792129	75000	-1.729684	-165.241495
89	0.789957	75000	-1.726960	-166.968455
90	0.787789	75000	-1.724001	-168.692455
91	0.785624	75000	-1.721181	-170.413636
92	0.783463	75000	-1.718382	-172.132017
93	0.781305	75000	-1.715482	-173.847500
94	0.779151	75000	-1.712677	-175.560176
95	0.777000	75000	-1.709906	-177.270083
96	0.774853	75000	-1.707039	-178.977122
97	0.772710	75000	-1.704337	-180.681459
98	0.770570	75000	-1.701424	-182.382883
99	0.768433	75000	-1.698625	-184.081508
100	0.766301	75000	-1.695812	-185.777320
101	0.764172	75000	-1.692973	-187.470294
102	0.762046	75000	-1.690106	-189.160400
103	0.759924	75000	-1.687296	-190.847696
104	0.757805	75000	-1.684474	-192.532170
105	0.755690	75000	-1.681779	-194.213948
106	0.753579	75000	-1.678915	-195.892864
107	0.751471	75000	-1.676040	-197.568904
108	0.749366	75000	-1.673272	-199.242176
109	0.747266	75000	-1.670458	-200.912633
110	0.745168	75000	-1.667623	-202.580257
111	0.743075	75000	-1.664886	-204.245142
112	0.740984	75000	-1.662055	-205.907198
113	0.738898	75000	-1.659217	-207.566415
114	0.736815	75000	-1.656490	-209.222905
115	0.734735	75000	-1.653672	-210.876577
116	0.732659	75000	-1.650867	-212.527444
117	0.730586	75000	-1.648091	-214.175535
118	0.728517	75000	-1.645305	-215.820840
119	0.726452	75000	-1.642474	-217.463314
120	0.724390	75000	-1.639702	-219.103016
121	0.722331	75000	-1.636890	-220.739906
122	0.720276	75000	-1.634154	-222.374060
123	0.718225	75000	-1.631343	-224.005403
124	0.716177	75000	-1.628543	-225.633946
125	0.714132	75000	-1.625732	-227.259677
126	0.712091	75000	-1.622982	-228.882660
127	0.710054	75000	-1.620237	-230.502897
128	0.708020	75000	-1.617426	-232.120323
129	0.705989	75000	-1.614686	-233.735009
130	0.703962	75000	-1.611860	-235.346869
131	0.701939	75000	-1.609116	-236.955984
132	0.699919	75000	-1.606317	-238.562301
133	0.697902	75000	-1.603574	-240.165875
134	0.695889	75000	-1.600842	-241.766718
135	0.693880	75000	-1.598102	-243.364819
136	0.691874	75000	-1.595270	-244.960089
137	0.689871	75000	-1.592609	-246.552698
138	0.687872	75000	-1.589787	-248.142485
139	0.685877	75000	-1.586941	-249.729426
140	0.683885	75000	-1.584182	-251.313608
141	0.681896	75000	-1.581547	-252.895155
142	0.679911	75000	-1.578779	-254.473934
143	0.677929	75000	-1.575984	-256.049918
144	0.675951	75000	-1.573247	-257.623166
145	0.673976	75000	-1.570460	-259.193626
146	0.672005	75000	-1.567769	-260.761395
147	0.670037	75000	-1.564952	-262.326347
148	0.668073	75000	-1.562256	-263.888603
149	0.666112	75000	-1.559516	-265.448119
150	0.664155	75000	-1.556736	-267.004854
151	0.662201	75000	-1.553964	-268.558818
152	0.660250	75000	-1.551292	-270.110110
153	0.658303	75000	-1.548564	-271.658674
154	0.656359	75000	-1.545797	-273.204471
155	0.654419	75000	-1.543052	-274.747523
156	0.652483	75000	-1.540358	-276.287881
157	0.650549	75000	-1.537705	-277.825586
158	0.648619	75000	-1.534925	-279.360510
159	0.646693	75000	-1.532168	-280.892679
160	0.644770	75000	-1.529421	-282.422099
161	0.642851	75000	-1.526803	-283.948902
162	0.640934	75000	-1.524097	-285.472999
163	0.639022	75000	-1.521283	-286.994282
164	0.637113	75000	-1.518539	-288.512821
165	0.635207	75000	-1.515854	-290.028675
166	0.633304	75000	-1.513130	-291.541805
167	0.631405	75000	-1.510445	-293.052250
168	0.629510	75000	-1.507744	-294.559994
169	0.627618	75000	-1.505066	-296.065060
170	0.625729	75000	-1.502343	-297.567402
171	0.623844	75000	-1.499573	-299.066975
172	0.621962	75000	-1.496921	-300.563896
173	0.620083	75000	-1.494147	-302.058043
174	0.618208	75000	-1.491461	-303.549505
175	0.616337	75000	-1.488723	-305.038227
176	0.614468	75000	-1.486036	-306.524264
177	0.612604	75000	-1.483487	-308.007751
178	0.610742	75000	-1.480614	-309.488365
179	0.608884	75000	-1.478017	-310.966381
180	0.607029	75000	-1.475273	-312.441654
181	0.605178	75000	-1.472588	-313.914242
182	0.603330	75000	-1.469920	-315.384162
183	0.601486	75000	-1.467280	-316.851442
184	0.599645	75000	-1.464581	-318.316023
185	0.597807	75000	-1.461892	-319.777915
186	0.595973	75000	-1.459207	-321.237122
187	0.594142	75000	-1.456462	-322.693584
188	0.592314	75000	-1.453815	-324.147398
189	0.590490	75000	-1.451134	-325.598532
190	0.588669	75000	-1.448515	-327.047047
191	0.586852	75000	-1.445805	-328.492852
192	0.585038	75000	-1.443114	-329.935966
193	0.583227	75000	-1.440482	-331.376448
194	0.581420	75000	-1.437790	-332.814239
195	0.579616	75000	-1.435113	-334.249352
196	0.577815	75000	-1.432409	-335.681761
197	0.576018	75000	-1.429796	-337.111557
198	0.574224	75000	-1.427182	-338.538739
199	0.572433	75000	-1.424506	-339.963245
200	0.570646	75000	-1.421772	-341.385017
201	0.568862	75000	-1.419136	-342.804153
202	0.567082	75000	-1.416523	-344.220676
203	0.565305	75000	-1.413879	-345.634555
204	0.563531	75000	-1.411191	-347.045747
205	0.561761	75000	-1.408497	-348.454244
206	0.559993	75000	-1.405937	-349.860181
207	0.558230	75000	-1.403178	-351.263359
208	0.556469	75000	-1.400718	-352.664078
209	0.554712	75000	-1.397891	-354.061969
210	0.552958	75000	-1.395264	-355.457233
211	0.551208	75000	-1.392698	-356.849931
212	0.549461	75000	-1.390013	-358.239944
213	0.547717	75000	-1.387444	-359.627388
214	0.545977	75000	-1.384744	-361.012132
215	0.544240	75000	-1.382114	-362.394246
216	0.542506	75000	-1.379535	-363.773781
217	0.540775	75000	-1.376864	-365.150645
218	0.539048	75000	-1.374268	-366.524912
219	0.537324	75000	-1.371555	-367.896467
220	0.535604	75000	-1.368977	-369.265444
221	0.533887	75000	-1.366422	-370.631866
222	0.532173	75000	-1.363775	-371.995641
223	0.530462	75000	-1.361197	-373.356838
224	0.528755	75000	-1.358458	-374.715296
225	0.527051	75000	-1.355915	-376.071210
226	0.525350	75000	-1.353287	-377.424497
227	0.523653	75000	-1.350648	-378.775145
228	0.521958	75000	-1.348017	-380.123162
229	0.520268	75000	-1.345444	-381.468607
230	0.518580	75000	-1.342789	-382.811396
231	0.516896	75000	-1.340244	-384.151640
232	0.515215	75000	-1.337691	-385.489331
233	0.513537	75000	-1.335112	-386.824442
234	0.511863	75000	-1.332407	-388.156849
235	0.510192	75000	-1.329799	-389.486648
236	0.508524	75000	-1.327321	-390.813969
237	0.506859	75000	-1.324625	-392.138595
238	0.505198	75000	-1.321987	-393.460582
239	0.503540	75000	-1.319459	-394.780041
240	0.501885	75000	-1.316856	-396.096897
241	0.500234	75000	-1.314278	-397.411176
242	0.498586	75000	-1.311604	-398.722779
243	0.496941	75000	-1.309175	-400.031954
244	0.495299	75000	-1.306537	-401.338491
245	0.493660	75000	-1.303961	-402.642451
246	0.492025	75000	-1.301410	-403.943861
247	0.490393	75000	-1.298834	-405.242695
248	0.488765	75000	-1.296234	-406.538929
249	0.487139	75000	-1.293699	-407.832628
250	0.485517	75000	-1.291046	-409.123674
251	0.483898	75000	-1.288478	-410.412151
252	0.482283	75000	-1.285812	-411.697963
253	0.480670	75000	-1.283338	-412.981301
254	0.479061	75000	-1.280854	-414.262155
255	0.477455	75000	-1.278186	-415.540341
256	0.475852	75000	-1.275660	-416.816001
257	0.474253	75000	-1.273041	-418.089042
258	0.472656	75000	-1.270566	-419.359608
259	0.471063	75000	-1.267934	-420.627542
260	0.469474	75000	-1.265426	-421.892968
261	0.467887	75000	-1.262910	-423.155878
262	0.466304	75000	-1.260275	-424.416153
263	0.464723	75000	-1.257789	-425.673942
264	0.463146	75000	-1.255270	-426.929212
265	0.461573	75000	-1.252651	-428.181863
266	0.460002	75000	-1.250179	-429.432043
267	0.458435	75000	-1.247631	-430.679673
268	0.456871	75000	-1.245017	-431.924691
269	0.455310	75000	-1.242409	-433.167099
270	0.453752	75000	-1.240013	-434.407112
271	0.452198	75000	-1.237470	-435.644583
272	0.450647	75000	-1.234923	-436.879505
273	0.449098	75000	-1.232384	-438.111889
274	0.447554	75000	-1.229879	-439.341768
275	0.446012	75000	-1.227248	-440.569016
276	0.444473	75000	-1.224800	-441.793816
277	0.442938	75000	-1.222332	-443.016148
278	0.441406	75000	-1.219719	-444.235867
279	0.439877	75000	-1.217217	-445.453084
280	0.438351	75000	-1.214620	-446.667705
281	0.436829	75000	-1.212175	-447.879879
282	0.435309	75000	-1.209617	-449.089496
283	0.433793	75000	-1.207096	-450.296592
284	0.432280	75000	-1.204614	-451.501206
285	0.430770	75000	-1.202122	-452.703328
286	0.429263	75000	-1.199571	-453.902899
287	0.427760	75000	-1.197011	-455.099910
288	0.426259	75000	-1.194538	-456.294447
289	0.424762	75000	-1.192038	-457.486486
290	0.423268	75000	-1.189487	-458.675973
291	0.421777	75000	-1.187013	-459.862986
292	0.420289	75000	-1.184493	-461.047479
293	0.418805	75000	-1.182025	-462.229504
294	0.417323	75000	-1.179593	-463.409096
295	0.415845	75000	-1.177147	-464.586243
296	0.414370	75000	-1.174611	-465.760855
297	0.412898	75000	-1.172131	-466.932985
298	0.411429	75000	-1.169579	-468.102564
299	0.409963	75000	-1.167123	-469.269687
300	0.408501	75000	-1.164683	-470.434370
301	0.407041	75000	-1.162169	-471.596539
302	0.405585	75000	-1.159682	-472.756221
303	0.404132	75000	-1.157238	-473.913460
304	0.402682	75000	-1.154666	-475.068126
305	0.401235	75000	-1.152204	-476.220330
306	0.399791	75000	-1.149766	-477.370096
307	0.398350	75000	-1.147240	-478.517336
308	0.396913	75000	-1.144860	-479.662196
309	0.395478	75000	-1.142324	-480.804520
310	0.394047	75000	-1.139875	-481.944395
311	0.392619	75000	-1.137458	-483.081853
312	0.391194	75000	-1.134929	-484.216783
313	0.389772	75000	-1.132550	-485.349333
314	0.388353	75000	-1.130032	-486.479364
315	0.386937	75000	-1.127602	-487.606966
316	0.385524	75000	-1.125079	-488.732045
317	0.384115	75000	-1.122583	-489.854628
318	0.382708	75000	-1.120256	-490.974884
319	0.381305	75000	-1.117805	-492.092689
320	0.379904	75000	-1.115325	-493.208014
321	0.378507	75000	-1.112915	-494.320930
322	0.377113	75000	-1.110400	-495.431330
323	0.375722	75000	-1.108043	-496.539373
324	0.374334	75000	-1.105512	-497.644885
325	0.372949	75000	-1.103050	-498.747935
326	0.371567	75000	-1.100598	-499.848532
327	0.370189	75000	-1.098237	-500.946769
328	0.368813	75000	-1.095759	-502.042528
329	0.367440	75000	-1.093309	-503.135837
330	0.366071	75000	-1.090898	-504.226736
331	0.364705	75000	-1.088517	-505.315253
332	0.363341	75000	-1.086053	-506.401306
333	0.361981	75000	-1.083627	-507.484932
334	0.360624	75000	-1.081252	-508.566185
335	0.359269	75000	-1.078829	-509.645014
336	0.357918	75000	-1.076460	-510.721474
337	0.356570	75000	-1.073951	-511.795425
338	0.355225	75000	-1.071548	-512.866973
339	0.353883	75000	-1.069147	-513.936120
340	0.352544	75000	-1.066773	-515.002893
341	0.351208	75000	-1.064348	-516.067241
342	0.349875	75000	-1.061949	-517.129189
343	0.348546	75000	-1.059561	-518.188750
344	0.347219	75000	-1.057057	-519.245807
345	0.345895	75000	-1.054734	-520.300541
346	0.344574	75000	-1.052303	-521.352844
347	0.343257	75000	-1.049913	-522.402758
348	0.341942	75000	-1.047509	-523.450267
349	0.340630	75000	-1.045170	-524.495437
350	0.339322	75000	-1.042720	-525.538157
351	0.338016	75000	-1.040337	-526.578494
352	0.336714	75000	-1.037904	-527.616397
353	0.335414	75000	-1.035389	-528.651786
354	0.334118	75000	-1.033155	-529.684941
355	0.332824	75000	-1.030760	-530.715701
356	0.331534	75000	-1.028378	-531.744079
357	0.330246	75000	-1.026002	-532.770081
358	0.328962	75000	-1.023593	-533.793674
359	0.327680	75000	-1.021285	-534.814959
360	0.326401	75000	-1.018843	-535.833802
361	0.325126	75000	-1.016509	-536.850311
362	0.323853	75000	-1.014173	-537.864483
363	0.322584	75000	-1.011822	-538.876306
364	0.321317	75000	-1.009468	-539.885774
365	0.320054	75000	-1.007009	-540.892783
366	0.318793	75000	-1.004694	-541.897478
367	0.317536	75000	-1.002349	-542.899827
368	0.316281	75000	-0.999947	-543.899773
369	0.315030	75000	-0.997590	-544.897363
370	0.313781	75000	-0.995180	-545.892543
371	0.312535	75000	-0.992924	-546.885467
372	0.311293	75000	-0.990506	-547.875972
373	0.310053	75000	-0.988188	-548.864160
374	0.308816	75000	-0.985815	-549.849975
375	0.307582	75000	-0.983532	-550.833507
376	0.306352	75000	-0.981246	-551.814753
377	0.305124	75000	-0.978714	-552.793466
378	0.303899	75000	-0.976422	-553.769888
379	0.302677	75000	-0.974109	-554.743997
380	0.301458	75000	-0.971816	-555.715813
381	0.300242	75000	-0.969380	-556.685193
382	0.299029	75000	-0.967087	-557.652279
383	0.297819	75000	-0.964677	-558.616956
384	0.296611	75000	-0.962464	-559.579420
385	0.295407	75000	-0.960058	-560.539478
386	0.294206	75000	-0.957786	-561.497263
387	0.293007	75000	-0.955480	-562.452743
388	0.291812	75000	-0.953144	-563.405887
389	0.290619	75000	-0.950777	-564.356664
390	0.289430	75000	-0.948533	-565.305197
391	0.288243	75000	-0.946141	-566.251338
392	0.287059	75000	-0.943900	-567.195238
393	0.285879	75000	-0.941543	-568.136781
394	0.284701	75000	-0.939280	-569.076061
395	0.283526	75000	-0.936862	-570.012923
396	0.282354	75000	-0.934574	-570.947497
397	0.281184	75000	-0.932362	-571.879859
398	0.280018	75000	-0.929997	-572.809857
399	0.278855	75000	-0.927653	-573.737509
400	0.277694	75000	-0.925432	-574.662942
401	0.276537	75000	-0.923111	-575.586053
402	0.275382	75000	-0.920900	-576.506953
403	0.274230	75000	-0.918612	-577.425565
404	0.273082	75000	-0.916188	-578.341753
405	0.271936	75000	-0.913924	-579.255677
406	0.270793	75000	-0.911717	-580.167394
407	0.269652	75000	-0.909511	-581.076905
408	0.268515	75000	-0.907178	-581.984084
409	0.267381	75000	-0.904878	-582.888962
410	0.266249	75000	-0.902648	-583.791610
411	0.265121	75000	-0.900397	-584.692007
412	0.263995	75000	-0.898004	-585.590012
413	0.262872	75000	-0.895856	-586.485867
414	0.261752	75000	-0.893489	-587.379356
415	0.260635	75000	-0.891280	-588.270636
416	0.259520	75000	-0.889079	-589.159715
417	0.258409	75000	-0.886695	-590.046410
418	0.257300	75000	-0.884398	-590.930808
419	0.256195	75000	-0.882178	-591.812986
420	0.255092	75000	-0.879881	-592.692867
421	0.253992	75000	-0.877621	-593.570488
422	0.252895	75000	-0.875304	-594.445792
423	0.251800	75000	-0.873104	-595.318896
424	0.250709	75000	-0.870921	-596.189817
425	0.249620	75000	-0.868673	-597.058491
426	0.248534	75000	-0.866446	-597.924937
427	0.247451	75000	-0.864174	-598.789111
428	0.246371	75000	-0.861909	-599.651020
429	0.245294	75000	-0.859624	-600.510644
430	0.244220	75000	-0.857489	-601.368132
431	0.243148	75000	-0.855179	-602.223311
432	0.242079	75000	-0.852842	-603.076153
433	0.241013	75000	-0.850642	-603.926796
434	0.239950	75000	-0.848494	-604.775290
435	0.238890	75000	-0.846284	-605.621574
436	0.237832	75000	-0.843883	-606.465457
437	0.236778	75000	-0.841888	-607.307345
438	0.235726	75000	-0.839499	-608.146844
439	0.234677	75000	-0.837361	-608.984205
440	0.233630	75000	-0.835094	-609.819298
441	0.232587	75000	-0.832906	-610.652204
442	0.231546	75000	-0.830691	-611.482895
443	0.230509	75000	-0.828451	-612.311346
444	0.229473	75000	-0.826156	-613.137502
445	0.228441	75000	-0.824104	-613.961606
446	0.227412	75000	-0.821905	-614.783511
447	0.226385	75000	-0.819660	-615.603171
448	0.225361	75000	-0.817484	-616.420654
449	0.224340	75000	-0.815154	-617.235809
450	0.223322	75000	-0.813146	-618.048955
451	0.222306	75000	-0.810997	-618.859953
452	0.221293	75000	-0.808638	-619.668590
453	0.220283	75000	-0.806576	-620.475166
454	0.219276	75000	-0.804306	-621.279472
455	0.218272	75000	-0.802101	-622.081574
456	0.217270	75000	-0.799956	-622.881530
457	0.216271	75000	-0.797869	-623.679399
458	0.215275	75000	-0.795591	-624.474991
459	0.214281	75000	-0.793374	-625.268365
460	0.213291	75000	-0.791181	-626.059546
461	0.212303	75000	-0.789104	-626.848650
462	0.211318	75000	-0.786816	-627.635465
463	0.210335	75000	-0.784761	-628.420227
464	0.209356	75000	-0.782506	-629.202733
465	0.208379	75000	-0.780392	-629.983124
466	0.207404	75000	-0.778191	-630.761315
467	0.206433	75000	-0.775995	-631.537310
468	0.205464	75000	-0.773882	-632.311193
469	0.204498	75000	-0.771753	-633.082945
470	0.203535	75000	-0.769675	-633.852620
471	0.202575	75000	-0.767364	-634.619984
472	0.201617	75000	-0.765335	-635.385318
473	0.200662	75000	-0.763120	-636.148439
474	0.199709	75000	-0.760876	-636.909315
475	0.198760	75000	-0.758831	-637.668145
476	0.197813	75000	-0.756671	-638.424816
477	0.196869	75000	-0.754435	-639.179251
478	0.195927	75000	-0.752347	-639.931598
479	0.194988	75000	-0.750189	-640.681787
480	0.194052	75000	-0.747952	-641.429739
481	0.193119	75000	-0.745882	-642.175622
482	0.192188	75000	-0.743760	-642.919381
483	0.191260	75000	-0.741611	-643.660992
484	0.190335	75000	-0.739635	-644.400627
485	0.189412	75000	-0.737452	-645.138079
486	0.188492	75000	-0.735249	-645.873328
487	0.187575	75000	-0.733113	-646.606440
488	0.186660	75000	-0.731047	-647.337487
489	0.185749	75000	-0.728941	-648.066429
490	0.184839	75000	-0.726929	-648.793358
491	0.183933	75000	-0.724768	-649.518126
492	0.183029	75000	-0.722621	-650.240747
493	0.182128	75000	-0.720501	-650.961249
494	0.181229	75000	-0.718259	-651.679507
495	0.180333	75000	-0.716299	-652.395806
496	0.179440	75000	-0.714198	-653.110004
497	0.178550	75000	-0.712138	-653.822142
498	0.177662	75000	-0.709994	-654.532136
499	0.176777	75000	-0.707890	-655.240026
500	0.175894	75000	-0.705823	-655.945849
501	0.175014	75000	-0.703835	-656.649684
502	0.174137	75000	-0.701608	-657.351293
503	0.173262	75000	-0.699634	-658.050926
504	0.172390	75000	-0.697383	-658.748309
505	0.171521	75000	-0.695416	-659.443725
506	0.170654	75000	-0.693252	-660.136977
507	0.169790	75000	-0.691219	-660.828196
508	0.168929	75000	-0.689106	-661.517302
509	0.168070	75000	-0.687158	-662.204460
510	0.167214	75000	-0.684983	-662.889443
511	0.166360	75000	-0.682923	-663.572366
512	0.165509	75000	-0.680782	-664.253148
513	0.164661	75000	-0.678920	-664.932069
514	0.163815	75000	-0.676821	-665.608889
515	0.162972	75000	-0.674673	-666.283563
516	0.162132	75000	-0.672665	-666.956228
517	0.161294	75000	-0.670637	-667.626865
518	0.160458	75000	-0.668503	-668.295367
519	0.159626	75000	-0.666587	-668.961954
520	0.158796	75000	-0.664126	-669.626080
521	0.157968	75000	-0.662299	-670.288379
522	0.157143	75000	-0.660372	-670.948751
523	0.156321	75000	-0.658248	-671.606999
524	0.155501	75000	-0.656276	-672.263275
525	0.154684	75000	-0.654183	-672.917458
526	0.153870	75000	-0.652165	-673.569623
527	0.153058	75000	-0.650066	-674.219689
528	0.152248	75000	-0.648081	-674.867770
529	0.151441	75000	-0.646080	-675.513850
530	0.150637	75000	-0.644136	-676.157986
531	0.149835	75000	-0.642109	-676.800095
532	0.149036	75000	-0.640032	-677.440127
533	0.148240	75000	-0.638010	-678.078138
534	0.147446	75000	-0.635976	-678.714114
535	0.146654	75000	-0.633956	-679.348070
536	0.145865	75000	-0.631844	-679.979914
537	0.145079	75000	-0.629968	-680.609882
538	0.144295	75000	-0.627866	-681.237748
539	0.143514	75000	-0.625949	-681.863697
540	0.142735	75000	-0.623885	-682.487582
541	0.141959	75000	-0.621925	-683.109507
542	0.141186	75000	-0.619904	-683.729411
543	0.140415	75000	-0.617855	-684.347266
544	0.139646	75000	-0.615812	-684.963078
545	0.138880	75000	-0.613913	-685.576991
546	0.138116	75000	-0.611801	-686.188793
547	0.137356	75000	-0.609893	-686.798685
548	0.136597	75000	-0.607995	-687.406681
549	0.135841	75000	-0.606014	-688.012695
550	0.135088	75000	-0.603953	-688.616647
551	0.134337	75000	-0.602062	-689.218710
552	0.133588	75000	-0.599987	-689.818697
553	0.132843	75000	-0.598016	-690.416713
554	0.132099	75000	-0.596067	-691.012779
555	0.131358	75000	-0.593928	-691.606707
556	0.130620	75000	-0.592128	-692.198836
557	0.129884	75000	-0.590391	-692.789227
558	0.129151	75000	-0.588257	-693.377483
559	0.128420	75000	-0.586285	-693.963769
560	0.127691	75000	-0.584392	-694.548161
561	0.126965	75000	-0.582164	-695.130325
562	0.126242	75000	-0.580460	-695.710785
563	0.125521	75000	-0.578426	-696.289211
564	0.124802	75000	-0.576664	-696.865875
565	0.124086	75000	-0.574544	-697.440419
566	0.123373	75000	-0.572557	-698.012976
567	0.122662	75000	-0.570607	-698.583583
568	0.121953	75000	-0.568647	-699.152230
569	0.121247	75000	-0.566624	-699.718854
570	0.120543	75000	-0.564723	-700.283577
571	0.119842	75000	-0.562918	-700.846495
572	0.119143	75000	-0.560963	-701.407459
573	0.118447	75000	-0.559026	-701.966484
574	0.117753	75000	-0.557089	-702.523573
575	0.117062	75000	-0.555091	-703.078664
576	0.116373	75000	-0.553445	-703.632109
577	0.115686	75000	-0.551348	-704.183457
578	0.115002	75000	-0.549388	-704.732845
579	0.114320	75000	-0.547522	-705.280367
580	0.113641	75000	-0.545659	-705.826027
581	0.112964	75000	-0.543665	-706.369691
582	0.112290	75000	-0.541790	-706.911481
583	0.111618	75000	-0.539823	-707.451304
584	0.110948	75000	-0.537927	-707.989231
585	0.110281	75000	-0.536157	-708.525388
586	0.109616	75000	-0.534182	-709.059571
587	0.108954	75000	-0.532438	-709.592009
588	0.108294	75000	-0.530402	-710.122411
589	0.107637	75000	-0.528561	-710.650972
590	0.106981	75000	-0.526689	-711.177661
591	0.106329	75000	-0.524677	-711.702338
592	0.105678	75000	-0.523023	-712.225361
593	0.105030	75000	-0.521039	-712.746400
594	0.104385	75000	-0.519063	-713.265463
595	0.103742	75000	-0.517262	-713.782725
596	0.103101	75000	-0.515331	-714.298056
597	0.102463	75000	-0.513517	-714.811573
598	0.101827	75000	-0.511582	-715.323155
599	0.101193	75000	-0.509711	-715.832866
600	0.100562	75000	-0.508037	-716.340903
601	0.099933	75000	-0.506053	-716.846956
602	0.099306	75000	-0.504117	-717.351073
603	0.098682	75000	-0.502295	-717.853369
604	0.098060	75000	-0.500481	-718.353849
605	0.097441	75000	-0.498695	-718.852544
606	0.096824	75000	-0.496816	-719.349361
607	0.096209	75000	-0.494929	-719.844289
608	0.095596	75000	-0.493164	-720.337453
609	0.094986	75000	-0.491176	-720.828629
610	0.094379	75000	-0.489340	-721.317969
611	0.093773	75000	-0.487548	-721.805517
612	0.093170	75000	-0.485891	-722.291408
613	0.092570	75000	-0.483990	-722.775398
614	0.091971	75000	-0.481896	-723.257294
615	0.091375	75000	-0.480181	-723.737475
616	0.090781	75000	-0.478434	-724.215909
617	0.090190	75000	-0.476650	-724.692560
618	0.089601	75000	-0.474752	-725.167312
619	0.089014	75000	-0.472963	-725.640274
620	0.088430	75000	-0.471194	-726.111468
621	0.087848	75000	-0.469319	-726.580787
622	0.087268	75000	-0.467568	-727.048355
623	0.086690	75000	-0.465821	-727.514176
624	0.086115	75000	-0.464063	-727.978239
625	0.085542	75000	-0.462135	-728.440373
626	0.084971	75000	-0.460343	-728.900716
627	0.084403	75000	-0.458751	-729.359467
628	0.083837	75000	-0.456627	-729.816094
629	0.083273	75000	-0.454946	-730.271040
630	0.082712	75000	-0.453401	-730.724441
631	0.082152	75000	-0.451600	-731.176040
632	0.081595	75000	-0.449544	-731.625584
633	0.081041	75000	-0.447768	-732.073352
634	0.080488	75000	-0.446122	-732.519474
635	0.079938	75000	-0.444554	-732.964028
636	0.079390	75000	-0.442662	-733.406689
637	0.078845	75000	-0.440843	-733.847533
638	0.078301	75000	-0.439053	-734.286586
639	0.077760	75000	-0.437257	-734.723843
640	0.077221	75000	-0.435605	-735.159448
641	0.076684	75000	-0.433696	-735.593144
642	0.076150	75000	-0.432102	-736.025246
643	0.075618	75000	-0.430323	-736.455569
644	0.075088	75000	-0.428564	-736.884133
645	0.074560	75000	-0.426836	-737.310969
646	0.074035	75000	-0.425001	-737.735970
647	0.073512	75000	-0.423309	-738.159279
648	0.072991	75000	-0.421454	-738.580732
649	0.072472	75000	-0.419644	-739.000376
650	0.071955	75000	-0.418234	-739.418610
651	0.071441	75000	-0.416669	-739.835279
652	0.070929	75000	-0.414481	-740.249760
653	0.070419	75000	-0.412818	-740.662578
654	0.069911	75000	-0.411239	-741.073817
655	0.069406	75000	-0.409351	-741.483168
656	0.068903	75000	-0.407694	-741.890862
657	0.068401	75000	-0.406138	-742.297000
658	0.067903	75000	-0.404421	-742.701421
659	0.067406	75000	-0.402699	-743.104120
660	0.066911	75000	-0.400932	-743.505052
661	0.066419	75000	-0.399353	-743.904405
662	0.065929	75000	-0.397431	-744.301837
663	0.065441	75000	-0.395762	-744.697599
664	0.064955	75000	-0.394237	-745.091836
665	0.064471	75000	-0.392424	-745.484260
666	0.063990	75000	-0.390860	-745.875120
667	0.063510	75000	-0.389029	-746.264149
668	0.063033	75000	-0.387510	-746.651659
669	0.062558	75000	-0.385677	-747.037336
670	0.062085	75000	-0.384049	-747.421386
671	0.061615	75000	-0.382551	-747.803937
672	0.061146	75000	-0.380642	-748.184579
673	0.060680	75000	-0.379027	-748.563605
674	0.060216	75000	-0.377360	-748.940965
675	0.059753	75000	-0.375633	-749.316599
676	0.059293	75000	-0.374189	-749.690787
677	0.058836	75000	-0.372392	-750.063179
678	0.058380	75000	-0.370773	-750.433952
679	0.057926	75000	-0.369233	-750.803185
680	0.057475	75000	-0.367418	-751.170603
681	0.057025	75000	-0.365973	-751.536576
682	0.056578	75000	-0.364058	-751.900634
683	0.056133	75000	-0.362522	-752.263156
684	0.055690	75000	-0.361043	-752.624199
685	0.055249	75000	-0.359221	-752.983421
686	0.054810	75000	-0.357564	-753.340984
687	0.054373	75000	-0.356098	-753.697082
688	0.053939	75000	-0.354519	-754.051601
689	0.053506	75000	-0.352656	-754.404257
690	0.053076	75000	-0.351332	-754.755588
691	0.052647	75000	-0.349717	-755.105305
692	0.052221	75000	-0.347948	-755.453253
693	0.051797	75000	-0.346359	-755.799613
694	0.051375	75000	-0.344970	-756.144583
695	0.050955	75000	-0.343113	-756.487695
696	0.050537	75000	-0.341418	-756.829114
697	0.050121	75000	-0.339938	-757.169052
698	0.049707	75000	-0.338470	-757.507522
699	0.049295	75000	-0.337092	-757.844615
700	0.048885	75000	-0.335153	-758.179768
701	0.048478	75000	-0.333715	-758.513482
702	0.048072	75000	-0.332138	-758.845621
703	0.047668	75000	-0.330591	-759.176212
704	0.047267	75000	-0.329014	-759.505226
705	0.046867	75000	-0.327422	-759.832647
706	0.046470	75000	-0.325882	-760.158529
707	0.046074	75000	-0.324235	-760.482764
708	0.045681	75000	-0.322797	-760.805561
709	0.045289	75000	-0.321143	-761.126704
710	0.044900	75000	-0.319608	-761.446312
711	0.044512	75000	-0.318012	-761.764324
712	0.044127	75000	-0.316558	-762.080882
713	0.043744	75000	-0.315171	-762.396053
714	0.043362	75000	-0.313508	-762.709560
715	0.042983	75000	-0.311942	-763.021502
716	0.042606	75000	-0.310408	-763.331910
717	0.042230	75000	-0.309012	-763.640922
718	0.041857	75000	-0.307299	-763.948221
719	0.041485	75000	-0.305753	-764.253975
720	0.041116	75000	-0.304199	-764.558174
721	0.040749	75000	-0.303012	-764.861186
722	0.040383	75000	-0.301316	-765.162502
723	0.040020	75000	-0.300210	-765.462712
724	0.039658	75000	-0.298529	-765.761241
725	0.039299	75000	-0.296948	-766.058189
726	0.038941	75000	-0.295359	-766.353548
727	0.038585	75000	-0.294247	-766.647795
728	0.038232	75000	-0.292395	-766.940190
729	0.037880	75000	-0.290983	-767.231173
730	0.037530	75000	-0.289502	-767.520675
731	0.037182	75000	-0.288057	-767.808732
732	0.036836	75000	-0.286443	-768.095174
733	0.036493	75000	-0.285260	-768.380435
734	0.036151	75000	-0.283722	-768.664157
735	0.035810	75000	-0.282268	-768.946424
736	0.035472	75000	-0.280915	-769.227339
737	0.035136	75000	-0.279334	-769.506673
738	0.034802	75000	-0.278100	-769.784773
739	0.034469	75000	-0.276290	-770.061062
740	0.034139	75000	-0.275093	-770.336156
741	0.033810	75000	-0.273512	-770.609668
742	0.033484	75000	-0.272542	-770.882210
743	0.033159	75000	-0.270483	-771.152693
744	0.032836	75000	-0.269312	-771.422005
745	0.032515	75000	-0.267918	-771.689923
746	0.032196	75000	-0.266263	-771.956186
747	0.031879	75000	-0.265164	-772.221350
748	0.031563	75000	-0.263748	-772.485098
749	0.031250	75000	-0.262216	-772.747314
750	0.030938	75000	-0.260531	-773.007845
751	0.030629	75000	-0.259487	-773.267332
752	0.030321	75000	-0.258344	-773.525676
753	0.030015	75000	-0.256477	-773.782153
754	0.029711	75000	-0.255582	-774.037735
755	0.029409	75000	-0.254133	-774.291868
756	0.029108	75000	-0.252522	-774.544390
757	0.028810	75000	-0.251376	-774.795766
758	0.028513	75000	-0.249991	-775.045757
759	0.028218	75000	-0.248631	-775.294388
760	0.027925	75000	-0.247513	-775.541901
761	0.027634	75000	-0.245554	-775.787455
762	0.027345	75000	-0.244235	-776.031691
763	0.027057	75000	-0.243287	-776.274978
764	0.026771	75000	-0.241913	-776.516891
765	0.026487	75000	-0.240635	-776.757526
766	0.026205	75000	-0.239789	-776.997315
767	0.025925	75000	-0.238285	-777.235600
768	0.025647	75000	-0.236013	-777.471612
769	0.025370	75000	-0.235623	-777.707236
770	0.025095	75000	-0.234066	-777.941302
771	0.024822	75000	-0.232780	-778.174082
772	0.024551	75000	-0.231585	-778.405667
773	0.024281	75000	-0.230519	-778.636186
774	0.024014	75000	-0.229346	-778.865532
775	0.023748	75000	-0.228160	-779.093692
776	0.023483	75000	-0.227076	-779.320768
777	0.023221	75000	-0.225088	-779.545856
778	0.022960	75000	-0.224448	-779.770304
779	0.022702	75000	-0.223129	-779.993432
780	0.022445	75000	-0.221501	-780.214933
781	0.022189	75000	-0.220425	-780.435358
782	0.021936	75000	-0.219360	-780.654718
783	0.021684	75000	-0.218405	-780.873123
784	0.021434	75000	-0.216954	-781.090076
785	0.021185	75000	-0.215483	-781.305559
786	0.020939	75000	-0.215818	-781.521377
787	0.020694	75000	-0.213023	-781.734400
788	0.020451	75000	-0.212841	-781.947241
789	0.020209	75000	-0.212355	-782.159597
790	0.019969	75000	-0.210717	-782.370313
791	0.019731	75000	-0.209381	-782.579695
792	0.019495	75000	-0.208311	-782.788006
793	0.019261	75000	-0.207819	-782.995825
794	0.019028	75000	-0.205615	-783.201440
795	0.018796	75000	-0.205119	-783.406559
796	0.018567	75000	-0.204414	-783.610973
797	0.018339	75000	-0.203770	-783.814743
798	0.018113	75000	-0.202693	-784.017436
799	0.017889	75000	-0.201243	-784.218679
800	0.017666	75000	-0.200722	-784.419401
801	0.017445	75000	-0.198736	-784.618137
802	0.017225	75000	-0.197551	-784.815688
803	0.017007	75000	-0.196790	-785.012478
804	0.016791	75000	-0.195958	-785.208436
805	0.016577	75000	-0.194786	-785.403222
806	0.016364	75000	-0.194428	-785.597650
807	0.016153	75000	-0.193733	-785.791383
808	0.015943	75000	-0.191809	-785.983192
809	0.015736	75000	-0.191368	-786.174560
810	0.015529	75000	-0.191474	-786.366034
811	0.015325	75000	-0.188992	-786.555026
812	0.015122	75000	-0.188309	-786.743336
813	0.014920	75000	-0.188445	-786.931780
814	0.014721	75000	-0.188365	-787.120145
815	0.014523	75000	-0.187341	-787.307486
816	0.014326	75000	-0.186537	-787.494023
817	0.014131	75000	-0.186561	-787.680585
818	0.013938	75000	-0.185020	-787.865604
819	0.013746	75000	-0.183416	-788.049020
820	0.013556	75000	-0.184555	-788.233575
821	0.013367	75000	-0.182927	-788.416503
822	0.013181	75000	-0.182048	-788.598551
823	0.012995	75000	-0.181690	-788.780241
824	0.012811	75000	-0.181558	-788.961799
825	0.012629	75000	-0.180531	-789.142330
826	0.012448	75000	-0.181549	-789.323879
827	0.012269	75000	-0.178354	-789.502233
828	0.012092	75000	-0.179252	-789.681484
829	0.011916	75000	-0.178367	-789.859852
830	0.011741	75000	-0.178165	-790.038017
831	0.011568	75000	-0.176637	-790.214654
832	0.011397	75000	-0.177019	-790.391673
833	0.011227	75000	-0.177378	-790.569051
834	0.011059	75000	-0.177349	-790.746399
835	0.010892	75000	-0.176067	-790.922467
836	0.010727	75000	-0.174241	-791.096708
837	0.010563	75000	-0.175910	-791.272618
838	0.010401	75000	-0.174561	-791.447179
839	0.010240	75000	-0.172353	-791.619532
840	0.010081	75000	-0.173533	-791.793065
841	0.009923	75000	-0.172877	-791.965942
842	0.009767	75000	-0.172804	-792.138747
843	0.009612	75000	-0.171948	-792.310695
844	0.009459	75000	-0.170999	-792.481693
845	0.009307	75000	-0.171015	-792.652709
846	0.009156	75000	-0.168886	-792.821595
847	0.009008	75000	-0.169214	-792.990809
848	0.008860	75000	-0.166442	-793.157251
849	0.008714	75000	-0.168223	-793.325474
850	0.008570	75000	-0.168414	-793.493888
851	0.008427	75000	-0.166666	-793.660554
852	0.008285	75000	-0.166095	-793.826648
853	0.008145	75000	-0.165427	-793.992076
854	0.008006	75000	-0.165121	-794.157197
855	0.007869	75000	-0.164994	-794.322191
856	0.007733	75000	-0.163146	-794.485337
857	0.007598	75000	-0.162063	-794.647400
858	0.007465	75000	-0.160562	-794.807962
859	0.007334	75000	-0.160368	-794.968331
860	0.007203	75000	-0.159503	-795.127833
861	0.007075	75000	-0.158369	-795.286202
862	0.006947	75000	-0.157608	-795.443810
863	0.006821	75000	-0.157552	-795.601362
864	0.006696	75000	-0.157106	-795.758468
865	0.006573	75000	-0.156210	-795.914678
866	0.006451	75000	-0.153489	-796.068167
867	0.006330	75000	-0.152737	-796.220904
868	0.006211	75000	-0.151727	-796.372631
869	0.006093	75000	-0.150818	-796.523449
870	0.005977	75000	-0.150448	-796.673897
871	0.005862	75000	-0.148267	-796.822164
872	0.005748	75000	-0.147881	-796.970045
873	0.005635	75000	-0.146495	-797.116541
874	0.005524	75000	-0.145674	-797.262215
875	0.005414	75000	-0.142926	-797.405141
876	0.005306	75000	-0.142247	-797.547387
877	0.005199	75000	-0.140752	-797.688139
878	0.005093	75000	-0.140514	-797.828653
879	0.004988	75000	-0.139227	-797.967881
880	0.004885	75000	-0.137148	-798.105029
881	0.004783	75000	-0.136035	-798.241064
882	0.004682	75000	-0.135249	-798.376313
883	0.004583	75000	-0.134270	-798.510582
884	0.004485	75000	-0.131994	-798.642576
885	0.004388	75000	-0.130446	-798.773022
886	0.004292	75000	-0.129785	-798.902807
887	0.004198	75000	-0.128346	-799.031154
888	0.004105	75000	-0.125876	-799.157030
889	0.004013	75000	-0.125050	-799.282080
890	0.003923	75000	-0.123830	-799.405910
891	0.003833	75000	-0.122887	-799.528797
892	0.003745	75000	-0.120705	-799.649503
893	0.003658	75000	-0.119393	-799.768895
894	0.003573	75000	-0.117937	-799.886832
895	0.003488	75000	-0.116920	-800.003752
896	0.003405	75000	-0.114776	-800.118528
897	0.003323	75000	-0.113853	-800.232382
898	0.003242	75000	-0.112231	-800.344612
899	0.003162	75000	-0.110706	-800.455318
900	0.003084	75000	-0.109501	-800.564819
901	0.003007	75000	-0.107295	-800.672114
902	0.002930	75000	-0.106337	-800.778452
903	0.002855	75000	-0.104888	-800.883340
904	0.002782	75000	-0.103102	-800.986442
905	0.002709	75000	-0.102317	-801.088759
906	0.002638	75000	-0.100658	-801.189416
907	0.002567	75000	-0.098650	-801.288066
908	0.002498	75000	-0.097272	-801.385338
909	0.002430	75000	-0.096060	-801.481398
910	0.002363	75000	-0.094513	-801.575912
911	0.002297	75000	-0.093022	-801.668934
912	0.002233	75000	-0.091408	-801.760342
913	0.002169	75000	-0.090147	-801.850489
914	0.002106	75000	-0.088415	-801.938904
915	0.002045	75000	-0.087148	-802.026053
916	0.001985	75000	-0.085714	-802.111767
917	0.001925	75000	-0.084224	-802.195990
918	0.001867	75000	-0.082915	-802.278905
919	0.001810	75000	-0.081138	-802.360043
920	0.001754	75000	-0.079854	-802.439897
921	0.001699	75000	-0.078301	-802.518197
922	0.001645	75000	-0.077056	-802.595253
923	0.001592	75000	-0.075568	-802.670821
924	0.001540	75000	-0.074217	-802.745038
925	0.001490	75000	-0.072809	-802.817847
926	0.001440	75000	-0.071333	-802.889181
927	0.001391	75000	-0.070035	-802.959215
928	0.001343	75000	-0.068475	-803.027690
929	0.001296	75000	-0.067364	-803.095054
930	0.001251	75000	-0.065643	-803.160697
931	0.001206	75000	-0.064335	-803.225032
932	0.001162	75000	-0.062931	-803.287963
933	0.001119	75000	-0.061725	-803.349689
934	0.001077	75000	-0.060351	-803.410039
935	0.001036	75000	-0.058970	-803.469009
936	0.000996	75000	-0.057645	-803.526654
937	0.000957	75000	-0.056268	-803.582922
938	0.000919	75000	-0.054927	-803.637849
939	0.000882	75000	-0.053760	-803.691610
940	0.000846	75000	-0.052417	-803.744027
941	0.000810	75000	-0.051030	-803.795057
942	0.000776	75000	-0.049768	-803.844824
943	0.000742	75000	-0.048606	-803.893430
944	0.000709	75000	-0.047316	-803.940746
945	0.000678	75000	-0.046064	-803.986811
946	0.000647	75000	-0.044697	-804.031507
947	0.000617	75000	-0.043428	-804.074935
948	0.000587	75000	-0.042283	-804.117218
949	0.000559	75000	-0.041056	-804.158274
950	0.000531	75000	-0.039912	-804.198186
951	0.000505	75000	-0.038724	-804.236910
952	0.000479	75000	-0.037577	-804.274487
953	0.000454	75000	-0.036384	-804.310871
954	0.000430	75000	-0.035171	-804.346041
955	0.000406	75000	-0.034120	-804.380161
956	0.000383	75000	-0.032915	-804.413077
957	0.000362	75000	-0.031831	-804.444908
958	0.000340	75000	-0.030692	-804.475600
959	0.000320	75000	-0.029603	-804.505203
960	0.000300	75000	-0.028533	-804.533737
961	0.000281	75000	-0.027434	-804.561170
962	0.000263	75000	-0.026416	-804.587586
963	0.000246	75000	-0.025337	-804.612923
964	0.000229	75000	-0.024338	-804.637261
965	0.000213	75000	-0.023281	-804.660543
966	0.000198	75000	-0.022316	-804.682859
967	0.000183	75000	-0.021323	-804.704182
968	0.000169	75000	-0.020299	-804.724481
969	0.000156	75000	-0.019377	-804.743858
970	0.000143	75000	-0.018439	-804.762297
971	0.000131	75000	-0.017517	-804.779814
972	0.000120	75000	-0.016593	-804.796408
973	0.000109	75000	-0.015703	-804.812110
974	0.000099	75000	-0.014813	-804.826923
975	0.000089	75000	-0.013960	-804.840883
976	0.000080	75000	-0.013107	-804.853990
977	0.000072	75000	-0.012290	-804.866280
978	0.000064	75000	-0.011468	-804.877748
979	0.000057	75000	-0.010695	-804.888443
980	0.000050	75000	-0.009912	-804.898355
981	0.000043	75000	-0.009179	-804.907534
982	0.000038	75000	-0.008425	-804.915959
983	0.000032	75000	-0.007721	-804.923680
984	0.000028	75000	-0.007034	-804.930714
985	0.000023	75000	-0.006357	-804.937071
986	0.000019	75000	-0.005717	-804.942787
987	0.000016	75000	-0.005098	-804.947886
988	0.000013	75000	-0.004498	-804.952383
989	0.000010	75000	-0.003921	-804.956304
990	0.000008	75000	-0.003374	-804.959678
991	0.000006	75000	-0.002859	-804.962537
992	0.000004	75000	-0.002369	-804.964905
993	0.000003	75000	-0.001911	-804.966816
994	0.000002	75000	-0.001487	-804.968304
995	0.000001	75000	-0.001102	-804.969405
996	0.000000	75000	-0.000757	-804.970162
997	0.000000	75000	-0.000458	-804.970620
998	0.000000	75000	-0.000215	-804.970835
999	0.000000	75000	-0.000046	-804.970881
Log marginal likelihood:	-804.970881
