Steppingstone sampler:
        No Stones:                  1000
        Start It:                   10000001
        It Per Stone:               100000
        Sample Freq:                1
        Dist:                       Beta(0.400000,1.000000)
Stone No	Power	N	Stone MLh	Running MLh
0	0.997502	75000	-0.511133	-0.511133
1	0.995007	75000	-0.510426	-1.021559
2	0.992517	75000	-0.509617	-1.531176
3	0.990030	75000	-0.508818	-2.039994
4	0.987547	75000	-0.508095	-2.548089
5	0.985067	75000	-0.507363	-3.055452
6	0.982592	75000	-0.506602	-3.562055
7	0.980120	75000	-0.505829	-4.067884
8	0.977652	75000	-0.505109	-4.572993
9	0.975187	75000	-0.504288	-5.077280
10	0.972726	75000	-0.503571	-5.580851
11	0.970269	75000	-0.502769	-6.083620
12	0.967816	75000	-0.502080	-6.585700
13	0.965367	75000	-0.501258	-7.086958
14	0.962921	75000	-0.500525	-7.587483
15	0.960479	75000	-0.499807	-8.087290
16	0.958040	75000	-0.499034	-8.586324
17	0.955606	75000	-0.498227	-9.084551
18	0.953175	75000	-0.497537	-9.582088
19	0.950747	75000	-0.496823	-10.078910
20	0.948324	75000	-0.496003	-10.574914
21	0.945904	75000	-0.495269	-11.070183
22	0.943488	75000	-0.494529	-11.564712
23	0.941076	75000	-0.493752	-12.058465
24	0.938667	75000	-0.492999	-12.551463
25	0.936262	75000	-0.492279	-13.043742
26	0.933861	75000	-0.491499	-13.535241
27	0.931463	75000	-0.490758	-14.025999
28	0.929069	75000	-0.489984	-14.515983
29	0.926679	75000	-0.489227	-15.005210
30	0.924293	75000	-0.488541	-15.493751
31	0.921910	75000	-0.487781	-15.981532
32	0.919531	75000	-0.487027	-16.468559
33	0.917155	75000	-0.486256	-16.954816
34	0.914783	75000	-0.485521	-17.440337
35	0.912415	75000	-0.484728	-17.925065
36	0.910051	75000	-0.483999	-18.409064
37	0.907690	75000	-0.483320	-18.892384
38	0.905333	75000	-0.482493	-19.374878
39	0.902980	75000	-0.481860	-19.856737
40	0.900630	75000	-0.481057	-20.337794
41	0.898284	75000	-0.480307	-20.818101
42	0.895942	75000	-0.479544	-21.297645
43	0.893603	75000	-0.478858	-21.776503
44	0.891268	75000	-0.478013	-22.254516
45	0.888937	75000	-0.477313	-22.731828
46	0.886609	75000	-0.476625	-23.208454
47	0.884285	75000	-0.475810	-23.684264
48	0.881965	75000	-0.475085	-24.159349
49	0.879648	75000	-0.474348	-24.633697
50	0.877335	75000	-0.473540	-25.107236
51	0.875026	75000	-0.472917	-25.580153
52	0.872720	75000	-0.472067	-26.052220
53	0.870418	75000	-0.471308	-26.523528
54	0.868120	75000	-0.470602	-26.994130
55	0.865825	75000	-0.469907	-27.464036
56	0.863534	75000	-0.469182	-27.933219
57	0.861246	75000	-0.468446	-28.401664
58	0.858962	75000	-0.467714	-28.869378
59	0.856682	75000	-0.466945	-29.336323
60	0.854405	75000	-0.466237	-29.802560
61	0.852132	75000	-0.465467	-30.268027
62	0.849863	75000	-0.464724	-30.732751
63	0.847597	75000	-0.464061	-31.196812
64	0.845335	75000	-0.463216	-31.660028
65	0.843077	75000	-0.462460	-32.122488
66	0.840822	75000	-0.461794	-32.584282
67	0.838571	75000	-0.461065	-33.045347
68	0.836323	75000	-0.460354	-33.505702
69	0.834079	75000	-0.459591	-33.965293
70	0.831839	75000	-0.458832	-34.424124
71	0.829602	75000	-0.458117	-34.882242
72	0.827369	75000	-0.457362	-35.339603
73	0.825140	75000	-0.456685	-35.796289
74	0.822914	75000	-0.455881	-36.252170
75	0.820691	75000	-0.455191	-36.707361
76	0.818473	75000	-0.454458	-37.161819
77	0.816258	75000	-0.453727	-37.615546
78	0.814046	75000	-0.452980	-38.068526
79	0.811838	75000	-0.452159	-38.520685
80	0.809634	75000	-0.451561	-38.972246
81	0.807433	75000	-0.450830	-39.423076
82	0.805236	75000	-0.450095	-39.873171
83	0.803043	75000	-0.449357	-40.322528
84	0.800853	75000	-0.448606	-40.771134
85	0.798667	75000	-0.447967	-41.219100
86	0.796484	75000	-0.447147	-41.666247
87	0.794305	75000	-0.446448	-42.112695
88	0.792129	75000	-0.445745	-42.558440
89	0.789957	75000	-0.444983	-43.003423
90	0.787789	75000	-0.444247	-43.447671
91	0.785624	75000	-0.443564	-43.891234
92	0.783463	75000	-0.442797	-44.334032
93	0.781305	75000	-0.442148	-44.776180
94	0.779151	75000	-0.441339	-45.217519
95	0.777000	75000	-0.440667	-45.658186
96	0.774853	75000	-0.439899	-46.098085
97	0.772710	75000	-0.439172	-46.537257
98	0.770570	75000	-0.438448	-46.975705
99	0.768433	75000	-0.437752	-47.413457
100	0.766301	75000	-0.437013	-47.850470
101	0.764172	75000	-0.436372	-48.286843
102	0.762046	75000	-0.435631	-48.722473
103	0.759924	75000	-0.434874	-49.157347
104	0.757805	75000	-0.434165	-49.591512
105	0.755690	75000	-0.433441	-50.024953
106	0.753579	75000	-0.432657	-50.457610
107	0.751471	75000	-0.432020	-50.889630
108	0.749366	75000	-0.431271	-51.320901
109	0.747266	75000	-0.430547	-51.751448
110	0.745168	75000	-0.429896	-52.181345
111	0.743075	75000	-0.429109	-52.610453
112	0.740984	75000	-0.428438	-53.038892
113	0.738898	75000	-0.427709	-53.466601
114	0.736815	75000	-0.427017	-53.893618
115	0.734735	75000	-0.426289	-54.319907
116	0.732659	75000	-0.425514	-54.745421
117	0.730586	75000	-0.424864	-55.170285
118	0.728517	75000	-0.424197	-55.594482
119	0.726452	75000	-0.423449	-56.017931
120	0.724390	75000	-0.422740	-56.440671
121	0.722331	75000	-0.421955	-56.862625
122	0.720276	75000	-0.421314	-57.283940
123	0.718225	75000	-0.420576	-57.704516
124	0.716177	75000	-0.419894	-58.124409
125	0.714132	75000	-0.419156	-58.543566
126	0.712091	75000	-0.418460	-58.962026
127	0.710054	75000	-0.417742	-59.379767
128	0.708020	75000	-0.417036	-59.796804
129	0.705989	75000	-0.416373	-60.213177
130	0.703962	75000	-0.415532	-60.628709
131	0.701939	75000	-0.414910	-61.043619
132	0.699919	75000	-0.414162	-61.457780
133	0.697902	75000	-0.413504	-61.871285
134	0.695889	75000	-0.412756	-62.284040
135	0.693880	75000	-0.412095	-62.696136
136	0.691874	75000	-0.411320	-63.107455
137	0.689871	75000	-0.410631	-63.518086
138	0.687872	75000	-0.409925	-63.928012
139	0.685877	75000	-0.409258	-64.337269
140	0.683885	75000	-0.408543	-64.745813
141	0.681896	75000	-0.407884	-65.153697
142	0.679911	75000	-0.407185	-65.560882
143	0.677929	75000	-0.406447	-65.967329
144	0.675951	75000	-0.405713	-66.373041
145	0.673976	75000	-0.405028	-66.778070
146	0.672005	75000	-0.404271	-67.182340
147	0.670037	75000	-0.403647	-67.585987
148	0.668073	75000	-0.402863	-67.988850
149	0.666112	75000	-0.402176	-68.391027
150	0.664155	75000	-0.401568	-68.792594
151	0.662201	75000	-0.400825	-69.193419
152	0.660250	75000	-0.400117	-69.593536
153	0.658303	75000	-0.399384	-69.992920
154	0.656359	75000	-0.398720	-70.391640
155	0.654419	75000	-0.398019	-70.789659
156	0.652483	75000	-0.397306	-71.186965
157	0.650549	75000	-0.396638	-71.583603
158	0.648619	75000	-0.395850	-71.979452
159	0.646693	75000	-0.395254	-72.374707
160	0.644770	75000	-0.394549	-72.769255
161	0.642851	75000	-0.393827	-73.163083
162	0.640934	75000	-0.393091	-73.556174
163	0.639022	75000	-0.392555	-73.948729
164	0.637113	75000	-0.391741	-74.340470
165	0.635207	75000	-0.391079	-74.731549
166	0.633304	75000	-0.390366	-75.121915
167	0.631405	75000	-0.389677	-75.511592
168	0.629510	75000	-0.388965	-75.900557
169	0.627618	75000	-0.388289	-76.288846
170	0.625729	75000	-0.387524	-76.676370
171	0.623844	75000	-0.386948	-77.063319
172	0.621962	75000	-0.386259	-77.449578
173	0.620083	75000	-0.385528	-77.835106
174	0.618208	75000	-0.384897	-78.220003
175	0.616337	75000	-0.384192	-78.604195
176	0.614468	75000	-0.383441	-78.987636
177	0.612604	75000	-0.382831	-79.370467
178	0.610742	75000	-0.382061	-79.752528
179	0.608884	75000	-0.381467	-80.133995
180	0.607029	75000	-0.380780	-80.514775
181	0.605178	75000	-0.380042	-80.894818
182	0.603330	75000	-0.379346	-81.274164
183	0.601486	75000	-0.378611	-81.652775
184	0.599645	75000	-0.378002	-82.030777
185	0.597807	75000	-0.377259	-82.408035
186	0.595973	75000	-0.376605	-82.784641
187	0.594142	75000	-0.375896	-83.160537
188	0.592314	75000	-0.375195	-83.535732
189	0.590490	75000	-0.374486	-83.910217
190	0.588669	75000	-0.373916	-84.284134
191	0.586852	75000	-0.373152	-84.657286
192	0.585038	75000	-0.372477	-85.029763
193	0.583227	75000	-0.371807	-85.401570
194	0.581420	75000	-0.371136	-85.772707
195	0.579616	75000	-0.370404	-86.143111
196	0.577815	75000	-0.369744	-86.512855
197	0.576018	75000	-0.369082	-86.881937
198	0.574224	75000	-0.368401	-87.250338
199	0.572433	75000	-0.367702	-87.618041
200	0.570646	75000	-0.367046	-87.985087
201	0.568862	75000	-0.366382	-88.351469
202	0.567082	75000	-0.365675	-88.717143
203	0.565305	75000	-0.365040	-89.082183
204	0.563531	75000	-0.364361	-89.446544
205	0.561761	75000	-0.363694	-89.810237
206	0.559993	75000	-0.363015	-90.173252
207	0.558230	75000	-0.362350	-90.535602
208	0.556469	75000	-0.361560	-90.897163
209	0.554712	75000	-0.360941	-91.258104
210	0.552958	75000	-0.360255	-91.618359
211	0.551208	75000	-0.359602	-91.977962
212	0.549461	75000	-0.358937	-92.336899
213	0.547717	75000	-0.358310	-92.695208
214	0.545977	75000	-0.357512	-93.052721
215	0.544240	75000	-0.357008	-93.409729
216	0.542506	75000	-0.356318	-93.766047
217	0.540775	75000	-0.355555	-94.121602
218	0.539048	75000	-0.354891	-94.476493
219	0.537324	75000	-0.354181	-94.830674
220	0.535604	75000	-0.353587	-95.184261
221	0.533887	75000	-0.352892	-95.537154
222	0.532173	75000	-0.352174	-95.889328
223	0.530462	75000	-0.351554	-96.240882
224	0.528755	75000	-0.350845	-96.591727
225	0.527051	75000	-0.350171	-96.941898
226	0.525350	75000	-0.349582	-97.291479
227	0.523653	75000	-0.348893	-97.640372
228	0.521958	75000	-0.348203	-97.988576
229	0.520268	75000	-0.347543	-98.336119
230	0.518580	75000	-0.346908	-98.683027
231	0.516896	75000	-0.346156	-99.029182
232	0.515215	75000	-0.345598	-99.374780
233	0.513537	75000	-0.344926	-99.719707
234	0.511863	75000	-0.344217	-100.063923
235	0.510192	75000	-0.343656	-100.407580
236	0.508524	75000	-0.342891	-100.750471
237	0.506859	75000	-0.342213	-101.092684
238	0.505198	75000	-0.341608	-101.434292
239	0.503540	75000	-0.340954	-101.775246
240	0.501885	75000	-0.340275	-102.115521
241	0.500234	75000	-0.339597	-102.455118
242	0.498586	75000	-0.338913	-102.794032
243	0.496941	75000	-0.338248	-103.132280
244	0.495299	75000	-0.337560	-103.469840
245	0.493660	75000	-0.336926	-103.806766
246	0.492025	75000	-0.336252	-104.143018
247	0.490393	75000	-0.335615	-104.478633
248	0.488765	75000	-0.334945	-104.813578
249	0.487139	75000	-0.334293	-105.147871
250	0.485517	75000	-0.333654	-105.481525
251	0.483898	75000	-0.333091	-105.814616
252	0.482283	75000	-0.332403	-106.147019
253	0.480670	75000	-0.331686	-106.478705
254	0.479061	75000	-0.331045	-106.809750
255	0.477455	75000	-0.330300	-107.140050
256	0.475852	75000	-0.329766	-107.469816
257	0.474253	75000	-0.329109	-107.798925
258	0.472656	75000	-0.328446	-108.127371
259	0.471063	75000	-0.327719	-108.455090
260	0.469474	75000	-0.327240	-108.782331
261	0.467887	75000	-0.326427	-109.108757
262	0.466304	75000	-0.325833	-109.434591
263	0.464723	75000	-0.325145	-109.759736
264	0.463146	75000	-0.324591	-110.084327
265	0.461573	75000	-0.323828	-110.408156
266	0.460002	75000	-0.323238	-110.731394
267	0.458435	75000	-0.322541	-111.053935
268	0.456871	75000	-0.321932	-111.375867
269	0.455310	75000	-0.321360	-111.697227
270	0.453752	75000	-0.320716	-112.017943
271	0.452198	75000	-0.319952	-112.337896
272	0.450647	75000	-0.319333	-112.657229
273	0.449098	75000	-0.318658	-112.975886
274	0.447554	75000	-0.318116	-113.294002
275	0.446012	75000	-0.317459	-113.611461
276	0.444473	75000	-0.316738	-113.928199
277	0.442938	75000	-0.316101	-114.244300
278	0.441406	75000	-0.315376	-114.559676
279	0.439877	75000	-0.314817	-114.874493
280	0.438351	75000	-0.314245	-115.188739
281	0.436829	75000	-0.313557	-115.502296
282	0.435309	75000	-0.312815	-115.815110
283	0.433793	75000	-0.312237	-116.127348
284	0.432280	75000	-0.311659	-116.439007
285	0.430770	75000	-0.310869	-116.749875
286	0.429263	75000	-0.310366	-117.060241
287	0.427760	75000	-0.309619	-117.369860
288	0.426259	75000	-0.309118	-117.678978
289	0.424762	75000	-0.308472	-117.987449
290	0.423268	75000	-0.307798	-118.295247
291	0.421777	75000	-0.307169	-118.602416
292	0.420289	75000	-0.306535	-118.908951
293	0.418805	75000	-0.305915	-119.214866
294	0.417323	75000	-0.305343	-119.520209
295	0.415845	75000	-0.304592	-119.824802
296	0.414370	75000	-0.303936	-120.128738
297	0.412898	75000	-0.303299	-120.432037
298	0.411429	75000	-0.302693	-120.734730
299	0.409963	75000	-0.302057	-121.036787
300	0.408501	75000	-0.301437	-121.338224
301	0.407041	75000	-0.300817	-121.639040
302	0.405585	75000	-0.300165	-121.939205
303	0.404132	75000	-0.299557	-122.238762
304	0.402682	75000	-0.298838	-122.537600
305	0.401235	75000	-0.298290	-122.835890
306	0.399791	75000	-0.297650	-123.133539
307	0.398350	75000	-0.297034	-123.430573
308	0.396913	75000	-0.296282	-123.726855
309	0.395478	75000	-0.295697	-124.022552
310	0.394047	75000	-0.295117	-124.317669
311	0.392619	75000	-0.294442	-124.612111
312	0.391194	75000	-0.293861	-124.905973
313	0.389772	75000	-0.293194	-125.199166
314	0.388353	75000	-0.292585	-125.491752
315	0.386937	75000	-0.291961	-125.783713
316	0.385524	75000	-0.291390	-126.075103
317	0.384115	75000	-0.290655	-126.365758
318	0.382708	75000	-0.290146	-126.655904
319	0.381305	75000	-0.289559	-126.945463
320	0.379904	75000	-0.288824	-127.234287
321	0.378507	75000	-0.288217	-127.522504
322	0.377113	75000	-0.287637	-127.810141
323	0.375722	75000	-0.286917	-128.097058
324	0.374334	75000	-0.286389	-128.383447
325	0.372949	75000	-0.285729	-128.669176
326	0.371567	75000	-0.285054	-128.954229
327	0.370189	75000	-0.284515	-129.238745
328	0.368813	75000	-0.283937	-129.522682
329	0.367440	75000	-0.283265	-129.805947
330	0.366071	75000	-0.282641	-130.088588
331	0.364705	75000	-0.282092	-130.370681
332	0.363341	75000	-0.281468	-130.652149
333	0.361981	75000	-0.280729	-130.932877
334	0.360624	75000	-0.280107	-131.212984
335	0.359269	75000	-0.279588	-131.492572
336	0.357918	75000	-0.279049	-131.771621
337	0.356570	75000	-0.278460	-132.050081
338	0.355225	75000	-0.277690	-132.327771
339	0.353883	75000	-0.277176	-132.604947
340	0.352544	75000	-0.276483	-132.881430
341	0.351208	75000	-0.275916	-133.157346
342	0.349875	75000	-0.275218	-133.432564
343	0.348546	75000	-0.274669	-133.707234
344	0.347219	75000	-0.274035	-133.981269
345	0.345895	75000	-0.273392	-134.254661
346	0.344574	75000	-0.272845	-134.527507
347	0.343257	75000	-0.272359	-134.799865
348	0.341942	75000	-0.271616	-135.071482
349	0.340630	75000	-0.271034	-135.342515
350	0.339322	75000	-0.270436	-135.612951
351	0.338016	75000	-0.269777	-135.882728
352	0.336714	75000	-0.269163	-136.151891
353	0.335414	75000	-0.268689	-136.420580
354	0.334118	75000	-0.267960	-136.688540
355	0.332824	75000	-0.267336	-136.955877
356	0.331534	75000	-0.266714	-137.222591
357	0.330246	75000	-0.266139	-137.488730
358	0.328962	75000	-0.265604	-137.754334
359	0.327680	75000	-0.264923	-138.019257
360	0.326401	75000	-0.264304	-138.283561
361	0.325126	75000	-0.263693	-138.547254
362	0.323853	75000	-0.263169	-138.810423
363	0.322584	75000	-0.262469	-139.072892
364	0.321317	75000	-0.261912	-139.334803
365	0.320054	75000	-0.261334	-139.596137
366	0.318793	75000	-0.260669	-139.856806
367	0.317536	75000	-0.259912	-140.116719
368	0.316281	75000	-0.259495	-140.376214
369	0.315030	75000	-0.258908	-140.635122
370	0.313781	75000	-0.258326	-140.893448
371	0.312535	75000	-0.257761	-141.151208
372	0.311293	75000	-0.257085	-141.408293
373	0.310053	75000	-0.256397	-141.664690
374	0.308816	75000	-0.255869	-141.920559
375	0.307582	75000	-0.255227	-142.175786
376	0.306352	75000	-0.254674	-142.430460
377	0.305124	75000	-0.254132	-142.684591
378	0.303899	75000	-0.253469	-142.938061
379	0.302677	75000	-0.252960	-143.191020
380	0.301458	75000	-0.252343	-143.443364
381	0.300242	75000	-0.251740	-143.695104
382	0.299029	75000	-0.251107	-143.946211
383	0.297819	75000	-0.250540	-144.196751
384	0.296611	75000	-0.249858	-144.446609
385	0.295407	75000	-0.249357	-144.695967
386	0.294206	75000	-0.248829	-144.944795
387	0.293007	75000	-0.248211	-145.193006
388	0.291812	75000	-0.247662	-145.440668
389	0.290619	75000	-0.246922	-145.687590
390	0.289430	75000	-0.246498	-145.934087
391	0.288243	75000	-0.245899	-146.179986
392	0.287059	75000	-0.245292	-146.425278
393	0.285879	75000	-0.244619	-146.669897
394	0.284701	75000	-0.244098	-146.913995
395	0.283526	75000	-0.243517	-147.157512
396	0.282354	75000	-0.242911	-147.400423
397	0.281184	75000	-0.242316	-147.642739
398	0.280018	75000	-0.241693	-147.884432
399	0.278855	75000	-0.241161	-148.125594
400	0.277694	75000	-0.240523	-148.366117
401	0.276537	75000	-0.239933	-148.606050
402	0.275382	75000	-0.239371	-148.845421
403	0.274230	75000	-0.238787	-149.084207
404	0.273082	75000	-0.238290	-149.322497
405	0.271936	75000	-0.237572	-149.560069
406	0.270793	75000	-0.237025	-149.797095
407	0.269652	75000	-0.236496	-150.033590
408	0.268515	75000	-0.235994	-150.269584
409	0.267381	75000	-0.235400	-150.504985
410	0.266249	75000	-0.234797	-150.739782
411	0.265121	75000	-0.234212	-150.973994
412	0.263995	75000	-0.233638	-151.207632
413	0.262872	75000	-0.232982	-151.440613
414	0.261752	75000	-0.232488	-151.673101
415	0.260635	75000	-0.231854	-151.904955
416	0.259520	75000	-0.231374	-152.136330
417	0.258409	75000	-0.230690	-152.367019
418	0.257300	75000	-0.230185	-152.597204
419	0.256195	75000	-0.229629	-152.826833
420	0.255092	75000	-0.228898	-153.055731
421	0.253992	75000	-0.228372	-153.284103
422	0.252895	75000	-0.227920	-153.512024
423	0.251800	75000	-0.227203	-153.739226
424	0.250709	75000	-0.226710	-153.965937
425	0.249620	75000	-0.226122	-154.192059
426	0.248534	75000	-0.225706	-154.417765
427	0.247451	75000	-0.224969	-154.642734
428	0.246371	75000	-0.224455	-154.867189
429	0.245294	75000	-0.223840	-155.091029
430	0.244220	75000	-0.223463	-155.314492
431	0.243148	75000	-0.222775	-155.537267
432	0.242079	75000	-0.222177	-155.759444
433	0.241013	75000	-0.221652	-155.981095
434	0.239950	75000	-0.221142	-156.202237
435	0.238890	75000	-0.220510	-156.422747
436	0.237832	75000	-0.219773	-156.642520
437	0.236778	75000	-0.219335	-156.861854
438	0.235726	75000	-0.218705	-157.080560
439	0.234677	75000	-0.218272	-157.298832
440	0.233630	75000	-0.217743	-157.516575
441	0.232587	75000	-0.217057	-157.733632
442	0.231546	75000	-0.216521	-157.950152
443	0.230509	75000	-0.215956	-158.166108
444	0.229473	75000	-0.215383	-158.381491
445	0.228441	75000	-0.214783	-158.596274
446	0.227412	75000	-0.214260	-158.810534
447	0.226385	75000	-0.213779	-159.024313
448	0.225361	75000	-0.213137	-159.237450
449	0.224340	75000	-0.212547	-159.449997
450	0.223322	75000	-0.212006	-159.662004
451	0.222306	75000	-0.211653	-159.873657
452	0.221293	75000	-0.210989	-160.084646
453	0.220283	75000	-0.210345	-160.294991
454	0.219276	75000	-0.209875	-160.504865
455	0.218272	75000	-0.209167	-160.714032
456	0.217270	75000	-0.208669	-160.922701
457	0.216271	75000	-0.208100	-161.130801
458	0.215275	75000	-0.207618	-161.338419
459	0.214281	75000	-0.207117	-161.545536
460	0.213291	75000	-0.206460	-161.751996
461	0.212303	75000	-0.206040	-161.958036
462	0.211318	75000	-0.205433	-162.163470
463	0.210335	75000	-0.204855	-162.368325
464	0.209356	75000	-0.204374	-162.572699
465	0.208379	75000	-0.203785	-162.776485
466	0.207404	75000	-0.203363	-162.979848
467	0.206433	75000	-0.202749	-163.182597
468	0.205464	75000	-0.202132	-163.384729
469	0.204498	75000	-0.201646	-163.586375
470	0.203535	75000	-0.201085	-163.787461
471	0.202575	75000	-0.200588	-163.988049
472	0.201617	75000	-0.200003	-164.188051
473	0.200662	75000	-0.199359	-164.387411
474	0.199709	75000	-0.198836	-164.586247
475	0.198760	75000	-0.198348	-164.784596
476	0.197813	75000	-0.197754	-164.982349
477	0.196869	75000	-0.197251	-165.179601
478	0.195927	75000	-0.196669	-165.376270
479	0.194988	75000	-0.196191	-165.572461
480	0.194052	75000	-0.195635	-165.768096
481	0.193119	75000	-0.194995	-165.963091
482	0.192188	75000	-0.194588	-166.157680
483	0.191260	75000	-0.194070	-166.351750
484	0.190335	75000	-0.193459	-166.545209
485	0.189412	75000	-0.192972	-166.738181
486	0.188492	75000	-0.192376	-166.930557
487	0.187575	75000	-0.191826	-167.122383
488	0.186660	75000	-0.191370	-167.313753
489	0.185749	75000	-0.190749	-167.504502
490	0.184839	75000	-0.190321	-167.694822
491	0.183933	75000	-0.189838	-167.884660
492	0.183029	75000	-0.189367	-168.074027
493	0.182128	75000	-0.188593	-168.262620
494	0.181229	75000	-0.188045	-168.450665
495	0.180333	75000	-0.187479	-168.638143
496	0.179440	75000	-0.187081	-168.825224
497	0.178550	75000	-0.186460	-169.011684
498	0.177662	75000	-0.185945	-169.197629
499	0.176777	75000	-0.185396	-169.383025
500	0.175894	75000	-0.184896	-169.567921
501	0.175014	75000	-0.184520	-169.752441
502	0.174137	75000	-0.183916	-169.936358
503	0.173262	75000	-0.183316	-170.119674
504	0.172390	75000	-0.182745	-170.302419
505	0.171521	75000	-0.182298	-170.484717
506	0.170654	75000	-0.181773	-170.666490
507	0.169790	75000	-0.181338	-170.847829
508	0.168929	75000	-0.180726	-171.028554
509	0.168070	75000	-0.180354	-171.208908
510	0.167214	75000	-0.179617	-171.388525
511	0.166360	75000	-0.179197	-171.567722
512	0.165509	75000	-0.178620	-171.746343
513	0.164661	75000	-0.178213	-171.924556
514	0.163815	75000	-0.177595	-172.102151
515	0.162972	75000	-0.177065	-172.279216
516	0.162132	75000	-0.176667	-172.455883
517	0.161294	75000	-0.176013	-172.631897
518	0.160458	75000	-0.175541	-172.807438
519	0.159626	75000	-0.174940	-172.982377
520	0.158796	75000	-0.174419	-173.156796
521	0.157968	75000	-0.173979	-173.330775
522	0.157143	75000	-0.173531	-173.504307
523	0.156321	75000	-0.173022	-173.677329
524	0.155501	75000	-0.172375	-173.849704
525	0.154684	75000	-0.172038	-174.021742
526	0.153870	75000	-0.171416	-174.193158
527	0.153058	75000	-0.170864	-174.364022
528	0.152248	75000	-0.170384	-174.534407
529	0.151441	75000	-0.170000	-174.704407
530	0.150637	75000	-0.169398	-174.873805
531	0.149835	75000	-0.168806	-175.042612
532	0.149036	75000	-0.168255	-175.210867
533	0.148240	75000	-0.167763	-175.378630
534	0.147446	75000	-0.167368	-175.545998
535	0.146654	75000	-0.166849	-175.712847
536	0.145865	75000	-0.166369	-175.879216
537	0.145079	75000	-0.165954	-176.045170
538	0.144295	75000	-0.165299	-176.210468
539	0.143514	75000	-0.164957	-176.375425
540	0.142735	75000	-0.164338	-176.539763
541	0.141959	75000	-0.163901	-176.703664
542	0.141186	75000	-0.163324	-176.866988
543	0.140415	75000	-0.162746	-177.029734
544	0.139646	75000	-0.162495	-177.192230
545	0.138880	75000	-0.161892	-177.354121
546	0.138116	75000	-0.161458	-177.515579
547	0.137356	75000	-0.160913	-177.676492
548	0.136597	75000	-0.160331	-177.836824
549	0.135841	75000	-0.159851	-177.996674
550	0.135088	75000	-0.159281	-178.155955
551	0.134337	75000	-0.158896	-178.314851
552	0.133588	75000	-0.158376	-178.473227
553	0.132843	75000	-0.157920	-178.631147
554	0.132099	75000	-0.157314	-178.788462
555	0.131358	75000	-0.156839	-178.945301
556	0.130620	75000	-0.156284	-179.101585
557	0.129884	75000	-0.155804	-179.257389
558	0.129151	75000	-0.155362	-179.412751
559	0.128420	75000	-0.154952	-179.567703
560	0.127691	75000	-0.154524	-179.722226
561	0.126965	75000	-0.154038	-179.876264
562	0.126242	75000	-0.153590	-180.029854
563	0.125521	75000	-0.152924	-180.182778
564	0.124802	75000	-0.152496	-180.335274
565	0.124086	75000	-0.151898	-180.487172
566	0.123373	75000	-0.151447	-180.638618
567	0.122662	75000	-0.150964	-180.789582
568	0.121953	75000	-0.150521	-180.940103
569	0.121247	75000	-0.150166	-181.090269
570	0.120543	75000	-0.149630	-181.239898
571	0.119842	75000	-0.149105	-181.389003
572	0.119143	75000	-0.148539	-181.537543
573	0.118447	75000	-0.148154	-181.685696
574	0.117753	75000	-0.147543	-181.833240
575	0.117062	75000	-0.147084	-181.980323
576	0.116373	75000	-0.146711	-182.127034
577	0.115686	75000	-0.146092	-182.273126
578	0.115002	75000	-0.145711	-182.418837
579	0.114320	75000	-0.145185	-182.564022
580	0.113641	75000	-0.144732	-182.708754
581	0.112964	75000	-0.144221	-182.852975
582	0.112290	75000	-0.143759	-182.996734
583	0.111618	75000	-0.143202	-183.139936
584	0.110948	75000	-0.142860	-183.282797
585	0.110281	75000	-0.142219	-183.425016
586	0.109616	75000	-0.141901	-183.566917
587	0.108954	75000	-0.141452	-183.708369
588	0.108294	75000	-0.140954	-183.849323
589	0.107637	75000	-0.140412	-183.989736
590	0.106981	75000	-0.139947	-184.129682
591	0.106329	75000	-0.139632	-184.269314
592	0.105678	75000	-0.139171	-184.408484
593	0.105030	75000	-0.138646	-184.547130
594	0.104385	75000	-0.138023	-184.685153
595	0.103742	75000	-0.137652	-184.822805
596	0.103101	75000	-0.137211	-184.960016
597	0.102463	75000	-0.136818	-185.096833
598	0.101827	75000	-0.136223	-185.233056
599	0.101193	75000	-0.135699	-185.368755
600	0.100562	75000	-0.135537	-185.504292
601	0.099933	75000	-0.135071	-185.639363
602	0.099306	75000	-0.134420	-185.773783
603	0.098682	75000	-0.133963	-185.907746
604	0.098060	75000	-0.133439	-186.041185
605	0.097441	75000	-0.133169	-186.174354
606	0.096824	75000	-0.132544	-186.306898
607	0.096209	75000	-0.132104	-186.439002
608	0.095596	75000	-0.131732	-186.570733
609	0.094986	75000	-0.131141	-186.701875
610	0.094379	75000	-0.130650	-186.832524
611	0.093773	75000	-0.130241	-186.962765
612	0.093170	75000	-0.129855	-187.092620
613	0.092570	75000	-0.129361	-187.221981
614	0.091971	75000	-0.128886	-187.350868
615	0.091375	75000	-0.128649	-187.479517
616	0.090781	75000	-0.127988	-187.607505
617	0.090190	75000	-0.127463	-187.734968
618	0.089601	75000	-0.127129	-187.862097
619	0.089014	75000	-0.126688	-187.988785
620	0.088430	75000	-0.126173	-188.114958
621	0.087848	75000	-0.125729	-188.240687
622	0.087268	75000	-0.125414	-188.366100
623	0.086690	75000	-0.125124	-188.491224
624	0.086115	75000	-0.124385	-188.615610
625	0.085542	75000	-0.124027	-188.739636
626	0.084971	75000	-0.123605	-188.863242
627	0.084403	75000	-0.123070	-188.986312
628	0.083837	75000	-0.122705	-189.109017
629	0.083273	75000	-0.122152	-189.231168
630	0.082712	75000	-0.121874	-189.353042
631	0.082152	75000	-0.121337	-189.474379
632	0.081595	75000	-0.120870	-189.595249
633	0.081041	75000	-0.120559	-189.715808
634	0.080488	75000	-0.120255	-189.836063
635	0.079938	75000	-0.119607	-189.955670
636	0.079390	75000	-0.119218	-190.074888
637	0.078845	75000	-0.118760	-190.193648
638	0.078301	75000	-0.118474	-190.312121
639	0.077760	75000	-0.117913	-190.430035
640	0.077221	75000	-0.117409	-190.547444
641	0.076684	75000	-0.116870	-190.664314
642	0.076150	75000	-0.116760	-190.781074
643	0.075618	75000	-0.116090	-190.897163
644	0.075088	75000	-0.115842	-191.013006
645	0.074560	75000	-0.115393	-191.128399
646	0.074035	75000	-0.114973	-191.243372
647	0.073512	75000	-0.114419	-191.357791
648	0.072991	75000	-0.113989	-191.471780
649	0.072472	75000	-0.113414	-191.585195
650	0.071955	75000	-0.113099	-191.698294
651	0.071441	75000	-0.112912	-191.811207
652	0.070929	75000	-0.112714	-191.923921
653	0.070419	75000	-0.112084	-192.036005
654	0.069911	75000	-0.111480	-192.147485
655	0.069406	75000	-0.111247	-192.258732
656	0.068903	75000	-0.110792	-192.369524
657	0.068401	75000	-0.110421	-192.479945
658	0.067903	75000	-0.109970	-192.589915
659	0.067406	75000	-0.109566	-192.699480
660	0.066911	75000	-0.108973	-192.808453
661	0.066419	75000	-0.108854	-192.917307
662	0.065929	75000	-0.108043	-193.025350
663	0.065441	75000	-0.108018	-193.133368
664	0.064955	75000	-0.107495	-193.240863
665	0.064471	75000	-0.106924	-193.347786
666	0.063990	75000	-0.106580	-193.454366
667	0.063510	75000	-0.105963	-193.560329
668	0.063033	75000	-0.105794	-193.666123
669	0.062558	75000	-0.105442	-193.771565
670	0.062085	75000	-0.105051	-193.876616
671	0.061615	75000	-0.104727	-193.981343
672	0.061146	75000	-0.104386	-194.085729
673	0.060680	75000	-0.103625	-194.189353
674	0.060216	75000	-0.103376	-194.292729
675	0.059753	75000	-0.103126	-194.395855
676	0.059293	75000	-0.102547	-194.498402
677	0.058836	75000	-0.102362	-194.600765
678	0.058380	75000	-0.101863	-194.702628
679	0.057926	75000	-0.101359	-194.803987
680	0.057475	75000	-0.101082	-194.905069
681	0.057025	75000	-0.100700	-195.005770
682	0.056578	75000	-0.100050	-195.105820
683	0.056133	75000	-0.099738	-195.205557
684	0.055690	75000	-0.099244	-195.304801
685	0.055249	75000	-0.098994	-195.403796
686	0.054810	75000	-0.098734	-195.502529
687	0.054373	75000	-0.098499	-195.601028
688	0.053939	75000	-0.098186	-195.699215
689	0.053506	75000	-0.097506	-195.796721
690	0.053076	75000	-0.097449	-195.894169
691	0.052647	75000	-0.096627	-195.990797
692	0.052221	75000	-0.096389	-196.087185
693	0.051797	75000	-0.095812	-196.182998
694	0.051375	75000	-0.095574	-196.278571
695	0.050955	75000	-0.095462	-196.374033
696	0.050537	75000	-0.094798	-196.468831
697	0.050121	75000	-0.094465	-196.563296
698	0.049707	75000	-0.094278	-196.657574
699	0.049295	75000	-0.093842	-196.751416
700	0.048885	75000	-0.093292	-196.844708
701	0.048478	75000	-0.093086	-196.937795
702	0.048072	75000	-0.092618	-197.030413
703	0.047668	75000	-0.092413	-197.122825
704	0.047267	75000	-0.091748	-197.214573
705	0.046867	75000	-0.091552	-197.306125
706	0.046470	75000	-0.090967	-197.397092
707	0.046074	75000	-0.090746	-197.487837
708	0.045681	75000	-0.090560	-197.578397
709	0.045289	75000	-0.090113	-197.668510
710	0.044900	75000	-0.089824	-197.758334
711	0.044512	75000	-0.089533	-197.847867
712	0.044127	75000	-0.089421	-197.937289
713	0.043744	75000	-0.088827	-198.026116
714	0.043362	75000	-0.088532	-198.114648
715	0.042983	75000	-0.088277	-198.202926
716	0.042606	75000	-0.087788	-198.290714
717	0.042230	75000	-0.087208	-198.377922
718	0.041857	75000	-0.086940	-198.464862
719	0.041485	75000	-0.086904	-198.551767
720	0.041116	75000	-0.086232	-198.637998
721	0.040749	75000	-0.085759	-198.723757
722	0.040383	75000	-0.085805	-198.809563
723	0.040020	75000	-0.085590	-198.895152
724	0.039658	75000	-0.085026	-198.980178
725	0.039299	75000	-0.084547	-199.064725
726	0.038941	75000	-0.084490	-199.149215
727	0.038585	75000	-0.084106	-199.233322
728	0.038232	75000	-0.083528	-199.316849
729	0.037880	75000	-0.083250	-199.400099
730	0.037530	75000	-0.083230	-199.483328
731	0.037182	75000	-0.082568	-199.565896
732	0.036836	75000	-0.082501	-199.648397
733	0.036493	75000	-0.082293	-199.730690
734	0.036151	75000	-0.081824	-199.812514
735	0.035810	75000	-0.081412	-199.893926
736	0.035472	75000	-0.080995	-199.974922
737	0.035136	75000	-0.080606	-200.055527
738	0.034802	75000	-0.080226	-200.135753
739	0.034469	75000	-0.080381	-200.216135
740	0.034139	75000	-0.079593	-200.295727
741	0.033810	75000	-0.079687	-200.375414
742	0.033484	75000	-0.079242	-200.454656
743	0.033159	75000	-0.078994	-200.533650
744	0.032836	75000	-0.078595	-200.612245
745	0.032515	75000	-0.078466	-200.690711
746	0.032196	75000	-0.078103	-200.768814
747	0.031879	75000	-0.077957	-200.846771
748	0.031563	75000	-0.077655	-200.924426
749	0.031250	75000	-0.077313	-201.001739
750	0.030938	75000	-0.076812	-201.078551
751	0.030629	75000	-0.077260	-201.155811
752	0.030321	75000	-0.076747	-201.232557
753	0.030015	75000	-0.076540	-201.309097
754	0.029711	75000	-0.075356	-201.384453
755	0.029409	75000	-0.075363	-201.459816
756	0.029108	75000	-0.075075	-201.534891
757	0.028810	75000	-0.075176	-201.610066
758	0.028513	75000	-0.075044	-201.685110
759	0.028218	75000	-0.074653	-201.759763
760	0.027925	75000	-0.074092	-201.833855
761	0.027634	75000	-0.074056	-201.907912
762	0.027345	75000	-0.073713	-201.981625
763	0.027057	75000	-0.073546	-202.055171
764	0.026771	75000	-0.073608	-202.128779
765	0.026487	75000	-0.073201	-202.201980
766	0.026205	75000	-0.072725	-202.274705
767	0.025925	75000	-0.072577	-202.347282
768	0.025647	75000	-0.072373	-202.419654
769	0.025370	75000	-0.072596	-202.492250
770	0.025095	75000	-0.072365	-202.564615
771	0.024822	75000	-0.072221	-202.636836
772	0.024551	75000	-0.071627	-202.708463
773	0.024281	75000	-0.071478	-202.779941
774	0.024014	75000	-0.071009	-202.850950
775	0.023748	75000	-0.070918	-202.921868
776	0.023483	75000	-0.070682	-202.992549
777	0.023221	75000	-0.070674	-203.063223
778	0.022960	75000	-0.070463	-203.133687
779	0.022702	75000	-0.070700	-203.204387
780	0.022445	75000	-0.070605	-203.274992
781	0.022189	75000	-0.069876	-203.344868
782	0.021936	75000	-0.069792	-203.414660
783	0.021684	75000	-0.069908	-203.484568
784	0.021434	75000	-0.069287	-203.553854
785	0.021185	75000	-0.069639	-203.623494
786	0.020939	75000	-0.069850	-203.693343
787	0.020694	75000	-0.069103	-203.762446
788	0.020451	75000	-0.068891	-203.831337
789	0.020209	75000	-0.068938	-203.900275
790	0.019969	75000	-0.068884	-203.969159
791	0.019731	75000	-0.068612	-204.037770
792	0.019495	75000	-0.068668	-204.106438
793	0.019261	75000	-0.068955	-204.175393
794	0.019028	75000	-0.068383	-204.243776
795	0.018796	75000	-0.068805	-204.312581
796	0.018567	75000	-0.068228	-204.380809
797	0.018339	75000	-0.067522	-204.448331
798	0.018113	75000	-0.068503	-204.516834
799	0.017889	75000	-0.068819	-204.585653
800	0.017666	75000	-0.068853	-204.654506
801	0.017445	75000	-0.068269	-204.722775
802	0.017225	75000	-0.068016	-204.790791
803	0.017007	75000	-0.069256	-204.860047
804	0.016791	75000	-0.069469	-204.929516
805	0.016577	75000	-0.068829	-204.998345
806	0.016364	75000	-0.066962	-205.065308
807	0.016153	75000	-0.069499	-205.134806
808	0.015943	75000	-0.069287	-205.204093
809	0.015736	75000	-0.069777	-205.273870
810	0.015529	75000	-0.068702	-205.342572
811	0.015325	75000	-0.068775	-205.411347
812	0.015122	75000	-0.070107	-205.481454
813	0.014920	75000	-0.070367	-205.551821
814	0.014721	75000	-0.070465	-205.622286
815	0.014523	75000	-0.071513	-205.693799
816	0.014326	75000	-0.069768	-205.763567
817	0.014131	75000	-0.071220	-205.834787
818	0.013938	75000	-0.072576	-205.907363
819	0.013746	75000	-0.071262	-205.978625
820	0.013556	75000	-0.073247	-206.051873
821	0.013367	75000	-0.076791	-206.128664
822	0.013181	75000	-0.074584	-206.203249
823	0.012995	75000	-0.073070	-206.276319
824	0.012811	75000	-0.077127	-206.353446
825	0.012629	75000	-0.076841	-206.430287
826	0.012448	75000	-0.077920	-206.508207
827	0.012269	75000	-0.076615	-206.584821
828	0.012092	75000	-0.076800	-206.661622
829	0.011916	75000	-0.077641	-206.739263
830	0.011741	75000	-0.077688	-206.816951
831	0.011568	75000	-0.079339	-206.896290
832	0.011397	75000	-0.083171	-206.979461
833	0.011227	75000	-0.082422	-207.061883
834	0.011059	75000	-0.080251	-207.142134
835	0.010892	75000	-0.086357	-207.228491
836	0.010727	75000	-0.086545	-207.315035
837	0.010563	75000	-0.087023	-207.402059
838	0.010401	75000	-0.087991	-207.490050
839	0.010240	75000	-0.089832	-207.579882
840	0.010081	75000	-0.088590	-207.668472
841	0.009923	75000	-0.088880	-207.757352
842	0.009767	75000	-0.092941	-207.850293
843	0.009612	75000	-0.094363	-207.944656
844	0.009459	75000	-0.095998	-208.040654
845	0.009307	75000	-0.095430	-208.136084
846	0.009156	75000	-0.095754	-208.231838
847	0.009008	75000	-0.097729	-208.329567
848	0.008860	75000	-0.098682	-208.428249
849	0.008714	75000	-0.100808	-208.529057
850	0.008570	75000	-0.099222	-208.628278
851	0.008427	75000	-0.105321	-208.733599
852	0.008285	75000	-0.101983	-208.835582
853	0.008145	75000	-0.103683	-208.939264
854	0.008006	75000	-0.103608	-209.042872
855	0.007869	75000	-0.107644	-209.150517
856	0.007733	75000	-0.105235	-209.255752
857	0.007598	75000	-0.105986	-209.361738
858	0.007465	75000	-0.106996	-209.468734
859	0.007334	75000	-0.108122	-209.576856
860	0.007203	75000	-0.104762	-209.681618
861	0.007075	75000	-0.110176	-209.791793
862	0.006947	75000	-0.109808	-209.901602
863	0.006821	75000	-0.108999	-210.010600
864	0.006696	75000	-0.109072	-210.119672
865	0.006573	75000	-0.108302	-210.227975
866	0.006451	75000	-0.108301	-210.336275
867	0.006330	75000	-0.108699	-210.444974
868	0.006211	75000	-0.107943	-210.552918
869	0.006093	75000	-0.106739	-210.659657
870	0.005977	75000	-0.107092	-210.766749
871	0.005862	75000	-0.108044	-210.874793
872	0.005748	75000	-0.107995	-210.982788
873	0.005635	75000	-0.107030	-211.089818
874	0.005524	75000	-0.106894	-211.196712
875	0.005414	75000	-0.107538	-211.304250
876	0.005306	75000	-0.104367	-211.408617
877	0.005199	75000	-0.104824	-211.513441
878	0.005093	75000	-0.105810	-211.619251
879	0.004988	75000	-0.102662	-211.721913
880	0.004885	75000	-0.102929	-211.824842
881	0.004783	75000	-0.104081	-211.928923
882	0.004682	75000	-0.102223	-212.031145
883	0.004583	75000	-0.101398	-212.132543
884	0.004485	75000	-0.100342	-212.232885
885	0.004388	75000	-0.099781	-212.332666
886	0.004292	75000	-0.098654	-212.431320
887	0.004198	75000	-0.097294	-212.528613
888	0.004105	75000	-0.097815	-212.626428
889	0.004013	75000	-0.096757	-212.723185
890	0.003923	75000	-0.094914	-212.818098
891	0.003833	75000	-0.094149	-212.912248
892	0.003745	75000	-0.093495	-213.005742
893	0.003658	75000	-0.092996	-213.098738
894	0.003573	75000	-0.091704	-213.190442
895	0.003488	75000	-0.090437	-213.280879
896	0.003405	75000	-0.089470	-213.370349
897	0.003323	75000	-0.088442	-213.458792
898	0.003242	75000	-0.086984	-213.545775
899	0.003162	75000	-0.086554	-213.632330
900	0.003084	75000	-0.085152	-213.717482
901	0.003007	75000	-0.084379	-213.801861
902	0.002930	75000	-0.082983	-213.884845
903	0.002855	75000	-0.081878	-213.966723
904	0.002782	75000	-0.080856	-214.047579
905	0.002709	75000	-0.079537	-214.127116
906	0.002638	75000	-0.078515	-214.205632
907	0.002567	75000	-0.077487	-214.283118
908	0.002498	75000	-0.076185	-214.359303
909	0.002430	75000	-0.075646	-214.434948
910	0.002363	75000	-0.074351	-214.509299
911	0.002297	75000	-0.073118	-214.582417
912	0.002233	75000	-0.071601	-214.654018
913	0.002169	75000	-0.070549	-214.724568
914	0.002106	75000	-0.069873	-214.794441
915	0.002045	75000	-0.068700	-214.863141
916	0.001985	75000	-0.067592	-214.930733
917	0.001925	75000	-0.066233	-214.996966
918	0.001867	75000	-0.065265	-215.062230
919	0.001810	75000	-0.064209	-215.126440
920	0.001754	75000	-0.063290	-215.189730
921	0.001699	75000	-0.062013	-215.251743
922	0.001645	75000	-0.060664	-215.312407
923	0.001592	75000	-0.059918	-215.372325
924	0.001540	75000	-0.058622	-215.430947
925	0.001490	75000	-0.057514	-215.488461
926	0.001440	75000	-0.056522	-215.544983
927	0.001391	75000	-0.055375	-215.600358
928	0.001343	75000	-0.054343	-215.654701
929	0.001296	75000	-0.053158	-215.707859
930	0.001251	75000	-0.051951	-215.759809
931	0.001206	75000	-0.050941	-215.810751
932	0.001162	75000	-0.050029	-215.860779
933	0.001119	75000	-0.048717	-215.909496
934	0.001077	75000	-0.047896	-215.957393
935	0.001036	75000	-0.046628	-216.004021
936	0.000996	75000	-0.045643	-216.049665
937	0.000957	75000	-0.044591	-216.094255
938	0.000919	75000	-0.043462	-216.137717
939	0.000882	75000	-0.042627	-216.180344
940	0.000846	75000	-0.041654	-216.221998
941	0.000810	75000	-0.040618	-216.262616
942	0.000776	75000	-0.039478	-216.302094
943	0.000742	75000	-0.038571	-216.340666
944	0.000709	75000	-0.037545	-216.378211
945	0.000678	75000	-0.036453	-216.414664
946	0.000647	75000	-0.035521	-216.450185
947	0.000617	75000	-0.034595	-216.484780
948	0.000587	75000	-0.033651	-216.518430
949	0.000559	75000	-0.032615	-216.551045
950	0.000531	75000	-0.031619	-216.582664
951	0.000505	75000	-0.030726	-216.613390
952	0.000479	75000	-0.029813	-216.643204
953	0.000454	75000	-0.028900	-216.672103
954	0.000430	75000	-0.027914	-216.700018
955	0.000406	75000	-0.027094	-216.727111
956	0.000383	75000	-0.026142	-216.753254
957	0.000362	75000	-0.025292	-216.778546
958	0.000340	75000	-0.024335	-216.802881
959	0.000320	75000	-0.023501	-216.826382
960	0.000300	75000	-0.022721	-216.849102
961	0.000281	75000	-0.021863	-216.870966
962	0.000263	75000	-0.021029	-216.891994
963	0.000246	75000	-0.020156	-216.912151
964	0.000229	75000	-0.019336	-216.931487
965	0.000213	75000	-0.018498	-216.949985
966	0.000198	75000	-0.017772	-216.967757
967	0.000183	75000	-0.016914	-216.984671
968	0.000169	75000	-0.016199	-217.000870
969	0.000156	75000	-0.015410	-217.016280
970	0.000143	75000	-0.014658	-217.030938
971	0.000131	75000	-0.013907	-217.044844
972	0.000120	75000	-0.013196	-217.058040
973	0.000109	75000	-0.012455	-217.070496
974	0.000099	75000	-0.011845	-217.082341
975	0.000089	75000	-0.011140	-217.093481
976	0.000080	75000	-0.010433	-217.103914
977	0.000072	75000	-0.009797	-217.113711
978	0.000064	75000	-0.009134	-217.122845
979	0.000057	75000	-0.008518	-217.131363
980	0.000050	75000	-0.007914	-217.139277
981	0.000043	75000	-0.007285	-217.146562
982	0.000038	75000	-0.006712	-217.153274
983	0.000032	75000	-0.006148	-217.159422
984	0.000028	75000	-0.005596	-217.165018
985	0.000023	75000	-0.005067	-217.170086
986	0.000019	75000	-0.004538	-217.174624
987	0.000016	75000	-0.004050	-217.178674
988	0.000013	75000	-0.003577	-217.182250
989	0.000010	75000	-0.003116	-217.185366
990	0.000008	75000	-0.002688	-217.188054
991	0.000006	75000	-0.002271	-217.190326
992	0.000004	75000	-0.001883	-217.192209
993	0.000003	75000	-0.001521	-217.193731
994	0.000002	75000	-0.001184	-217.194914
995	0.000001	75000	-0.000879	-217.195793
996	0.000000	75000	-0.000602	-217.196395
997	0.000000	75000	-0.000364	-217.196759
998	0.000000	75000	-0.000171	-217.196930
999	0.000000	75000	-0.000037	-217.196966
Log marginal likelihood:	-217.196966
