Steppingstone sampler:
        No Stones:                  1000
        Start It:                   10000001
        It Per Stone:               100000
        Sample Freq:                1
        Dist:                       Beta(0.400000,1.000000)
Stone No	Power	N	Stone MLh	Running MLh
0	0.997502	75000	-0.409342	-0.409342
1	0.995007	75000	-0.408695	-0.818036
2	0.992517	75000	-0.408131	-1.226168
3	0.990030	75000	-0.407511	-1.633679
4	0.987547	75000	-0.406851	-2.040530
5	0.985067	75000	-0.406280	-2.446809
6	0.982592	75000	-0.405677	-2.852487
7	0.980120	75000	-0.405067	-3.257553
8	0.977652	75000	-0.404476	-3.662030
9	0.975187	75000	-0.403856	-4.065885
10	0.972726	75000	-0.403304	-4.469189
11	0.970269	75000	-0.402663	-4.871852
12	0.967816	75000	-0.402032	-5.273884
13	0.965367	75000	-0.401370	-5.675254
14	0.962921	75000	-0.400760	-6.076014
15	0.960479	75000	-0.400226	-6.476240
16	0.958040	75000	-0.399654	-6.875893
17	0.955606	75000	-0.399040	-7.274933
18	0.953175	75000	-0.398462	-7.673395
19	0.950747	75000	-0.397844	-8.071239
20	0.948324	75000	-0.397213	-8.468452
21	0.945904	75000	-0.396554	-8.865007
22	0.943488	75000	-0.395975	-9.260982
23	0.941076	75000	-0.395389	-9.656371
24	0.938667	75000	-0.394799	-10.051169
25	0.936262	75000	-0.394248	-10.445417
26	0.933861	75000	-0.393649	-10.839066
27	0.931463	75000	-0.392995	-11.232062
28	0.929069	75000	-0.392464	-11.624526
29	0.926679	75000	-0.391813	-12.016340
30	0.924293	75000	-0.391265	-12.407605
31	0.921910	75000	-0.390578	-12.798183
32	0.919531	75000	-0.390022	-13.188205
33	0.917155	75000	-0.389436	-13.577641
34	0.914783	75000	-0.388831	-13.966472
35	0.912415	75000	-0.388214	-14.354686
36	0.910051	75000	-0.387628	-14.742314
37	0.907690	75000	-0.387067	-15.129381
38	0.905333	75000	-0.386400	-15.515782
39	0.902980	75000	-0.385847	-15.901629
40	0.900630	75000	-0.385209	-16.286838
41	0.898284	75000	-0.384694	-16.671532
42	0.895942	75000	-0.384068	-17.055600
43	0.893603	75000	-0.383450	-17.439050
44	0.891268	75000	-0.382851	-17.821901
45	0.888937	75000	-0.382318	-18.204220
46	0.886609	75000	-0.381687	-18.585907
47	0.884285	75000	-0.381114	-18.967021
48	0.881965	75000	-0.380526	-19.347547
49	0.879648	75000	-0.379911	-19.727457
50	0.877335	75000	-0.379291	-20.106749
51	0.875026	75000	-0.378720	-20.485468
52	0.872720	75000	-0.378114	-20.863582
53	0.870418	75000	-0.377525	-21.241108
54	0.868120	75000	-0.376961	-21.618068
55	0.865825	75000	-0.376365	-21.994433
56	0.863534	75000	-0.375756	-22.370189
57	0.861246	75000	-0.375180	-22.745369
58	0.858962	75000	-0.374599	-23.119968
59	0.856682	75000	-0.374016	-23.493984
60	0.854405	75000	-0.373361	-23.867345
61	0.852132	75000	-0.372832	-24.240177
62	0.849863	75000	-0.372259	-24.612436
63	0.847597	75000	-0.371680	-24.984116
64	0.845335	75000	-0.371099	-25.355216
65	0.843077	75000	-0.370493	-25.725708
66	0.840822	75000	-0.369896	-26.095604
67	0.838571	75000	-0.369283	-26.464887
68	0.836323	75000	-0.368722	-26.833609
69	0.834079	75000	-0.368092	-27.201701
70	0.831839	75000	-0.367538	-27.569239
71	0.829602	75000	-0.366967	-27.936206
72	0.827369	75000	-0.366361	-28.302567
73	0.825140	75000	-0.365765	-28.668332
74	0.822914	75000	-0.365233	-29.033565
75	0.820691	75000	-0.364621	-29.398185
76	0.818473	75000	-0.363976	-29.762161
77	0.816258	75000	-0.363516	-30.125676
78	0.814046	75000	-0.362871	-30.488547
79	0.811838	75000	-0.362249	-30.850796
80	0.809634	75000	-0.361701	-31.212497
81	0.807433	75000	-0.361190	-31.573687
82	0.805236	75000	-0.360539	-31.934226
83	0.803043	75000	-0.359949	-32.294175
84	0.800853	75000	-0.359354	-32.653529
85	0.798667	75000	-0.358852	-33.012381
86	0.796484	75000	-0.358164	-33.370545
87	0.794305	75000	-0.357641	-33.728186
88	0.792129	75000	-0.357076	-34.085263
89	0.789957	75000	-0.356514	-34.441777
90	0.787789	75000	-0.355898	-34.797675
91	0.785624	75000	-0.355195	-35.152870
92	0.783463	75000	-0.354757	-35.507627
93	0.781305	75000	-0.354131	-35.861758
94	0.779151	75000	-0.353615	-36.215373
95	0.777000	75000	-0.353107	-36.568480
96	0.774853	75000	-0.352422	-36.920901
97	0.772710	75000	-0.351865	-37.272767
98	0.770570	75000	-0.351323	-37.624090
99	0.768433	75000	-0.350699	-37.974788
100	0.766301	75000	-0.350110	-38.324899
101	0.764172	75000	-0.349625	-38.674524
102	0.762046	75000	-0.349027	-39.023551
103	0.759924	75000	-0.348346	-39.371897
104	0.757805	75000	-0.347845	-39.719742
105	0.755690	75000	-0.347266	-40.067008
106	0.753579	75000	-0.346648	-40.413656
107	0.751471	75000	-0.346099	-40.759755
108	0.749366	75000	-0.345527	-41.105282
109	0.747266	75000	-0.344972	-41.450255
110	0.745168	75000	-0.344387	-41.794642
111	0.743075	75000	-0.343819	-42.138461
112	0.740984	75000	-0.343198	-42.481659
113	0.738898	75000	-0.342570	-42.824229
114	0.736815	75000	-0.342086	-43.166315
115	0.734735	75000	-0.341571	-43.507886
116	0.732659	75000	-0.341002	-43.848889
117	0.730586	75000	-0.340335	-44.189224
118	0.728517	75000	-0.339816	-44.529040
119	0.726452	75000	-0.339202	-44.868242
120	0.724390	75000	-0.338593	-45.206835
121	0.722331	75000	-0.338106	-45.544941
122	0.720276	75000	-0.337565	-45.882506
123	0.718225	75000	-0.336950	-46.219456
124	0.716177	75000	-0.336386	-46.555842
125	0.714132	75000	-0.335850	-46.891692
126	0.712091	75000	-0.335241	-47.226933
127	0.710054	75000	-0.334742	-47.561674
128	0.708020	75000	-0.334137	-47.895811
129	0.705989	75000	-0.333564	-48.229375
130	0.703962	75000	-0.332924	-48.562299
131	0.701939	75000	-0.332394	-48.894693
132	0.699919	75000	-0.331779	-49.226472
133	0.697902	75000	-0.331255	-49.557727
134	0.695889	75000	-0.330743	-49.888470
135	0.693880	75000	-0.330192	-50.218662
136	0.691874	75000	-0.329587	-50.548250
137	0.689871	75000	-0.329022	-50.877271
138	0.687872	75000	-0.328515	-51.205786
139	0.685877	75000	-0.327834	-51.533620
140	0.683885	75000	-0.327295	-51.860915
141	0.681896	75000	-0.326804	-52.187720
142	0.679911	75000	-0.326227	-52.513946
143	0.677929	75000	-0.325731	-52.839677
144	0.675951	75000	-0.325049	-53.164726
145	0.673976	75000	-0.324480	-53.489205
146	0.672005	75000	-0.323980	-53.813185
147	0.670037	75000	-0.323424	-54.136609
148	0.668073	75000	-0.322856	-54.459465
149	0.666112	75000	-0.322229	-54.781694
150	0.664155	75000	-0.321786	-55.103480
151	0.662201	75000	-0.321144	-55.424624
152	0.660250	75000	-0.320612	-55.745236
153	0.658303	75000	-0.320028	-56.065264
154	0.656359	75000	-0.319535	-56.384799
155	0.654419	75000	-0.318957	-56.703756
156	0.652483	75000	-0.318382	-57.022138
157	0.650549	75000	-0.317855	-57.339993
158	0.648619	75000	-0.317322	-57.657315
159	0.646693	75000	-0.316662	-57.973977
160	0.644770	75000	-0.316176	-58.290153
161	0.642851	75000	-0.315542	-58.605695
162	0.640934	75000	-0.315042	-58.920737
163	0.639022	75000	-0.314472	-59.235209
164	0.637113	75000	-0.313919	-59.549128
165	0.635207	75000	-0.313357	-59.862486
166	0.633304	75000	-0.312802	-60.175288
167	0.631405	75000	-0.312235	-60.487523
168	0.629510	75000	-0.311725	-60.799248
169	0.627618	75000	-0.311130	-61.110378
170	0.625729	75000	-0.310598	-61.420976
171	0.623844	75000	-0.309982	-61.730957
172	0.621962	75000	-0.309560	-62.040518
173	0.620083	75000	-0.308977	-62.349495
174	0.618208	75000	-0.308451	-62.657946
175	0.616337	75000	-0.307863	-62.965809
176	0.614468	75000	-0.307347	-63.273156
177	0.612604	75000	-0.306799	-63.579955
178	0.610742	75000	-0.306192	-63.886147
179	0.608884	75000	-0.305615	-64.191763
180	0.607029	75000	-0.305198	-64.496961
181	0.605178	75000	-0.304585	-64.801546
182	0.603330	75000	-0.303980	-65.105525
183	0.601486	75000	-0.303489	-65.409015
184	0.599645	75000	-0.302872	-65.711886
185	0.597807	75000	-0.302340	-66.014227
186	0.595973	75000	-0.301797	-66.316024
187	0.594142	75000	-0.301325	-66.617349
188	0.592314	75000	-0.300641	-66.917990
189	0.590490	75000	-0.300237	-67.218227
190	0.588669	75000	-0.299575	-67.517802
191	0.586852	75000	-0.299031	-67.816834
192	0.585038	75000	-0.298472	-68.115306
193	0.583227	75000	-0.297998	-68.413304
194	0.581420	75000	-0.297506	-68.710810
195	0.579616	75000	-0.296963	-69.007773
196	0.577815	75000	-0.296316	-69.304089
197	0.576018	75000	-0.295860	-69.599949
198	0.574224	75000	-0.295319	-69.895268
199	0.572433	75000	-0.294766	-70.190034
200	0.570646	75000	-0.294232	-70.484266
201	0.568862	75000	-0.293702	-70.777969
202	0.567082	75000	-0.293117	-71.071086
203	0.565305	75000	-0.292612	-71.363698
204	0.563531	75000	-0.292088	-71.655786
205	0.561761	75000	-0.291500	-71.947286
206	0.559993	75000	-0.290888	-72.238174
207	0.558230	75000	-0.290407	-72.528581
208	0.556469	75000	-0.289827	-72.818408
209	0.554712	75000	-0.289387	-73.107795
210	0.552958	75000	-0.288840	-73.396635
211	0.551208	75000	-0.288281	-73.684916
212	0.549461	75000	-0.287682	-73.972598
213	0.547717	75000	-0.287209	-74.259807
214	0.545977	75000	-0.286689	-74.546496
215	0.544240	75000	-0.286084	-74.832580
216	0.542506	75000	-0.285591	-75.118171
217	0.540775	75000	-0.285030	-75.403201
218	0.539048	75000	-0.284516	-75.687717
219	0.537324	75000	-0.283982	-75.971699
220	0.535604	75000	-0.283355	-76.255054
221	0.533887	75000	-0.282970	-76.538024
222	0.532173	75000	-0.282413	-76.820437
223	0.530462	75000	-0.281826	-77.102264
224	0.528755	75000	-0.281352	-77.383615
225	0.527051	75000	-0.280785	-77.664401
226	0.525350	75000	-0.280167	-77.944567
227	0.523653	75000	-0.279745	-78.224312
228	0.521958	75000	-0.279197	-78.503509
229	0.520268	75000	-0.278594	-78.782103
230	0.518580	75000	-0.278039	-79.060142
231	0.516896	75000	-0.277584	-79.337726
232	0.515215	75000	-0.277020	-79.614746
233	0.513537	75000	-0.276505	-79.891251
234	0.511863	75000	-0.276027	-80.167278
235	0.510192	75000	-0.275485	-80.442763
236	0.508524	75000	-0.274865	-80.717628
237	0.506859	75000	-0.274480	-80.992108
238	0.505198	75000	-0.273890	-81.265998
239	0.503540	75000	-0.273385	-81.539383
240	0.501885	75000	-0.272809	-81.812192
241	0.500234	75000	-0.272310	-82.084502
242	0.498586	75000	-0.271764	-82.356266
243	0.496941	75000	-0.271208	-82.627474
244	0.495299	75000	-0.270686	-82.898160
245	0.493660	75000	-0.270160	-83.168320
246	0.492025	75000	-0.269655	-83.437975
247	0.490393	75000	-0.269055	-83.707030
248	0.488765	75000	-0.268579	-83.975609
249	0.487139	75000	-0.268131	-84.243741
250	0.485517	75000	-0.267565	-84.511305
251	0.483898	75000	-0.267002	-84.778307
252	0.482283	75000	-0.266503	-85.044810
253	0.480670	75000	-0.265972	-85.310782
254	0.479061	75000	-0.265425	-85.576207
255	0.477455	75000	-0.264831	-85.841038
256	0.475852	75000	-0.264482	-86.105520
257	0.474253	75000	-0.263898	-86.369418
258	0.472656	75000	-0.263330	-86.632748
259	0.471063	75000	-0.262842	-86.895590
260	0.469474	75000	-0.262284	-87.157874
261	0.467887	75000	-0.261828	-87.419702
262	0.466304	75000	-0.261289	-87.680991
263	0.464723	75000	-0.260800	-87.941791
264	0.463146	75000	-0.260262	-88.202053
265	0.461573	75000	-0.259771	-88.461824
266	0.460002	75000	-0.259264	-88.721088
267	0.458435	75000	-0.258640	-88.979728
268	0.456871	75000	-0.258263	-89.237991
269	0.455310	75000	-0.257538	-89.495529
270	0.453752	75000	-0.257030	-89.752559
271	0.452198	75000	-0.256672	-90.009232
272	0.450647	75000	-0.256160	-90.265392
273	0.449098	75000	-0.255599	-90.520991
274	0.447554	75000	-0.255116	-90.776107
275	0.446012	75000	-0.254595	-91.030702
276	0.444473	75000	-0.254149	-91.284851
277	0.442938	75000	-0.253500	-91.538351
278	0.441406	75000	-0.253074	-91.791425
279	0.439877	75000	-0.252593	-92.044019
280	0.438351	75000	-0.252015	-92.296034
281	0.436829	75000	-0.251474	-92.547508
282	0.435309	75000	-0.250983	-92.798491
283	0.433793	75000	-0.250491	-93.048981
284	0.432280	75000	-0.249913	-93.298894
285	0.430770	75000	-0.249400	-93.548294
286	0.429263	75000	-0.248926	-93.797219
287	0.427760	75000	-0.248417	-94.045636
288	0.426259	75000	-0.247940	-94.293577
289	0.424762	75000	-0.247413	-94.540990
290	0.423268	75000	-0.246918	-94.787907
291	0.421777	75000	-0.246372	-95.034280
292	0.420289	75000	-0.245908	-95.280188
293	0.418805	75000	-0.245390	-95.525578
294	0.417323	75000	-0.244825	-95.770403
295	0.415845	75000	-0.244285	-96.014688
296	0.414370	75000	-0.243766	-96.258453
297	0.412898	75000	-0.243259	-96.501712
298	0.411429	75000	-0.242794	-96.744506
299	0.409963	75000	-0.242328	-96.986834
300	0.408501	75000	-0.241888	-97.228721
301	0.407041	75000	-0.241338	-97.470059
302	0.405585	75000	-0.240865	-97.710924
303	0.404132	75000	-0.240238	-97.951162
304	0.402682	75000	-0.239756	-98.190917
305	0.401235	75000	-0.239335	-98.430252
306	0.399791	75000	-0.238765	-98.669017
307	0.398350	75000	-0.238335	-98.907352
308	0.396913	75000	-0.237804	-99.145156
309	0.395478	75000	-0.237329	-99.382485
310	0.394047	75000	-0.236776	-99.619262
311	0.392619	75000	-0.236256	-99.855517
312	0.391194	75000	-0.235840	-100.091357
313	0.389772	75000	-0.235218	-100.326575
314	0.388353	75000	-0.234816	-100.561391
315	0.386937	75000	-0.234332	-100.795723
316	0.385524	75000	-0.233688	-101.029411
317	0.384115	75000	-0.233280	-101.262691
318	0.382708	75000	-0.232834	-101.495525
319	0.381305	75000	-0.232232	-101.727757
320	0.379904	75000	-0.231791	-101.959549
321	0.378507	75000	-0.231317	-102.190865
322	0.377113	75000	-0.230707	-102.421572
323	0.375722	75000	-0.230291	-102.651864
324	0.374334	75000	-0.229726	-102.881589
325	0.372949	75000	-0.229259	-103.110848
326	0.371567	75000	-0.228780	-103.339628
327	0.370189	75000	-0.228272	-103.567900
328	0.368813	75000	-0.227825	-103.795725
329	0.367440	75000	-0.227360	-104.023085
330	0.366071	75000	-0.226891	-104.249976
331	0.364705	75000	-0.226330	-104.476306
332	0.363341	75000	-0.225934	-104.702240
333	0.361981	75000	-0.225358	-104.927598
334	0.360624	75000	-0.224857	-105.152455
335	0.359269	75000	-0.224285	-105.376741
336	0.357918	75000	-0.223859	-105.600600
337	0.356570	75000	-0.223349	-105.823949
338	0.355225	75000	-0.222856	-106.046806
339	0.353883	75000	-0.222278	-106.269084
340	0.352544	75000	-0.221901	-106.490985
341	0.351208	75000	-0.221428	-106.712413
342	0.349875	75000	-0.220956	-106.933369
343	0.348546	75000	-0.220512	-107.153881
344	0.347219	75000	-0.219943	-107.373823
345	0.345895	75000	-0.219376	-107.593199
346	0.344574	75000	-0.218897	-107.812096
347	0.343257	75000	-0.218468	-108.030564
348	0.341942	75000	-0.217981	-108.248545
349	0.340630	75000	-0.217524	-108.466069
350	0.339322	75000	-0.217014	-108.683083
351	0.338016	75000	-0.216529	-108.899612
352	0.336714	75000	-0.216121	-109.115734
353	0.335414	75000	-0.215609	-109.331343
354	0.334118	75000	-0.215063	-109.546406
355	0.332824	75000	-0.214607	-109.761013
356	0.331534	75000	-0.214156	-109.975168
357	0.330246	75000	-0.213648	-110.188816
358	0.328962	75000	-0.213207	-110.402024
359	0.327680	75000	-0.212632	-110.614655
360	0.326401	75000	-0.212202	-110.826857
361	0.325126	75000	-0.211719	-111.038576
362	0.323853	75000	-0.211304	-111.249880
363	0.322584	75000	-0.210724	-111.460604
364	0.321317	75000	-0.210298	-111.670902
365	0.320054	75000	-0.209756	-111.880658
366	0.318793	75000	-0.209375	-112.090032
367	0.317536	75000	-0.208885	-112.298917
368	0.316281	75000	-0.208431	-112.507348
369	0.315030	75000	-0.207868	-112.715217
370	0.313781	75000	-0.207293	-112.922509
371	0.312535	75000	-0.206969	-113.129478
372	0.311293	75000	-0.206400	-113.335878
373	0.310053	75000	-0.205972	-113.541849
374	0.308816	75000	-0.205496	-113.747345
375	0.307582	75000	-0.205046	-113.952391
376	0.306352	75000	-0.204560	-114.156950
377	0.305124	75000	-0.204157	-114.361107
378	0.303899	75000	-0.203596	-114.564704
379	0.302677	75000	-0.203149	-114.767852
380	0.301458	75000	-0.202621	-114.970474
381	0.300242	75000	-0.202156	-115.172630
382	0.299029	75000	-0.201616	-115.374246
383	0.297819	75000	-0.201220	-115.575466
384	0.296611	75000	-0.200685	-115.776151
385	0.295407	75000	-0.200364	-115.976515
386	0.294206	75000	-0.199864	-116.176379
387	0.293007	75000	-0.199382	-116.375761
388	0.291812	75000	-0.198924	-116.574684
389	0.290619	75000	-0.198456	-116.773141
390	0.289430	75000	-0.197899	-116.971039
391	0.288243	75000	-0.197472	-117.168511
392	0.287059	75000	-0.196922	-117.365433
393	0.285879	75000	-0.196562	-117.561995
394	0.284701	75000	-0.196088	-117.758083
395	0.283526	75000	-0.195669	-117.953753
396	0.282354	75000	-0.195169	-118.148922
397	0.281184	75000	-0.194805	-118.343727
398	0.280018	75000	-0.194178	-118.537905
399	0.278855	75000	-0.193584	-118.731489
400	0.277694	75000	-0.193217	-118.924706
401	0.276537	75000	-0.192792	-119.117497
402	0.275382	75000	-0.192330	-119.309827
403	0.274230	75000	-0.191808	-119.501636
404	0.273082	75000	-0.191472	-119.693107
405	0.271936	75000	-0.190931	-119.884038
406	0.270793	75000	-0.190489	-120.074527
407	0.269652	75000	-0.190069	-120.264596
408	0.268515	75000	-0.189529	-120.454125
409	0.267381	75000	-0.189099	-120.643224
410	0.266249	75000	-0.188633	-120.831858
411	0.265121	75000	-0.188111	-121.019968
412	0.263995	75000	-0.187665	-121.207633
413	0.262872	75000	-0.187210	-121.394843
414	0.261752	75000	-0.186750	-121.581593
415	0.260635	75000	-0.186321	-121.767915
416	0.259520	75000	-0.185886	-121.953801
417	0.258409	75000	-0.185520	-122.139321
418	0.257300	75000	-0.184930	-122.324251
419	0.256195	75000	-0.184545	-122.508796
420	0.255092	75000	-0.184067	-122.692863
421	0.253992	75000	-0.183611	-122.876474
422	0.252895	75000	-0.183149	-123.059623
423	0.251800	75000	-0.182612	-123.242235
424	0.250709	75000	-0.182204	-123.424439
425	0.249620	75000	-0.181793	-123.606232
426	0.248534	75000	-0.181323	-123.787556
427	0.247451	75000	-0.180898	-123.968454
428	0.246371	75000	-0.180405	-124.148859
429	0.245294	75000	-0.179944	-124.328803
430	0.244220	75000	-0.179475	-124.508277
431	0.243148	75000	-0.179078	-124.687355
432	0.242079	75000	-0.178551	-124.865907
433	0.241013	75000	-0.178052	-125.043958
434	0.239950	75000	-0.177641	-125.221599
435	0.238890	75000	-0.177198	-125.398797
436	0.237832	75000	-0.176876	-125.575673
437	0.236778	75000	-0.176360	-125.752032
438	0.235726	75000	-0.175852	-125.927884
439	0.234677	75000	-0.175408	-126.103292
440	0.233630	75000	-0.175046	-126.278338
441	0.232587	75000	-0.174607	-126.452945
442	0.231546	75000	-0.174107	-126.627052
443	0.230509	75000	-0.173594	-126.800646
444	0.229473	75000	-0.173275	-126.973921
445	0.228441	75000	-0.172800	-127.146721
446	0.227412	75000	-0.172371	-127.319091
447	0.226385	75000	-0.171758	-127.490850
448	0.225361	75000	-0.171415	-127.662265
449	0.224340	75000	-0.171038	-127.833303
450	0.223322	75000	-0.170477	-128.003780
451	0.222306	75000	-0.170131	-128.173912
452	0.221293	75000	-0.169607	-128.343518
453	0.220283	75000	-0.169279	-128.512797
454	0.219276	75000	-0.168720	-128.681518
455	0.218272	75000	-0.168372	-128.849890
456	0.217270	75000	-0.168020	-129.017910
457	0.216271	75000	-0.167421	-129.185331
458	0.215275	75000	-0.166969	-129.352299
459	0.214281	75000	-0.166505	-129.518804
460	0.213291	75000	-0.166154	-129.684958
461	0.212303	75000	-0.165729	-129.850687
462	0.211318	75000	-0.165257	-130.015943
463	0.210335	75000	-0.164965	-130.180909
464	0.209356	75000	-0.164332	-130.345241
465	0.208379	75000	-0.163944	-130.509185
466	0.207404	75000	-0.163490	-130.672675
467	0.206433	75000	-0.163084	-130.835759
468	0.205464	75000	-0.162697	-130.998456
469	0.204498	75000	-0.162186	-131.160642
470	0.203535	75000	-0.161739	-131.322381
471	0.202575	75000	-0.161448	-131.483829
472	0.201617	75000	-0.160880	-131.644709
473	0.200662	75000	-0.160510	-131.805219
474	0.199709	75000	-0.160046	-131.965265
475	0.198760	75000	-0.159684	-132.124949
476	0.197813	75000	-0.159233	-132.284182
477	0.196869	75000	-0.158666	-132.442848
478	0.195927	75000	-0.158299	-132.601147
479	0.194988	75000	-0.157877	-132.759024
480	0.194052	75000	-0.157480	-132.916504
481	0.193119	75000	-0.156988	-133.073492
482	0.192188	75000	-0.156727	-133.230219
483	0.191260	75000	-0.156083	-133.386302
484	0.190335	75000	-0.155755	-133.542057
485	0.189412	75000	-0.155397	-133.697454
486	0.188492	75000	-0.154896	-133.852350
487	0.187575	75000	-0.154584	-134.006935
488	0.186660	75000	-0.154054	-134.160989
489	0.185749	75000	-0.153711	-134.314700
490	0.184839	75000	-0.153294	-134.467994
491	0.183933	75000	-0.152734	-134.620728
492	0.183029	75000	-0.152397	-134.773125
493	0.182128	75000	-0.151963	-134.925088
494	0.181229	75000	-0.151407	-135.076495
495	0.180333	75000	-0.151071	-135.227566
496	0.179440	75000	-0.150630	-135.378196
497	0.178550	75000	-0.150143	-135.528339
498	0.177662	75000	-0.149872	-135.678211
499	0.176777	75000	-0.149330	-135.827541
500	0.175894	75000	-0.148968	-135.976509
501	0.175014	75000	-0.148572	-136.125081
502	0.174137	75000	-0.148051	-136.273132
503	0.173262	75000	-0.147624	-136.420756
504	0.172390	75000	-0.147226	-136.567983
505	0.171521	75000	-0.146959	-136.714942
506	0.170654	75000	-0.146452	-136.861394
507	0.169790	75000	-0.146015	-137.007410
508	0.168929	75000	-0.145649	-137.153058
509	0.168070	75000	-0.145204	-137.298263
510	0.167214	75000	-0.144757	-137.443020
511	0.166360	75000	-0.144325	-137.587345
512	0.165509	75000	-0.143936	-137.731281
513	0.164661	75000	-0.143619	-137.874900
514	0.163815	75000	-0.143190	-138.018090
515	0.162972	75000	-0.142692	-138.160782
516	0.162132	75000	-0.142330	-138.303112
517	0.161294	75000	-0.141901	-138.445014
518	0.160458	75000	-0.141340	-138.586353
519	0.159626	75000	-0.140954	-138.727308
520	0.158796	75000	-0.140622	-138.867930
521	0.157968	75000	-0.140257	-139.008188
522	0.157143	75000	-0.139753	-139.147941
523	0.156321	75000	-0.139548	-139.287488
524	0.155501	75000	-0.139185	-139.426673
525	0.154684	75000	-0.138634	-139.565307
526	0.153870	75000	-0.138175	-139.703483
527	0.153058	75000	-0.137754	-139.841237
528	0.152248	75000	-0.137421	-139.978658
529	0.151441	75000	-0.136998	-140.115656
530	0.150637	75000	-0.136555	-140.252211
531	0.149835	75000	-0.136243	-140.388454
532	0.149036	75000	-0.135838	-140.524292
533	0.148240	75000	-0.135517	-140.659809
534	0.147446	75000	-0.135004	-140.794814
535	0.146654	75000	-0.134610	-140.929423
536	0.145865	75000	-0.134328	-141.063752
537	0.145079	75000	-0.133717	-141.197469
538	0.144295	75000	-0.133247	-141.330716
539	0.143514	75000	-0.133022	-141.463738
540	0.142735	75000	-0.132605	-141.596343
541	0.141959	75000	-0.132213	-141.728556
542	0.141186	75000	-0.131863	-141.860419
543	0.140415	75000	-0.131330	-141.991749
544	0.139646	75000	-0.130978	-142.122727
545	0.138880	75000	-0.130467	-142.253194
546	0.138116	75000	-0.130179	-142.383373
547	0.137356	75000	-0.129823	-142.513196
548	0.136597	75000	-0.129347	-142.642543
549	0.135841	75000	-0.128968	-142.771510
550	0.135088	75000	-0.128632	-142.900142
551	0.134337	75000	-0.128208	-143.028350
552	0.133588	75000	-0.127842	-143.156192
553	0.132843	75000	-0.127420	-143.283611
554	0.132099	75000	-0.126913	-143.410524
555	0.131358	75000	-0.126685	-143.537209
556	0.130620	75000	-0.126150	-143.663359
557	0.129884	75000	-0.125870	-143.789228
558	0.129151	75000	-0.125380	-143.914609
559	0.128420	75000	-0.124992	-144.039601
560	0.127691	75000	-0.124632	-144.164234
561	0.126965	75000	-0.124310	-144.288544
562	0.126242	75000	-0.123828	-144.412372
563	0.125521	75000	-0.123583	-144.535955
564	0.124802	75000	-0.123161	-144.659116
565	0.124086	75000	-0.122706	-144.781822
566	0.123373	75000	-0.122468	-144.904290
567	0.122662	75000	-0.122024	-145.026314
568	0.121953	75000	-0.121637	-145.147951
569	0.121247	75000	-0.121415	-145.269366
570	0.120543	75000	-0.120767	-145.390133
571	0.119842	75000	-0.120309	-145.510442
572	0.119143	75000	-0.119972	-145.630413
573	0.118447	75000	-0.119633	-145.750046
574	0.117753	75000	-0.119381	-145.869427
575	0.117062	75000	-0.118829	-145.988256
576	0.116373	75000	-0.118470	-146.106726
577	0.115686	75000	-0.118141	-146.224866
578	0.115002	75000	-0.118055	-146.342922
579	0.114320	75000	-0.117457	-146.460379
580	0.113641	75000	-0.116938	-146.577316
581	0.112964	75000	-0.116580	-146.693896
582	0.112290	75000	-0.116328	-146.810224
583	0.111618	75000	-0.115931	-146.926155
584	0.110948	75000	-0.115563	-147.041718
585	0.110281	75000	-0.115302	-147.157020
586	0.109616	75000	-0.114762	-147.271781
587	0.108954	75000	-0.114310	-147.386092
588	0.108294	75000	-0.114015	-147.500107
589	0.107637	75000	-0.113545	-147.613652
590	0.106981	75000	-0.113444	-147.727096
591	0.106329	75000	-0.113182	-147.840278
592	0.105678	75000	-0.112512	-147.952790
593	0.105030	75000	-0.112122	-148.064912
594	0.104385	75000	-0.111691	-148.176603
595	0.103742	75000	-0.111532	-148.288135
596	0.103101	75000	-0.111054	-148.399189
597	0.102463	75000	-0.110796	-148.509985
598	0.101827	75000	-0.110351	-148.620336
599	0.101193	75000	-0.109960	-148.730296
600	0.100562	75000	-0.109720	-148.840017
601	0.099933	75000	-0.109274	-148.949290
602	0.099306	75000	-0.108757	-149.058048
603	0.098682	75000	-0.108545	-149.166592
604	0.098060	75000	-0.108105	-149.274697
605	0.097441	75000	-0.107809	-149.382507
606	0.096824	75000	-0.107279	-149.489786
607	0.096209	75000	-0.106968	-149.596753
608	0.095596	75000	-0.106704	-149.703457
609	0.094986	75000	-0.106366	-149.809823
610	0.094379	75000	-0.106090	-149.915913
611	0.093773	75000	-0.105623	-150.021536
612	0.093170	75000	-0.105158	-150.126694
613	0.092570	75000	-0.104917	-150.231611
614	0.091971	75000	-0.104383	-150.335993
615	0.091375	75000	-0.104261	-150.440254
616	0.090781	75000	-0.103830	-150.544084
617	0.090190	75000	-0.103420	-150.647504
618	0.089601	75000	-0.102967	-150.750471
619	0.089014	75000	-0.102665	-150.853136
620	0.088430	75000	-0.102239	-150.955375
621	0.087848	75000	-0.102014	-151.057389
622	0.087268	75000	-0.101680	-151.159069
623	0.086690	75000	-0.101376	-151.260445
624	0.086115	75000	-0.100908	-151.361353
625	0.085542	75000	-0.100837	-151.462190
626	0.084971	75000	-0.100128	-151.562318
627	0.084403	75000	-0.100111	-151.662429
628	0.083837	75000	-0.099543	-151.761972
629	0.083273	75000	-0.099214	-151.861186
630	0.082712	75000	-0.099146	-151.960332
631	0.082152	75000	-0.098570	-152.058902
632	0.081595	75000	-0.098088	-152.156990
633	0.081041	75000	-0.098021	-152.255011
634	0.080488	75000	-0.097651	-152.352662
635	0.079938	75000	-0.097341	-152.450002
636	0.079390	75000	-0.096958	-152.546960
637	0.078845	75000	-0.096408	-152.643367
638	0.078301	75000	-0.096178	-152.739546
639	0.077760	75000	-0.095900	-152.835445
640	0.077221	75000	-0.095613	-152.931059
641	0.076684	75000	-0.095265	-153.026323
642	0.076150	75000	-0.094844	-153.121168
643	0.075618	75000	-0.094409	-153.215577
644	0.075088	75000	-0.094158	-153.309735
645	0.074560	75000	-0.093873	-153.403607
646	0.074035	75000	-0.093425	-153.497033
647	0.073512	75000	-0.093205	-153.590237
648	0.072991	75000	-0.092728	-153.682965
649	0.072472	75000	-0.092568	-153.775533
650	0.071955	75000	-0.092425	-153.867958
651	0.071441	75000	-0.091840	-153.959798
652	0.070929	75000	-0.091523	-154.051321
653	0.070419	75000	-0.091214	-154.142535
654	0.069911	75000	-0.090812	-154.233347
655	0.069406	75000	-0.090336	-154.323683
656	0.068903	75000	-0.090002	-154.413685
657	0.068401	75000	-0.089883	-154.503567
658	0.067903	75000	-0.089397	-154.592964
659	0.067406	75000	-0.089199	-154.682163
660	0.066911	75000	-0.088866	-154.771030
661	0.066419	75000	-0.088662	-154.859691
662	0.065929	75000	-0.088136	-154.947828
663	0.065441	75000	-0.087843	-155.035671
664	0.064955	75000	-0.087610	-155.123281
665	0.064471	75000	-0.087241	-155.210523
666	0.063990	75000	-0.087003	-155.297526
667	0.063510	75000	-0.086764	-155.384289
668	0.063033	75000	-0.086325	-155.470615
669	0.062558	75000	-0.086010	-155.556625
670	0.062085	75000	-0.085783	-155.642407
671	0.061615	75000	-0.085495	-155.727902
672	0.061146	75000	-0.085066	-155.812969
673	0.060680	75000	-0.084711	-155.897679
674	0.060216	75000	-0.084411	-155.982090
675	0.059753	75000	-0.084422	-156.066512
676	0.059293	75000	-0.083993	-156.150505
677	0.058836	75000	-0.083634	-156.234139
678	0.058380	75000	-0.083384	-156.317523
679	0.057926	75000	-0.082923	-156.400445
680	0.057475	75000	-0.082591	-156.483037
681	0.057025	75000	-0.082379	-156.565415
682	0.056578	75000	-0.081894	-156.647310
683	0.056133	75000	-0.081712	-156.729022
684	0.055690	75000	-0.081319	-156.810341
685	0.055249	75000	-0.081209	-156.891550
686	0.054810	75000	-0.080765	-156.972315
687	0.054373	75000	-0.080433	-157.052747
688	0.053939	75000	-0.080400	-157.133147
689	0.053506	75000	-0.079880	-157.213028
690	0.053076	75000	-0.079552	-157.292579
691	0.052647	75000	-0.079485	-157.372064
692	0.052221	75000	-0.079083	-157.451147
693	0.051797	75000	-0.078884	-157.530032
694	0.051375	75000	-0.078523	-157.608555
695	0.050955	75000	-0.078115	-157.686670
696	0.050537	75000	-0.077859	-157.764529
697	0.050121	75000	-0.077393	-157.841922
698	0.049707	75000	-0.077526	-157.919448
699	0.049295	75000	-0.077141	-157.996589
700	0.048885	75000	-0.076533	-158.073122
701	0.048478	75000	-0.076605	-158.149727
702	0.048072	75000	-0.076106	-158.225834
703	0.047668	75000	-0.076046	-158.301880
704	0.047267	75000	-0.075324	-158.377204
705	0.046867	75000	-0.075329	-158.452533
706	0.046470	75000	-0.074846	-158.527378
707	0.046074	75000	-0.074794	-158.602173
708	0.045681	75000	-0.074425	-158.676598
709	0.045289	75000	-0.074130	-158.750728
710	0.044900	75000	-0.074184	-158.824912
711	0.044512	75000	-0.073906	-158.898818
712	0.044127	75000	-0.073744	-158.972562
713	0.043744	75000	-0.073041	-159.045603
714	0.043362	75000	-0.072703	-159.118306
715	0.042983	75000	-0.072758	-159.191063
716	0.042606	75000	-0.072370	-159.263434
717	0.042230	75000	-0.072028	-159.335462
718	0.041857	75000	-0.071939	-159.407401
719	0.041485	75000	-0.071788	-159.479190
720	0.041116	75000	-0.071539	-159.550728
721	0.040749	75000	-0.071131	-159.621860
722	0.040383	75000	-0.071044	-159.692903
723	0.040020	75000	-0.070730	-159.763634
724	0.039658	75000	-0.070422	-159.834056
725	0.039299	75000	-0.070155	-159.904211
726	0.038941	75000	-0.069564	-159.973775
727	0.038585	75000	-0.069330	-160.043105
728	0.038232	75000	-0.069256	-160.112361
729	0.037880	75000	-0.069049	-160.181410
730	0.037530	75000	-0.068816	-160.250226
731	0.037182	75000	-0.068579	-160.318805
732	0.036836	75000	-0.068332	-160.387137
733	0.036493	75000	-0.068150	-160.455287
734	0.036151	75000	-0.068032	-160.523319
735	0.035810	75000	-0.067387	-160.590706
736	0.035472	75000	-0.067212	-160.657918
737	0.035136	75000	-0.067194	-160.725112
738	0.034802	75000	-0.066970	-160.792082
739	0.034469	75000	-0.066802	-160.858884
740	0.034139	75000	-0.065847	-160.924731
741	0.033810	75000	-0.066022	-160.990753
742	0.033484	75000	-0.066175	-161.056928
743	0.033159	75000	-0.065898	-161.122826
744	0.032836	75000	-0.065574	-161.188400
745	0.032515	75000	-0.065432	-161.253832
746	0.032196	75000	-0.065326	-161.319158
747	0.031879	75000	-0.064983	-161.384141
748	0.031563	75000	-0.064736	-161.448877
749	0.031250	75000	-0.064400	-161.513277
750	0.030938	75000	-0.064291	-161.577568
751	0.030629	75000	-0.063962	-161.641530
752	0.030321	75000	-0.064062	-161.705592
753	0.030015	75000	-0.063598	-161.769190
754	0.029711	75000	-0.063278	-161.832468
755	0.029409	75000	-0.063283	-161.895751
756	0.029108	75000	-0.063448	-161.959200
757	0.028810	75000	-0.063516	-162.022715
758	0.028513	75000	-0.062758	-162.085473
759	0.028218	75000	-0.062732	-162.148205
760	0.027925	75000	-0.062118	-162.210323
761	0.027634	75000	-0.062582	-162.272906
762	0.027345	75000	-0.062069	-162.334974
763	0.027057	75000	-0.061867	-162.396841
764	0.026771	75000	-0.061787	-162.458628
765	0.026487	75000	-0.061916	-162.520544
766	0.026205	75000	-0.061523	-162.582066
767	0.025925	75000	-0.061127	-162.643194
768	0.025647	75000	-0.061481	-162.704674
769	0.025370	75000	-0.060907	-162.765581
770	0.025095	75000	-0.060678	-162.826259
771	0.024822	75000	-0.060769	-162.887028
772	0.024551	75000	-0.060334	-162.947362
773	0.024281	75000	-0.060706	-163.008068
774	0.024014	75000	-0.060124	-163.068192
775	0.023748	75000	-0.060186	-163.128379
776	0.023483	75000	-0.060115	-163.188494
777	0.023221	75000	-0.060264	-163.248758
778	0.022960	75000	-0.060407	-163.309165
779	0.022702	75000	-0.059865	-163.369030
780	0.022445	75000	-0.059758	-163.428789
781	0.022189	75000	-0.059125	-163.487914
782	0.021936	75000	-0.059682	-163.547596
783	0.021684	75000	-0.059533	-163.607129
784	0.021434	75000	-0.059188	-163.666316
785	0.021185	75000	-0.059204	-163.725520
786	0.020939	75000	-0.059662	-163.785183
787	0.020694	75000	-0.059183	-163.844366
788	0.020451	75000	-0.058992	-163.903358
789	0.020209	75000	-0.059300	-163.962658
790	0.019969	75000	-0.058781	-164.021439
791	0.019731	75000	-0.059340	-164.080779
792	0.019495	75000	-0.059563	-164.140342
793	0.019261	75000	-0.058908	-164.199250
794	0.019028	75000	-0.059128	-164.258378
795	0.018796	75000	-0.059022	-164.317400
796	0.018567	75000	-0.058777	-164.376176
797	0.018339	75000	-0.059073	-164.435250
798	0.018113	75000	-0.059287	-164.494537
799	0.017889	75000	-0.060006	-164.554542
800	0.017666	75000	-0.059142	-164.613684
801	0.017445	75000	-0.061632	-164.675316
802	0.017225	75000	-0.059710	-164.735026
803	0.017007	75000	-0.060451	-164.795477
804	0.016791	75000	-0.060830	-164.856307
805	0.016577	75000	-0.060007	-164.916314
806	0.016364	75000	-0.061192	-164.977506
807	0.016153	75000	-0.060331	-165.037837
808	0.015943	75000	-0.060103	-165.097940
809	0.015736	75000	-0.060300	-165.158240
810	0.015529	75000	-0.063147	-165.221387
811	0.015325	75000	-0.061748	-165.283135
812	0.015122	75000	-0.062267	-165.345402
813	0.014920	75000	-0.066247	-165.411649
814	0.014721	75000	-0.062498	-165.474147
815	0.014523	75000	-0.063846	-165.537992
816	0.014326	75000	-0.062514	-165.600506
817	0.014131	75000	-0.062519	-165.663026
818	0.013938	75000	-0.065710	-165.728736
819	0.013746	75000	-0.066848	-165.795584
820	0.013556	75000	-0.068307	-165.863891
821	0.013367	75000	-0.067202	-165.931093
822	0.013181	75000	-0.068477	-165.999569
823	0.012995	75000	-0.066360	-166.065929
824	0.012811	75000	-0.065950	-166.131879
825	0.012629	75000	-0.068686	-166.200566
826	0.012448	75000	-0.068946	-166.269511
827	0.012269	75000	-0.069842	-166.339354
828	0.012092	75000	-0.071792	-166.411146
829	0.011916	75000	-0.071804	-166.482949
830	0.011741	75000	-0.072066	-166.555016
831	0.011568	75000	-0.074069	-166.629084
832	0.011397	75000	-0.072969	-166.702053
833	0.011227	75000	-0.075458	-166.777512
834	0.011059	75000	-0.076296	-166.853808
835	0.010892	75000	-0.078616	-166.932424
836	0.010727	75000	-0.077870	-167.010293
837	0.010563	75000	-0.080718	-167.091012
838	0.010401	75000	-0.080602	-167.171614
839	0.010240	75000	-0.080501	-167.252115
840	0.010081	75000	-0.080438	-167.332553
841	0.009923	75000	-0.085802	-167.418354
842	0.009767	75000	-0.089213	-167.507567
843	0.009612	75000	-0.087887	-167.595454
844	0.009459	75000	-0.088419	-167.683872
845	0.009307	75000	-0.087757	-167.771629
846	0.009156	75000	-0.090693	-167.862322
847	0.009008	75000	-0.092705	-167.955027
848	0.008860	75000	-0.091684	-168.046711
849	0.008714	75000	-0.094119	-168.140830
850	0.008570	75000	-0.095615	-168.236446
851	0.008427	75000	-0.096575	-168.333021
852	0.008285	75000	-0.098282	-168.431303
853	0.008145	75000	-0.097179	-168.528482
854	0.008006	75000	-0.098256	-168.626738
855	0.007869	75000	-0.103317	-168.730056
856	0.007733	75000	-0.098977	-168.829033
857	0.007598	75000	-0.102996	-168.932028
858	0.007465	75000	-0.100341	-169.032369
859	0.007334	75000	-0.103815	-169.136184
860	0.007203	75000	-0.105618	-169.241802
861	0.007075	75000	-0.105896	-169.347698
862	0.006947	75000	-0.103428	-169.451126
863	0.006821	75000	-0.104919	-169.556045
864	0.006696	75000	-0.107609	-169.663654
865	0.006573	75000	-0.105676	-169.769330
866	0.006451	75000	-0.107885	-169.877216
867	0.006330	75000	-0.105305	-169.982520
868	0.006211	75000	-0.104369	-170.086889
869	0.006093	75000	-0.105256	-170.192145
870	0.005977	75000	-0.107749	-170.299894
871	0.005862	75000	-0.105604	-170.405498
872	0.005748	75000	-0.105772	-170.511269
873	0.005635	75000	-0.104243	-170.615513
874	0.005524	75000	-0.106215	-170.721728
875	0.005414	75000	-0.104097	-170.825825
876	0.005306	75000	-0.104298	-170.930123
877	0.005199	75000	-0.103647	-171.033770
878	0.005093	75000	-0.103642	-171.137413
879	0.004988	75000	-0.102319	-171.239731
880	0.004885	75000	-0.102268	-171.342000
881	0.004783	75000	-0.101639	-171.443639
882	0.004682	75000	-0.100106	-171.543745
883	0.004583	75000	-0.099510	-171.643255
884	0.004485	75000	-0.098109	-171.741365
885	0.004388	75000	-0.098087	-171.839452
886	0.004292	75000	-0.096969	-171.936421
887	0.004198	75000	-0.094940	-172.031362
888	0.004105	75000	-0.094999	-172.126360
889	0.004013	75000	-0.093674	-172.220035
890	0.003923	75000	-0.093531	-172.313565
891	0.003833	75000	-0.092417	-172.405982
892	0.003745	75000	-0.092031	-172.498013
893	0.003658	75000	-0.091071	-172.589084
894	0.003573	75000	-0.089576	-172.678660
895	0.003488	75000	-0.088761	-172.767421
896	0.003405	75000	-0.087308	-172.854729
897	0.003323	75000	-0.086212	-172.940941
898	0.003242	75000	-0.085618	-173.026559
899	0.003162	75000	-0.084663	-173.111222
900	0.003084	75000	-0.084018	-173.195240
901	0.003007	75000	-0.082261	-173.277502
902	0.002930	75000	-0.081429	-173.358930
903	0.002855	75000	-0.080701	-173.439632
904	0.002782	75000	-0.079399	-173.519031
905	0.002709	75000	-0.077742	-173.596773
906	0.002638	75000	-0.077014	-173.673787
907	0.002567	75000	-0.076411	-173.750198
908	0.002498	75000	-0.074780	-173.824978
909	0.002430	75000	-0.074071	-173.899048
910	0.002363	75000	-0.072749	-173.971798
911	0.002297	75000	-0.071761	-174.043558
912	0.002233	75000	-0.070622	-174.114180
913	0.002169	75000	-0.069554	-174.183734
914	0.002106	75000	-0.068357	-174.252092
915	0.002045	75000	-0.067286	-174.319378
916	0.001985	75000	-0.066565	-174.385943
917	0.001925	75000	-0.065415	-174.451358
918	0.001867	75000	-0.064536	-174.515894
919	0.001810	75000	-0.063021	-174.578915
920	0.001754	75000	-0.061781	-174.640695
921	0.001699	75000	-0.060736	-174.701432
922	0.001645	75000	-0.059725	-174.761157
923	0.001592	75000	-0.058569	-174.819725
924	0.001540	75000	-0.057603	-174.877328
925	0.001490	75000	-0.056488	-174.933816
926	0.001440	75000	-0.055448	-174.989264
927	0.001391	75000	-0.054152	-175.043417
928	0.001343	75000	-0.053146	-175.096563
929	0.001296	75000	-0.051908	-175.148471
930	0.001251	75000	-0.050994	-175.199465
931	0.001206	75000	-0.049948	-175.249414
932	0.001162	75000	-0.049123	-175.298537
933	0.001119	75000	-0.048029	-175.346566
934	0.001077	75000	-0.046878	-175.393444
935	0.001036	75000	-0.045865	-175.439309
936	0.000996	75000	-0.044838	-175.484147
937	0.000957	75000	-0.043906	-175.528053
938	0.000919	75000	-0.042820	-175.570873
939	0.000882	75000	-0.041950	-175.612823
940	0.000846	75000	-0.040707	-175.653530
941	0.000810	75000	-0.039915	-175.693446
942	0.000776	75000	-0.038879	-175.732325
943	0.000742	75000	-0.037820	-175.770145
944	0.000709	75000	-0.036797	-175.806942
945	0.000678	75000	-0.035865	-175.842807
946	0.000647	75000	-0.034845	-175.877652
947	0.000617	75000	-0.033948	-175.911600
948	0.000587	75000	-0.033017	-175.944617
949	0.000559	75000	-0.032098	-175.976716
950	0.000531	75000	-0.031093	-176.007809
951	0.000505	75000	-0.030143	-176.037952
952	0.000479	75000	-0.029356	-176.067308
953	0.000454	75000	-0.028408	-176.095716
954	0.000430	75000	-0.027516	-176.123231
955	0.000406	75000	-0.026527	-176.149759
956	0.000383	75000	-0.025674	-176.175433
957	0.000362	75000	-0.024768	-176.200201
958	0.000340	75000	-0.023949	-176.224150
959	0.000320	75000	-0.023141	-176.247291
960	0.000300	75000	-0.022256	-176.269547
961	0.000281	75000	-0.021456	-176.291003
962	0.000263	75000	-0.020620	-176.311623
963	0.000246	75000	-0.019844	-176.331467
964	0.000229	75000	-0.018994	-176.350461
965	0.000213	75000	-0.018177	-176.368638
966	0.000198	75000	-0.017406	-176.386044
967	0.000183	75000	-0.016641	-176.402685
968	0.000169	75000	-0.015874	-176.418559
969	0.000156	75000	-0.015172	-176.433731
970	0.000143	75000	-0.014385	-176.448116
971	0.000131	75000	-0.013681	-176.461797
972	0.000120	75000	-0.012962	-176.474760
973	0.000109	75000	-0.012264	-176.487024
974	0.000099	75000	-0.011586	-176.498610
975	0.000089	75000	-0.010921	-176.509530
976	0.000080	75000	-0.010259	-176.519790
977	0.000072	75000	-0.009600	-176.529389
978	0.000064	75000	-0.008986	-176.538375
979	0.000057	75000	-0.008353	-176.546728
980	0.000050	75000	-0.007752	-176.554480
981	0.000043	75000	-0.007157	-176.561637
982	0.000038	75000	-0.006602	-176.568239
983	0.000032	75000	-0.006026	-176.574265
984	0.000028	75000	-0.005499	-176.579764
985	0.000023	75000	-0.004979	-176.584742
986	0.000019	75000	-0.004478	-176.589221
987	0.000016	75000	-0.003985	-176.593206
988	0.000013	75000	-0.003514	-176.596720
989	0.000010	75000	-0.003069	-176.599790
990	0.000008	75000	-0.002640	-176.602430
991	0.000006	75000	-0.002236	-176.604666
992	0.000004	75000	-0.001850	-176.606516
993	0.000003	75000	-0.001493	-176.608009
994	0.000002	75000	-0.001164	-176.609173
995	0.000001	75000	-0.000860	-176.610033
996	0.000000	75000	-0.000592	-176.610625
997	0.000000	75000	-0.000358	-176.610983
998	0.000000	75000	-0.000168	-176.611150
999	0.000000	75000	-0.000036	-176.611186
Log marginal likelihood:	-176.611186
