Steppingstone sampler:
        No Stones:                  1000
        Start It:                   10000001
        It Per Stone:               100000
        Sample Freq:                1
        Dist:                       Beta(0.400000,1.000000)
Stone No	Power	N	Stone MLh	Running MLh
0	0.997502	75000	-0.316921	-0.316921
1	0.995007	75000	-0.316406	-0.633327
2	0.992517	75000	-0.316058	-0.949384
3	0.990030	75000	-0.315496	-1.264880
4	0.987547	75000	-0.315079	-1.579959
5	0.985067	75000	-0.314589	-1.894548
6	0.982592	75000	-0.314114	-2.208661
7	0.980120	75000	-0.313664	-2.522326
8	0.977652	75000	-0.313187	-2.835512
9	0.975187	75000	-0.312674	-3.148187
10	0.972726	75000	-0.312248	-3.460435
11	0.970269	75000	-0.311789	-3.772223
12	0.967816	75000	-0.311310	-4.083533
13	0.965367	75000	-0.310858	-4.394392
14	0.962921	75000	-0.310397	-4.704789
15	0.960479	75000	-0.309917	-5.014706
16	0.958040	75000	-0.309455	-5.324160
17	0.955606	75000	-0.308963	-5.633123
18	0.953175	75000	-0.308494	-5.941618
19	0.950747	75000	-0.308040	-6.249658
20	0.948324	75000	-0.307598	-6.557256
21	0.945904	75000	-0.307122	-6.864377
22	0.943488	75000	-0.306635	-7.171013
23	0.941076	75000	-0.306187	-7.477200
24	0.938667	75000	-0.305788	-7.782987
25	0.936262	75000	-0.305290	-8.088277
26	0.933861	75000	-0.304899	-8.393176
27	0.931463	75000	-0.304295	-8.697471
28	0.929069	75000	-0.303827	-9.001298
29	0.926679	75000	-0.303408	-9.304706
30	0.924293	75000	-0.302947	-9.607653
31	0.921910	75000	-0.302436	-9.910089
32	0.919531	75000	-0.302067	-10.212156
33	0.917155	75000	-0.301508	-10.513664
34	0.914783	75000	-0.301174	-10.814838
35	0.912415	75000	-0.300686	-11.115524
36	0.910051	75000	-0.300166	-11.415690
37	0.907690	75000	-0.299763	-11.715453
38	0.905333	75000	-0.299254	-12.014707
39	0.902980	75000	-0.298835	-12.313542
40	0.900630	75000	-0.298351	-12.611892
41	0.898284	75000	-0.297814	-12.909707
42	0.895942	75000	-0.297472	-13.207179
43	0.893603	75000	-0.296950	-13.504128
44	0.891268	75000	-0.296498	-13.800627
45	0.888937	75000	-0.296055	-14.096682
46	0.886609	75000	-0.295580	-14.392262
47	0.884285	75000	-0.295223	-14.687486
48	0.881965	75000	-0.294682	-14.982167
49	0.879648	75000	-0.294236	-15.276404
50	0.877335	75000	-0.293772	-15.570176
51	0.875026	75000	-0.293332	-15.863508
52	0.872720	75000	-0.292873	-16.156381
53	0.870418	75000	-0.292432	-16.448813
54	0.868120	75000	-0.291954	-16.740767
55	0.865825	75000	-0.291531	-17.032298
56	0.863534	75000	-0.291007	-17.323305
57	0.861246	75000	-0.290537	-17.613842
58	0.858962	75000	-0.290029	-17.903871
59	0.856682	75000	-0.289678	-18.193550
60	0.854405	75000	-0.289170	-18.482719
61	0.852132	75000	-0.288826	-18.771546
62	0.849863	75000	-0.288356	-19.059902
63	0.847597	75000	-0.287795	-19.347697
64	0.845335	75000	-0.287402	-19.635099
65	0.843077	75000	-0.286937	-19.922036
66	0.840822	75000	-0.286462	-20.208498
67	0.838571	75000	-0.286118	-20.494616
68	0.836323	75000	-0.285593	-20.780209
69	0.834079	75000	-0.285141	-21.065351
70	0.831839	75000	-0.284674	-21.350024
71	0.829602	75000	-0.284275	-21.634299
72	0.827369	75000	-0.283749	-21.918048
73	0.825140	75000	-0.283298	-22.201347
74	0.822914	75000	-0.282787	-22.484134
75	0.820691	75000	-0.282398	-22.766531
76	0.818473	75000	-0.281966	-23.048498
77	0.816258	75000	-0.281525	-23.330023
78	0.814046	75000	-0.281135	-23.611158
79	0.811838	75000	-0.280597	-23.891754
80	0.809634	75000	-0.280124	-24.171878
81	0.807433	75000	-0.279730	-24.451609
82	0.805236	75000	-0.279249	-24.730858
83	0.803043	75000	-0.278817	-25.009675
84	0.800853	75000	-0.278439	-25.288114
85	0.798667	75000	-0.277923	-25.566037
86	0.796484	75000	-0.277547	-25.843584
87	0.794305	75000	-0.277015	-26.120599
88	0.792129	75000	-0.276613	-26.397212
89	0.789957	75000	-0.276124	-26.673336
90	0.787789	75000	-0.275717	-26.949053
91	0.785624	75000	-0.275248	-27.224301
92	0.783463	75000	-0.274874	-27.499175
93	0.781305	75000	-0.274330	-27.773505
94	0.779151	75000	-0.273974	-28.047479
95	0.777000	75000	-0.273430	-28.320909
96	0.774853	75000	-0.272986	-28.593895
97	0.772710	75000	-0.272556	-28.866451
98	0.770570	75000	-0.272143	-29.138593
99	0.768433	75000	-0.271685	-29.410278
100	0.766301	75000	-0.271208	-29.681487
101	0.764172	75000	-0.270849	-29.952335
102	0.762046	75000	-0.270333	-30.222668
103	0.759924	75000	-0.269891	-30.492559
104	0.757805	75000	-0.269380	-30.761939
105	0.755690	75000	-0.268999	-31.030938
106	0.753579	75000	-0.268542	-31.299480
107	0.751471	75000	-0.268095	-31.567574
108	0.749366	75000	-0.267703	-31.835277
109	0.747266	75000	-0.267222	-32.102499
110	0.745168	75000	-0.266850	-32.369350
111	0.743075	75000	-0.266424	-32.635774
112	0.740984	75000	-0.265881	-32.901655
113	0.738898	75000	-0.265460	-33.167115
114	0.736815	75000	-0.265118	-33.432234
115	0.734735	75000	-0.264586	-33.696819
116	0.732659	75000	-0.264145	-33.960964
117	0.730586	75000	-0.263652	-34.224617
118	0.728517	75000	-0.263252	-34.487869
119	0.726452	75000	-0.262834	-34.750703
120	0.724390	75000	-0.262342	-35.013044
121	0.722331	75000	-0.262007	-35.275051
122	0.720276	75000	-0.261491	-35.536542
123	0.718225	75000	-0.261071	-35.797613
124	0.716177	75000	-0.260610	-36.058223
125	0.714132	75000	-0.260207	-36.318430
126	0.712091	75000	-0.259794	-36.578225
127	0.710054	75000	-0.259328	-36.837552
128	0.708020	75000	-0.258861	-37.096413
129	0.705989	75000	-0.258461	-37.354874
130	0.703962	75000	-0.258021	-37.612894
131	0.701939	75000	-0.257569	-37.870463
132	0.699919	75000	-0.257129	-38.127592
133	0.697902	75000	-0.256713	-38.384305
134	0.695889	75000	-0.256262	-38.640567
135	0.693880	75000	-0.255792	-38.896359
136	0.691874	75000	-0.255374	-39.151734
137	0.689871	75000	-0.254903	-39.406637
138	0.687872	75000	-0.254469	-39.661106
139	0.685877	75000	-0.254077	-39.915183
140	0.683885	75000	-0.253619	-40.168802
141	0.681896	75000	-0.253168	-40.421970
142	0.679911	75000	-0.252755	-40.674725
143	0.677929	75000	-0.252366	-40.927091
144	0.675951	75000	-0.251892	-41.178983
145	0.673976	75000	-0.251502	-41.430484
146	0.672005	75000	-0.251076	-41.681560
147	0.670037	75000	-0.250631	-41.932191
148	0.668073	75000	-0.250195	-42.182386
149	0.666112	75000	-0.249764	-42.432150
150	0.664155	75000	-0.249279	-42.681430
151	0.662201	75000	-0.248867	-42.930297
152	0.660250	75000	-0.248487	-43.178784
153	0.658303	75000	-0.248105	-43.426889
154	0.656359	75000	-0.247602	-43.674492
155	0.654419	75000	-0.247203	-43.921694
156	0.652483	75000	-0.246737	-44.168432
157	0.650549	75000	-0.246301	-44.414733
158	0.648619	75000	-0.245958	-44.660691
159	0.646693	75000	-0.245476	-44.906167
160	0.644770	75000	-0.245026	-45.151193
161	0.642851	75000	-0.244660	-45.395853
162	0.640934	75000	-0.244151	-45.640004
163	0.639022	75000	-0.243757	-45.883761
164	0.637113	75000	-0.243339	-46.127100
165	0.635207	75000	-0.242814	-46.369914
166	0.633304	75000	-0.242476	-46.612389
167	0.631405	75000	-0.242046	-46.854436
168	0.629510	75000	-0.241639	-47.096074
169	0.627618	75000	-0.241122	-47.337196
170	0.625729	75000	-0.240718	-47.577914
171	0.623844	75000	-0.240381	-47.818295
172	0.621962	75000	-0.239880	-48.058176
173	0.620083	75000	-0.239477	-48.297653
174	0.618208	75000	-0.239106	-48.536759
175	0.616337	75000	-0.238637	-48.775396
176	0.614468	75000	-0.238217	-49.013612
177	0.612604	75000	-0.237819	-49.251431
178	0.610742	75000	-0.237356	-49.488788
179	0.608884	75000	-0.236951	-49.725738
180	0.607029	75000	-0.236540	-49.962278
181	0.605178	75000	-0.236103	-50.198381
182	0.603330	75000	-0.235791	-50.434172
183	0.601486	75000	-0.235232	-50.669404
184	0.599645	75000	-0.234795	-50.904199
185	0.597807	75000	-0.234391	-51.138590
186	0.595973	75000	-0.234019	-51.372609
187	0.594142	75000	-0.233647	-51.606256
188	0.592314	75000	-0.233219	-51.839475
189	0.590490	75000	-0.232722	-52.072197
190	0.588669	75000	-0.232292	-52.304489
191	0.586852	75000	-0.231908	-52.536397
192	0.585038	75000	-0.231325	-52.767722
193	0.583227	75000	-0.231003	-52.998725
194	0.581420	75000	-0.230658	-53.229383
195	0.579616	75000	-0.230179	-53.459562
196	0.577815	75000	-0.229717	-53.689279
197	0.576018	75000	-0.229309	-53.918589
198	0.574224	75000	-0.228964	-54.147552
199	0.572433	75000	-0.228571	-54.376124
200	0.570646	75000	-0.228061	-54.604184
201	0.568862	75000	-0.227759	-54.831943
202	0.567082	75000	-0.227339	-55.059282
203	0.565305	75000	-0.226823	-55.286105
204	0.563531	75000	-0.226491	-55.512596
205	0.561761	75000	-0.226003	-55.738599
206	0.559993	75000	-0.225535	-55.964134
207	0.558230	75000	-0.225098	-56.189232
208	0.556469	75000	-0.224767	-56.413999
209	0.554712	75000	-0.224397	-56.638396
210	0.552958	75000	-0.223936	-56.862332
211	0.551208	75000	-0.223474	-57.085806
212	0.549461	75000	-0.223127	-57.308934
213	0.547717	75000	-0.222646	-57.531579
214	0.545977	75000	-0.222403	-57.753982
215	0.544240	75000	-0.221862	-57.975844
216	0.542506	75000	-0.221462	-58.197307
217	0.540775	75000	-0.221031	-58.418338
218	0.539048	75000	-0.220629	-58.638967
219	0.537324	75000	-0.220217	-58.859184
220	0.535604	75000	-0.219772	-59.078956
221	0.533887	75000	-0.219352	-59.298307
222	0.532173	75000	-0.218926	-59.517234
223	0.530462	75000	-0.218512	-59.735746
224	0.528755	75000	-0.218132	-59.953878
225	0.527051	75000	-0.217782	-60.171660
226	0.525350	75000	-0.217338	-60.388997
227	0.523653	75000	-0.216878	-60.605875
228	0.521958	75000	-0.216557	-60.822432
229	0.520268	75000	-0.216065	-61.038497
230	0.518580	75000	-0.215718	-61.254215
231	0.516896	75000	-0.215266	-61.469481
232	0.515215	75000	-0.214824	-61.684305
233	0.513537	75000	-0.214420	-61.898726
234	0.511863	75000	-0.214070	-62.112795
235	0.510192	75000	-0.213586	-62.326381
236	0.508524	75000	-0.213237	-62.539618
237	0.506859	75000	-0.212812	-62.752430
238	0.505198	75000	-0.212368	-62.964798
239	0.503540	75000	-0.211986	-63.176784
240	0.501885	75000	-0.211550	-63.388334
241	0.500234	75000	-0.211152	-63.599486
242	0.498586	75000	-0.210796	-63.810282
243	0.496941	75000	-0.210422	-64.020705
244	0.495299	75000	-0.210012	-64.230716
245	0.493660	75000	-0.209571	-64.440287
246	0.492025	75000	-0.209162	-64.649449
247	0.490393	75000	-0.208789	-64.858238
248	0.488765	75000	-0.208288	-65.066526
249	0.487139	75000	-0.208027	-65.274553
250	0.485517	75000	-0.207571	-65.482124
251	0.483898	75000	-0.207097	-65.689221
252	0.482283	75000	-0.206686	-65.895907
253	0.480670	75000	-0.206362	-66.102270
254	0.479061	75000	-0.205954	-66.308223
255	0.477455	75000	-0.205552	-66.513775
256	0.475852	75000	-0.205128	-66.718903
257	0.474253	75000	-0.204729	-66.923633
258	0.472656	75000	-0.204280	-67.127912
259	0.471063	75000	-0.203939	-67.331851
260	0.469474	75000	-0.203569	-67.535420
261	0.467887	75000	-0.203052	-67.738472
262	0.466304	75000	-0.202734	-67.941206
263	0.464723	75000	-0.202277	-68.143483
264	0.463146	75000	-0.201864	-68.345346
265	0.461573	75000	-0.201503	-68.546849
266	0.460002	75000	-0.201103	-68.747953
267	0.458435	75000	-0.200734	-68.948687
268	0.456871	75000	-0.200271	-69.148958
269	0.455310	75000	-0.199958	-69.348916
270	0.453752	75000	-0.199512	-69.548428
271	0.452198	75000	-0.199158	-69.747586
272	0.450647	75000	-0.198724	-69.946311
273	0.449098	75000	-0.198283	-70.144594
274	0.447554	75000	-0.197920	-70.342514
275	0.446012	75000	-0.197579	-70.540093
276	0.444473	75000	-0.197034	-70.737127
277	0.442938	75000	-0.196748	-70.933875
278	0.441406	75000	-0.196365	-71.130240
279	0.439877	75000	-0.195965	-71.326205
280	0.438351	75000	-0.195506	-71.521711
281	0.436829	75000	-0.195162	-71.716873
282	0.435309	75000	-0.194792	-71.911665
283	0.433793	75000	-0.194389	-72.106054
284	0.432280	75000	-0.193888	-72.299942
285	0.430770	75000	-0.193591	-72.493533
286	0.429263	75000	-0.193259	-72.686793
287	0.427760	75000	-0.192885	-72.879678
288	0.426259	75000	-0.192419	-73.072096
289	0.424762	75000	-0.192014	-73.264110
290	0.423268	75000	-0.191745	-73.455855
291	0.421777	75000	-0.191336	-73.647192
292	0.420289	75000	-0.190923	-73.838115
293	0.418805	75000	-0.190472	-74.028587
294	0.417323	75000	-0.190031	-74.218619
295	0.415845	75000	-0.189650	-74.408268
296	0.414370	75000	-0.189259	-74.597527
297	0.412898	75000	-0.188881	-74.786408
298	0.411429	75000	-0.188463	-74.974871
299	0.409963	75000	-0.188073	-75.162944
300	0.408501	75000	-0.187696	-75.350640
301	0.407041	75000	-0.187406	-75.538046
302	0.405585	75000	-0.187009	-75.725055
303	0.404132	75000	-0.186512	-75.911567
304	0.402682	75000	-0.186152	-76.097719
305	0.401235	75000	-0.185807	-76.283526
306	0.399791	75000	-0.185367	-76.468893
307	0.398350	75000	-0.184957	-76.653849
308	0.396913	75000	-0.184632	-76.838481
309	0.395478	75000	-0.184173	-77.022654
310	0.394047	75000	-0.183770	-77.206424
311	0.392619	75000	-0.183483	-77.389906
312	0.391194	75000	-0.183045	-77.572952
313	0.389772	75000	-0.182676	-77.755628
314	0.388353	75000	-0.182293	-77.937921
315	0.386937	75000	-0.181907	-78.119827
316	0.385524	75000	-0.181522	-78.301349
317	0.384115	75000	-0.181104	-78.482453
318	0.382708	75000	-0.180832	-78.663285
319	0.381305	75000	-0.180351	-78.843637
320	0.379904	75000	-0.180011	-79.023648
321	0.378507	75000	-0.179572	-79.203220
322	0.377113	75000	-0.179244	-79.382464
323	0.375722	75000	-0.178906	-79.561370
324	0.374334	75000	-0.178437	-79.739807
325	0.372949	75000	-0.178077	-79.917884
326	0.371567	75000	-0.177686	-80.095570
327	0.370189	75000	-0.177263	-80.272833
328	0.368813	75000	-0.176898	-80.449731
329	0.367440	75000	-0.176563	-80.626294
330	0.366071	75000	-0.176175	-80.802469
331	0.364705	75000	-0.175820	-80.978290
332	0.363341	75000	-0.175307	-81.153596
333	0.361981	75000	-0.174978	-81.328574
334	0.360624	75000	-0.174717	-81.503291
335	0.359269	75000	-0.174260	-81.677551
336	0.357918	75000	-0.173880	-81.851431
337	0.356570	75000	-0.173609	-82.025039
338	0.355225	75000	-0.173149	-82.198188
339	0.353883	75000	-0.172808	-82.370996
340	0.352544	75000	-0.172370	-82.543366
341	0.351208	75000	-0.171993	-82.715358
342	0.349875	75000	-0.171534	-82.886893
343	0.348546	75000	-0.171232	-83.058125
344	0.347219	75000	-0.170824	-83.228949
345	0.345895	75000	-0.170434	-83.399383
346	0.344574	75000	-0.170066	-83.569449
347	0.343257	75000	-0.169750	-83.739199
348	0.341942	75000	-0.169296	-83.908494
349	0.340630	75000	-0.168928	-84.077422
350	0.339322	75000	-0.168509	-84.245931
351	0.338016	75000	-0.168286	-84.414218
352	0.336714	75000	-0.167765	-84.581982
353	0.335414	75000	-0.167504	-84.749486
354	0.334118	75000	-0.167106	-84.916592
355	0.332824	75000	-0.166727	-85.083319
356	0.331534	75000	-0.166383	-85.249702
357	0.330246	75000	-0.165992	-85.415694
358	0.328962	75000	-0.165734	-85.581428
359	0.327680	75000	-0.165201	-85.746629
360	0.326401	75000	-0.164988	-85.911618
361	0.325126	75000	-0.164475	-86.076092
362	0.323853	75000	-0.164151	-86.240243
363	0.322584	75000	-0.163757	-86.404000
364	0.321317	75000	-0.163381	-86.567381
365	0.320054	75000	-0.163033	-86.730414
366	0.318793	75000	-0.162600	-86.893014
367	0.317536	75000	-0.162332	-87.055345
368	0.316281	75000	-0.161948	-87.217294
369	0.315030	75000	-0.161608	-87.378901
370	0.313781	75000	-0.161263	-87.540165
371	0.312535	75000	-0.160827	-87.700992
372	0.311293	75000	-0.160427	-87.861419
373	0.310053	75000	-0.160129	-88.021549
374	0.308816	75000	-0.159789	-88.181338
375	0.307582	75000	-0.159363	-88.340701
376	0.306352	75000	-0.159055	-88.499756
377	0.305124	75000	-0.158658	-88.658414
378	0.303899	75000	-0.158286	-88.816700
379	0.302677	75000	-0.158009	-88.974709
380	0.301458	75000	-0.157552	-89.132261
381	0.300242	75000	-0.157175	-89.289436
382	0.299029	75000	-0.156852	-89.446288
383	0.297819	75000	-0.156444	-89.602732
384	0.296611	75000	-0.156038	-89.758770
385	0.295407	75000	-0.155770	-89.914540
386	0.294206	75000	-0.155392	-90.069933
387	0.293007	75000	-0.155029	-90.224962
388	0.291812	75000	-0.154638	-90.379600
389	0.290619	75000	-0.154300	-90.533900
390	0.289430	75000	-0.153909	-90.687809
391	0.288243	75000	-0.153490	-90.841299
392	0.287059	75000	-0.153178	-90.994476
393	0.285879	75000	-0.152826	-91.147302
394	0.284701	75000	-0.152397	-91.299699
395	0.283526	75000	-0.152183	-91.451881
396	0.282354	75000	-0.151822	-91.603704
397	0.281184	75000	-0.151381	-91.755084
398	0.280018	75000	-0.150922	-91.906006
399	0.278855	75000	-0.150723	-92.056729
400	0.277694	75000	-0.150388	-92.207118
401	0.276537	75000	-0.149933	-92.357051
402	0.275382	75000	-0.149654	-92.506705
403	0.274230	75000	-0.149318	-92.656023
404	0.273082	75000	-0.148867	-92.804890
405	0.271936	75000	-0.148630	-92.953520
406	0.270793	75000	-0.148120	-93.101640
407	0.269652	75000	-0.147793	-93.249432
408	0.268515	75000	-0.147445	-93.396878
409	0.267381	75000	-0.147169	-93.544047
410	0.266249	75000	-0.146772	-93.690819
411	0.265121	75000	-0.146373	-93.837193
412	0.263995	75000	-0.145951	-93.983144
413	0.262872	75000	-0.145704	-94.128848
414	0.261752	75000	-0.145277	-94.274125
415	0.260635	75000	-0.145049	-94.419174
416	0.259520	75000	-0.144634	-94.563808
417	0.258409	75000	-0.144293	-94.708101
418	0.257300	75000	-0.143943	-94.852044
419	0.256195	75000	-0.143631	-94.995675
420	0.255092	75000	-0.143206	-95.138881
421	0.253992	75000	-0.142830	-95.281711
422	0.252895	75000	-0.142518	-95.424229
423	0.251800	75000	-0.142128	-95.566357
424	0.250709	75000	-0.141838	-95.708195
425	0.249620	75000	-0.141497	-95.849693
426	0.248534	75000	-0.141174	-95.990867
427	0.247451	75000	-0.140719	-96.131586
428	0.246371	75000	-0.140425	-96.272010
429	0.245294	75000	-0.140151	-96.412161
430	0.244220	75000	-0.139813	-96.551974
431	0.243148	75000	-0.139344	-96.691318
432	0.242079	75000	-0.139097	-96.830415
433	0.241013	75000	-0.138715	-96.969130
434	0.239950	75000	-0.138390	-97.107520
435	0.238890	75000	-0.137946	-97.245466
436	0.237832	75000	-0.137652	-97.383118
437	0.236778	75000	-0.137272	-97.520390
438	0.235726	75000	-0.136957	-97.657347
439	0.234677	75000	-0.136665	-97.794012
440	0.233630	75000	-0.136308	-97.930320
441	0.232587	75000	-0.135986	-98.066306
442	0.231546	75000	-0.135599	-98.201905
443	0.230509	75000	-0.135271	-98.337176
444	0.229473	75000	-0.134832	-98.472009
445	0.228441	75000	-0.134487	-98.606496
446	0.227412	75000	-0.134130	-98.740626
447	0.226385	75000	-0.133821	-98.874447
448	0.225361	75000	-0.133494	-99.007941
449	0.224340	75000	-0.133335	-99.141276
450	0.223322	75000	-0.132682	-99.273958
451	0.222306	75000	-0.132555	-99.406513
452	0.221293	75000	-0.132121	-99.538634
453	0.220283	75000	-0.131763	-99.670398
454	0.219276	75000	-0.131482	-99.801880
455	0.218272	75000	-0.131174	-99.933054
456	0.217270	75000	-0.130811	-100.063865
457	0.216271	75000	-0.130503	-100.194368
458	0.215275	75000	-0.130165	-100.324533
459	0.214281	75000	-0.129696	-100.454229
460	0.213291	75000	-0.129578	-100.583806
461	0.212303	75000	-0.129266	-100.713072
462	0.211318	75000	-0.128872	-100.841944
463	0.210335	75000	-0.128400	-100.970344
464	0.209356	75000	-0.128148	-101.098492
465	0.208379	75000	-0.127753	-101.226245
466	0.207404	75000	-0.127369	-101.353614
467	0.206433	75000	-0.127116	-101.480731
468	0.205464	75000	-0.126745	-101.607476
469	0.204498	75000	-0.126379	-101.733855
470	0.203535	75000	-0.126074	-101.859929
471	0.202575	75000	-0.125727	-101.985656
472	0.201617	75000	-0.125454	-102.111110
473	0.200662	75000	-0.124857	-102.235967
474	0.199709	75000	-0.124685	-102.360652
475	0.198760	75000	-0.124523	-102.485175
476	0.197813	75000	-0.124167	-102.609343
477	0.196869	75000	-0.123725	-102.733067
478	0.195927	75000	-0.123501	-102.856568
479	0.194988	75000	-0.123103	-102.979671
480	0.194052	75000	-0.122832	-103.102503
481	0.193119	75000	-0.122432	-103.224935
482	0.192188	75000	-0.122103	-103.347039
483	0.191260	75000	-0.121689	-103.468727
484	0.190335	75000	-0.121492	-103.590219
485	0.189412	75000	-0.121103	-103.711322
486	0.188492	75000	-0.120826	-103.832148
487	0.187575	75000	-0.120538	-103.952687
488	0.186660	75000	-0.120183	-104.072869
489	0.185749	75000	-0.119769	-104.192639
490	0.184839	75000	-0.119438	-104.312077
491	0.183933	75000	-0.119200	-104.431277
492	0.183029	75000	-0.118769	-104.550046
493	0.182128	75000	-0.118459	-104.668506
494	0.181229	75000	-0.118188	-104.786694
495	0.180333	75000	-0.117862	-104.904555
496	0.179440	75000	-0.117523	-105.022079
497	0.178550	75000	-0.117338	-105.139416
498	0.177662	75000	-0.116839	-105.256256
499	0.176777	75000	-0.116567	-105.372823
500	0.175894	75000	-0.116278	-105.489101
501	0.175014	75000	-0.115864	-105.604965
502	0.174137	75000	-0.115705	-105.720669
503	0.173262	75000	-0.115220	-105.835889
504	0.172390	75000	-0.114961	-105.950850
505	0.171521	75000	-0.114615	-106.065465
506	0.170654	75000	-0.114225	-106.179690
507	0.169790	75000	-0.114029	-106.293719
508	0.168929	75000	-0.113739	-106.407458
509	0.168070	75000	-0.113461	-106.520919
510	0.167214	75000	-0.113142	-106.634061
511	0.166360	75000	-0.112624	-106.746685
512	0.165509	75000	-0.112365	-106.859050
513	0.164661	75000	-0.112120	-106.971170
514	0.163815	75000	-0.111789	-107.082959
515	0.162972	75000	-0.111441	-107.194399
516	0.162132	75000	-0.111235	-107.305634
517	0.161294	75000	-0.110843	-107.416477
518	0.160458	75000	-0.110583	-107.527060
519	0.159626	75000	-0.110235	-107.637295
520	0.158796	75000	-0.109920	-107.747214
521	0.157968	75000	-0.109595	-107.856810
522	0.157143	75000	-0.109292	-107.966101
523	0.156321	75000	-0.108929	-108.075031
524	0.155501	75000	-0.108722	-108.183753
525	0.154684	75000	-0.108393	-108.292146
526	0.153870	75000	-0.108024	-108.400170
527	0.153058	75000	-0.107704	-108.507875
528	0.152248	75000	-0.107362	-108.615236
529	0.151441	75000	-0.106988	-108.722224
530	0.150637	75000	-0.106828	-108.829053
531	0.149835	75000	-0.106489	-108.935541
532	0.149036	75000	-0.106139	-109.041680
533	0.148240	75000	-0.105836	-109.147517
534	0.147446	75000	-0.105530	-109.253046
535	0.146654	75000	-0.105333	-109.358380
536	0.145865	75000	-0.105000	-109.463380
537	0.145079	75000	-0.104690	-109.568070
538	0.144295	75000	-0.104325	-109.672395
539	0.143514	75000	-0.103957	-109.776352
540	0.142735	75000	-0.103756	-109.880108
541	0.141959	75000	-0.103402	-109.983510
542	0.141186	75000	-0.103043	-110.086553
543	0.140415	75000	-0.102701	-110.189254
544	0.139646	75000	-0.102527	-110.291781
545	0.138880	75000	-0.102175	-110.393956
546	0.138116	75000	-0.101819	-110.495775
547	0.137356	75000	-0.101556	-110.597332
548	0.136597	75000	-0.101343	-110.698674
549	0.135841	75000	-0.101013	-110.799688
550	0.135088	75000	-0.100709	-110.900397
551	0.134337	75000	-0.100440	-111.000837
552	0.133588	75000	-0.100018	-111.100855
553	0.132843	75000	-0.099779	-111.200633
554	0.132099	75000	-0.099481	-111.300114
555	0.131358	75000	-0.099119	-111.399233
556	0.130620	75000	-0.098843	-111.498076
557	0.129884	75000	-0.098494	-111.596570
558	0.129151	75000	-0.098367	-111.694937
559	0.128420	75000	-0.097857	-111.792793
560	0.127691	75000	-0.097616	-111.890409
561	0.126965	75000	-0.097222	-111.987631
562	0.126242	75000	-0.096947	-112.084578
563	0.125521	75000	-0.096981	-112.181559
564	0.124802	75000	-0.096450	-112.278008
565	0.124086	75000	-0.096231	-112.374240
566	0.123373	75000	-0.096012	-112.470251
567	0.122662	75000	-0.095580	-112.565831
568	0.121953	75000	-0.095349	-112.661180
569	0.121247	75000	-0.094987	-112.756168
570	0.120543	75000	-0.094860	-112.851028
571	0.119842	75000	-0.094356	-112.945383
572	0.119143	75000	-0.094108	-113.039491
573	0.118447	75000	-0.093791	-113.133282
574	0.117753	75000	-0.093546	-113.226828
575	0.117062	75000	-0.093203	-113.320031
576	0.116373	75000	-0.093073	-113.413104
577	0.115686	75000	-0.092614	-113.505718
578	0.115002	75000	-0.092349	-113.598067
579	0.114320	75000	-0.092076	-113.690143
580	0.113641	75000	-0.091864	-113.782007
581	0.112964	75000	-0.091476	-113.873483
582	0.112290	75000	-0.091212	-113.964696
583	0.111618	75000	-0.090915	-114.055610
584	0.110948	75000	-0.090571	-114.146181
585	0.110281	75000	-0.090433	-114.236613
586	0.109616	75000	-0.089836	-114.326450
587	0.108954	75000	-0.089814	-114.416264
588	0.108294	75000	-0.089483	-114.505746
589	0.107637	75000	-0.089153	-114.594899
590	0.106981	75000	-0.088964	-114.683863
591	0.106329	75000	-0.088639	-114.772501
592	0.105678	75000	-0.088408	-114.860909
593	0.105030	75000	-0.088118	-114.949027
594	0.104385	75000	-0.087804	-115.036832
595	0.103742	75000	-0.087533	-115.124365
596	0.103101	75000	-0.087350	-115.211714
597	0.102463	75000	-0.086974	-115.298688
598	0.101827	75000	-0.086800	-115.385489
599	0.101193	75000	-0.086371	-115.471860
600	0.100562	75000	-0.086084	-115.557944
601	0.099933	75000	-0.085865	-115.643810
602	0.099306	75000	-0.085518	-115.729328
603	0.098682	75000	-0.085127	-115.814455
604	0.098060	75000	-0.084948	-115.899403
605	0.097441	75000	-0.084778	-115.984181
606	0.096824	75000	-0.084408	-116.068590
607	0.096209	75000	-0.084221	-116.152811
608	0.095596	75000	-0.083911	-116.236722
609	0.094986	75000	-0.083579	-116.320301
610	0.094379	75000	-0.083422	-116.403722
611	0.093773	75000	-0.083066	-116.486789
612	0.093170	75000	-0.082678	-116.569467
613	0.092570	75000	-0.082469	-116.651936
614	0.091971	75000	-0.082250	-116.734186
615	0.091375	75000	-0.082013	-116.816200
616	0.090781	75000	-0.081783	-116.897983
617	0.090190	75000	-0.081347	-116.979330
618	0.089601	75000	-0.081123	-117.060453
619	0.089014	75000	-0.080797	-117.141249
620	0.088430	75000	-0.080816	-117.222065
621	0.087848	75000	-0.080333	-117.302398
622	0.087268	75000	-0.080065	-117.382463
623	0.086690	75000	-0.079729	-117.462192
624	0.086115	75000	-0.079595	-117.541787
625	0.085542	75000	-0.079271	-117.621058
626	0.084971	75000	-0.078936	-117.699994
627	0.084403	75000	-0.078681	-117.778675
628	0.083837	75000	-0.078601	-117.857276
629	0.083273	75000	-0.078202	-117.935479
630	0.082712	75000	-0.077884	-118.013363
631	0.082152	75000	-0.077602	-118.090965
632	0.081595	75000	-0.077390	-118.168355
633	0.081041	75000	-0.077068	-118.245422
634	0.080488	75000	-0.076838	-118.322260
635	0.079938	75000	-0.076876	-118.399135
636	0.079390	75000	-0.076237	-118.475373
637	0.078845	75000	-0.076279	-118.551651
638	0.078301	75000	-0.075926	-118.627577
639	0.077760	75000	-0.075524	-118.703102
640	0.077221	75000	-0.075257	-118.778359
641	0.076684	75000	-0.075079	-118.853438
642	0.076150	75000	-0.074769	-118.928208
643	0.075618	75000	-0.074423	-119.002630
644	0.075088	75000	-0.074270	-119.076901
645	0.074560	75000	-0.074141	-119.151041
646	0.074035	75000	-0.073906	-119.224947
647	0.073512	75000	-0.073526	-119.298473
648	0.072991	75000	-0.073419	-119.371892
649	0.072472	75000	-0.073154	-119.445046
650	0.071955	75000	-0.072632	-119.517678
651	0.071441	75000	-0.072640	-119.590318
652	0.070929	75000	-0.072341	-119.662659
653	0.070419	75000	-0.072095	-119.734754
654	0.069911	75000	-0.071877	-119.806631
655	0.069406	75000	-0.071634	-119.878266
656	0.068903	75000	-0.071324	-119.949590
657	0.068401	75000	-0.071098	-120.020688
658	0.067903	75000	-0.070647	-120.091335
659	0.067406	75000	-0.070646	-120.161981
660	0.066911	75000	-0.070402	-120.232383
661	0.066419	75000	-0.070072	-120.302455
662	0.065929	75000	-0.069832	-120.372287
663	0.065441	75000	-0.069711	-120.441998
664	0.064955	75000	-0.069369	-120.511367
665	0.064471	75000	-0.068992	-120.580359
666	0.063990	75000	-0.068931	-120.649290
667	0.063510	75000	-0.068673	-120.717964
668	0.063033	75000	-0.068606	-120.786570
669	0.062558	75000	-0.068390	-120.854960
670	0.062085	75000	-0.067792	-120.922752
671	0.061615	75000	-0.067622	-120.990374
672	0.061146	75000	-0.067472	-121.057846
673	0.060680	75000	-0.067107	-121.124953
674	0.060216	75000	-0.066794	-121.191747
675	0.059753	75000	-0.066649	-121.258397
676	0.059293	75000	-0.066512	-121.324908
677	0.058836	75000	-0.066239	-121.391148
678	0.058380	75000	-0.066054	-121.457201
679	0.057926	75000	-0.065876	-121.523077
680	0.057475	75000	-0.065630	-121.588707
681	0.057025	75000	-0.065145	-121.653852
682	0.056578	75000	-0.065016	-121.718868
683	0.056133	75000	-0.065039	-121.783907
684	0.055690	75000	-0.064683	-121.848590
685	0.055249	75000	-0.064510	-121.913100
686	0.054810	75000	-0.064287	-121.977386
687	0.054373	75000	-0.064037	-122.041423
688	0.053939	75000	-0.063669	-122.105092
689	0.053506	75000	-0.063522	-122.168614
690	0.053076	75000	-0.063292	-122.231906
691	0.052647	75000	-0.063231	-122.295137
692	0.052221	75000	-0.063015	-122.358152
693	0.051797	75000	-0.062737	-122.420889
694	0.051375	75000	-0.062346	-122.483234
695	0.050955	75000	-0.062314	-122.545548
696	0.050537	75000	-0.062171	-122.607719
697	0.050121	75000	-0.062010	-122.669729
698	0.049707	75000	-0.061603	-122.731332
699	0.049295	75000	-0.061226	-122.792558
700	0.048885	75000	-0.061138	-122.853696
701	0.048478	75000	-0.061185	-122.914880
702	0.048072	75000	-0.060743	-122.975624
703	0.047668	75000	-0.060498	-123.036122
704	0.047267	75000	-0.060163	-123.096285
705	0.046867	75000	-0.059917	-123.156202
706	0.046470	75000	-0.059649	-123.215851
707	0.046074	75000	-0.059525	-123.275375
708	0.045681	75000	-0.059414	-123.334789
709	0.045289	75000	-0.059030	-123.393819
710	0.044900	75000	-0.058983	-123.452802
711	0.044512	75000	-0.058912	-123.511714
712	0.044127	75000	-0.058680	-123.570394
713	0.043744	75000	-0.058428	-123.628822
714	0.043362	75000	-0.058216	-123.687038
715	0.042983	75000	-0.057960	-123.744998
716	0.042606	75000	-0.057695	-123.802692
717	0.042230	75000	-0.057356	-123.860048
718	0.041857	75000	-0.057307	-123.917355
719	0.041485	75000	-0.057113	-123.974469
720	0.041116	75000	-0.056730	-124.031199
721	0.040749	75000	-0.056766	-124.087965
722	0.040383	75000	-0.056566	-124.144531
723	0.040020	75000	-0.056291	-124.200822
724	0.039658	75000	-0.056394	-124.257216
725	0.039299	75000	-0.055845	-124.313061
726	0.038941	75000	-0.055894	-124.368955
727	0.038585	75000	-0.055773	-124.424728
728	0.038232	75000	-0.055373	-124.480101
729	0.037880	75000	-0.055426	-124.535528
730	0.037530	75000	-0.055001	-124.590529
731	0.037182	75000	-0.054930	-124.645459
732	0.036836	75000	-0.054790	-124.700249
733	0.036493	75000	-0.054566	-124.754815
734	0.036151	75000	-0.054715	-124.809530
735	0.035810	75000	-0.054212	-124.863742
736	0.035472	75000	-0.054278	-124.918019
737	0.035136	75000	-0.053937	-124.971957
738	0.034802	75000	-0.053611	-125.025568
739	0.034469	75000	-0.053414	-125.078982
740	0.034139	75000	-0.053259	-125.132241
741	0.033810	75000	-0.052827	-125.185068
742	0.033484	75000	-0.052927	-125.237995
743	0.033159	75000	-0.052615	-125.290610
744	0.032836	75000	-0.052797	-125.343407
745	0.032515	75000	-0.052527	-125.395934
746	0.032196	75000	-0.052092	-125.448026
747	0.031879	75000	-0.052447	-125.500473
748	0.031563	75000	-0.052117	-125.552590
749	0.031250	75000	-0.051916	-125.604506
750	0.030938	75000	-0.051625	-125.656131
751	0.030629	75000	-0.051537	-125.707668
752	0.030321	75000	-0.051094	-125.758762
753	0.030015	75000	-0.050966	-125.809728
754	0.029711	75000	-0.051100	-125.860828
755	0.029409	75000	-0.051163	-125.911991
756	0.029108	75000	-0.050565	-125.962556
757	0.028810	75000	-0.050342	-126.012898
758	0.028513	75000	-0.050517	-126.063416
759	0.028218	75000	-0.050162	-126.113577
760	0.027925	75000	-0.050336	-126.163913
761	0.027634	75000	-0.050005	-126.213918
762	0.027345	75000	-0.050223	-126.264141
763	0.027057	75000	-0.049626	-126.313767
764	0.026771	75000	-0.049545	-126.363312
765	0.026487	75000	-0.049749	-126.413061
766	0.026205	75000	-0.049091	-126.462152
767	0.025925	75000	-0.049472	-126.511623
768	0.025647	75000	-0.048972	-126.560595
769	0.025370	75000	-0.048822	-126.609418
770	0.025095	75000	-0.048634	-126.658051
771	0.024822	75000	-0.048418	-126.706469
772	0.024551	75000	-0.048566	-126.755035
773	0.024281	75000	-0.048474	-126.803508
774	0.024014	75000	-0.048338	-126.851846
775	0.023748	75000	-0.048575	-126.900421
776	0.023483	75000	-0.048096	-126.948517
777	0.023221	75000	-0.048223	-126.996739
778	0.022960	75000	-0.047957	-127.044696
779	0.022702	75000	-0.047805	-127.092501
780	0.022445	75000	-0.048074	-127.140575
781	0.022189	75000	-0.047555	-127.188130
782	0.021936	75000	-0.047826	-127.235957
783	0.021684	75000	-0.047275	-127.283231
784	0.021434	75000	-0.047144	-127.330375
785	0.021185	75000	-0.047519	-127.377894
786	0.020939	75000	-0.047021	-127.424915
787	0.020694	75000	-0.046842	-127.471756
788	0.020451	75000	-0.047102	-127.518858
789	0.020209	75000	-0.047258	-127.566116
790	0.019969	75000	-0.046996	-127.613113
791	0.019731	75000	-0.047031	-127.660143
792	0.019495	75000	-0.046595	-127.706738
793	0.019261	75000	-0.047018	-127.753756
794	0.019028	75000	-0.046995	-127.800751
795	0.018796	75000	-0.046534	-127.847286
796	0.018567	75000	-0.046402	-127.893688
797	0.018339	75000	-0.046884	-127.940571
798	0.018113	75000	-0.046553	-127.987124
799	0.017889	75000	-0.046829	-128.033953
800	0.017666	75000	-0.046945	-128.080898
801	0.017445	75000	-0.046347	-128.127245
802	0.017225	75000	-0.046489	-128.173734
803	0.017007	75000	-0.046488	-128.220221
804	0.016791	75000	-0.046549	-128.266771
805	0.016577	75000	-0.046645	-128.313416
806	0.016364	75000	-0.046279	-128.359695
807	0.016153	75000	-0.046551	-128.406247
808	0.015943	75000	-0.046150	-128.452397
809	0.015736	75000	-0.046724	-128.499121
810	0.015529	75000	-0.046407	-128.545528
811	0.015325	75000	-0.047933	-128.593461
812	0.015122	75000	-0.046433	-128.639894
813	0.014920	75000	-0.046387	-128.686281
814	0.014721	75000	-0.048005	-128.734285
815	0.014523	75000	-0.047299	-128.781584
816	0.014326	75000	-0.047587	-128.829171
817	0.014131	75000	-0.047589	-128.876760
818	0.013938	75000	-0.046900	-128.923661
819	0.013746	75000	-0.047421	-128.971081
820	0.013556	75000	-0.048469	-129.019550
821	0.013367	75000	-0.047219	-129.066769
822	0.013181	75000	-0.047409	-129.114178
823	0.012995	75000	-0.047564	-129.161742
824	0.012811	75000	-0.049436	-129.211178
825	0.012629	75000	-0.049134	-129.260312
826	0.012448	75000	-0.049399	-129.309711
827	0.012269	75000	-0.048420	-129.358132
828	0.012092	75000	-0.048995	-129.407126
829	0.011916	75000	-0.049503	-129.456629
830	0.011741	75000	-0.050884	-129.507513
831	0.011568	75000	-0.052221	-129.559734
832	0.011397	75000	-0.049816	-129.609550
833	0.011227	75000	-0.050617	-129.660167
834	0.011059	75000	-0.052163	-129.712330
835	0.010892	75000	-0.052440	-129.764770
836	0.010727	75000	-0.051958	-129.816728
837	0.010563	75000	-0.051028	-129.867756
838	0.010401	75000	-0.052853	-129.920609
839	0.010240	75000	-0.055450	-129.976060
840	0.010081	75000	-0.055748	-130.031808
841	0.009923	75000	-0.053236	-130.085044
842	0.009767	75000	-0.055662	-130.140706
843	0.009612	75000	-0.054945	-130.195651
844	0.009459	75000	-0.055961	-130.251612
845	0.009307	75000	-0.056141	-130.307752
846	0.009156	75000	-0.056620	-130.364372
847	0.009008	75000	-0.055467	-130.419839
848	0.008860	75000	-0.057494	-130.477333
849	0.008714	75000	-0.059434	-130.536767
850	0.008570	75000	-0.058650	-130.595417
851	0.008427	75000	-0.059663	-130.655080
852	0.008285	75000	-0.062131	-130.717211
853	0.008145	75000	-0.064254	-130.781464
854	0.008006	75000	-0.062835	-130.844299
855	0.007869	75000	-0.062611	-130.906910
856	0.007733	75000	-0.064072	-130.970983
857	0.007598	75000	-0.065065	-131.036048
858	0.007465	75000	-0.065880	-131.101928
859	0.007334	75000	-0.066563	-131.168491
860	0.007203	75000	-0.067512	-131.236003
861	0.007075	75000	-0.070288	-131.306291
862	0.006947	75000	-0.070593	-131.376884
863	0.006821	75000	-0.072087	-131.448971
864	0.006696	75000	-0.073520	-131.522492
865	0.006573	75000	-0.075108	-131.597600
866	0.006451	75000	-0.075446	-131.673045
867	0.006330	75000	-0.076329	-131.749374
868	0.006211	75000	-0.077716	-131.827090
869	0.006093	75000	-0.080914	-131.908004
870	0.005977	75000	-0.080604	-131.988609
871	0.005862	75000	-0.080295	-132.068903
872	0.005748	75000	-0.083947	-132.152850
873	0.005635	75000	-0.086556	-132.239406
874	0.005524	75000	-0.086528	-132.325934
875	0.005414	75000	-0.086481	-132.412415
876	0.005306	75000	-0.090250	-132.502666
877	0.005199	75000	-0.089167	-132.591832
878	0.005093	75000	-0.089364	-132.681196
879	0.004988	75000	-0.091327	-132.772523
880	0.004885	75000	-0.092116	-132.864640
881	0.004783	75000	-0.095711	-132.960350
882	0.004682	75000	-0.095302	-133.055652
883	0.004583	75000	-0.096084	-133.151736
884	0.004485	75000	-0.096402	-133.248138
885	0.004388	75000	-0.098549	-133.346687
886	0.004292	75000	-0.098813	-133.445500
887	0.004198	75000	-0.099623	-133.545123
888	0.004105	75000	-0.099351	-133.644475
889	0.004013	75000	-0.101948	-133.746423
890	0.003923	75000	-0.099844	-133.846266
891	0.003833	75000	-0.101587	-133.947854
892	0.003745	75000	-0.101148	-134.049002
893	0.003658	75000	-0.100738	-134.149740
894	0.003573	75000	-0.102627	-134.252367
895	0.003488	75000	-0.102068	-134.354435
896	0.003405	75000	-0.102003	-134.456438
897	0.003323	75000	-0.102101	-134.558538
898	0.003242	75000	-0.102772	-134.661311
899	0.003162	75000	-0.100150	-134.761461
900	0.003084	75000	-0.101791	-134.863252
901	0.003007	75000	-0.102120	-134.965373
902	0.002930	75000	-0.101908	-135.067280
903	0.002855	75000	-0.101175	-135.168455
904	0.002782	75000	-0.100558	-135.269013
905	0.002709	75000	-0.101259	-135.370273
906	0.002638	75000	-0.099625	-135.469898
907	0.002567	75000	-0.099025	-135.568923
908	0.002498	75000	-0.099016	-135.667938
909	0.002430	75000	-0.098478	-135.766416
910	0.002363	75000	-0.097716	-135.864132
911	0.002297	75000	-0.097434	-135.961566
912	0.002233	75000	-0.094663	-136.056229
913	0.002169	75000	-0.095225	-136.151454
914	0.002106	75000	-0.094352	-136.245805
915	0.002045	75000	-0.093437	-136.339242
916	0.001985	75000	-0.092623	-136.431866
917	0.001925	75000	-0.091122	-136.522988
918	0.001867	75000	-0.089652	-136.612640
919	0.001810	75000	-0.088789	-136.701429
920	0.001754	75000	-0.088173	-136.789602
921	0.001699	75000	-0.086892	-136.876495
922	0.001645	75000	-0.085646	-136.962141
923	0.001592	75000	-0.084418	-137.046559
924	0.001540	75000	-0.083200	-137.129758
925	0.001490	75000	-0.082005	-137.211764
926	0.001440	75000	-0.081103	-137.292867
927	0.001391	75000	-0.079541	-137.372407
928	0.001343	75000	-0.078099	-137.450507
929	0.001296	75000	-0.077223	-137.527729
930	0.001251	75000	-0.075541	-137.603271
931	0.001206	75000	-0.074355	-137.677626
932	0.001162	75000	-0.073394	-137.751020
933	0.001119	75000	-0.071442	-137.822462
934	0.001077	75000	-0.070089	-137.892551
935	0.001036	75000	-0.069144	-137.961695
936	0.000996	75000	-0.067158	-138.028852
937	0.000957	75000	-0.066155	-138.095008
938	0.000919	75000	-0.065064	-138.160072
939	0.000882	75000	-0.063604	-138.223676
940	0.000846	75000	-0.062332	-138.286008
941	0.000810	75000	-0.060467	-138.346475
942	0.000776	75000	-0.059203	-138.405678
943	0.000742	75000	-0.057714	-138.463392
944	0.000709	75000	-0.056352	-138.519744
945	0.000678	75000	-0.055148	-138.574892
946	0.000647	75000	-0.053657	-138.628550
947	0.000617	75000	-0.052335	-138.680884
948	0.000587	75000	-0.051268	-138.732152
949	0.000559	75000	-0.049615	-138.781767
950	0.000531	75000	-0.048054	-138.829821
951	0.000505	75000	-0.046917	-138.876738
952	0.000479	75000	-0.045573	-138.922310
953	0.000454	75000	-0.043982	-138.966292
954	0.000430	75000	-0.042840	-139.009132
955	0.000406	75000	-0.041577	-139.050709
956	0.000383	75000	-0.040167	-139.090875
957	0.000362	75000	-0.038769	-139.129645
958	0.000340	75000	-0.037593	-139.167238
959	0.000320	75000	-0.036191	-139.203429
960	0.000300	75000	-0.034894	-139.238323
961	0.000281	75000	-0.033675	-139.271997
962	0.000263	75000	-0.032318	-139.304315
963	0.000246	75000	-0.031042	-139.335357
964	0.000229	75000	-0.029807	-139.365163
965	0.000213	75000	-0.028637	-139.393800
966	0.000198	75000	-0.027599	-139.421399
967	0.000183	75000	-0.026265	-139.447664
968	0.000169	75000	-0.025091	-139.472755
969	0.000156	75000	-0.023959	-139.496715
970	0.000143	75000	-0.022777	-139.519491
971	0.000131	75000	-0.021654	-139.541145
972	0.000120	75000	-0.020491	-139.561636
973	0.000109	75000	-0.019411	-139.581047
974	0.000099	75000	-0.018267	-139.599314
975	0.000089	75000	-0.017258	-139.616571
976	0.000080	75000	-0.016235	-139.632806
977	0.000072	75000	-0.015207	-139.648013
978	0.000064	75000	-0.014253	-139.662266
979	0.000057	75000	-0.013253	-139.675519
980	0.000050	75000	-0.012312	-139.687832
981	0.000043	75000	-0.011389	-139.699220
982	0.000038	75000	-0.010512	-139.709733
983	0.000032	75000	-0.009577	-139.719310
984	0.000028	75000	-0.008727	-139.728037
985	0.000023	75000	-0.007912	-139.735949
986	0.000019	75000	-0.007118	-139.743067
987	0.000016	75000	-0.006334	-139.749401
988	0.000013	75000	-0.005596	-139.754997
989	0.000010	75000	-0.004864	-139.759861
990	0.000008	75000	-0.004204	-139.764066
991	0.000006	75000	-0.003563	-139.767629
992	0.000004	75000	-0.002948	-139.770576
993	0.000003	75000	-0.002373	-139.772949
994	0.000002	75000	-0.001844	-139.774793
995	0.000001	75000	-0.001369	-139.776162
996	0.000000	75000	-0.000938	-139.777100
997	0.000000	75000	-0.000568	-139.777668
998	0.000000	75000	-0.000267	-139.777935
999	0.000000	75000	-0.000057	-139.777992
Log marginal likelihood:	-139.777992
