Steppingstone sampler:
        No Stones:                  1000
        Start It:                   10000001
        It Per Stone:               100000
        Sample Freq:                1
        Dist:                       Beta(0.400000,1.000000)
Stone No	Power	N	Stone MLh	Running MLh
0	0.997502	75000	-0.138208	-0.138208
1	0.995007	75000	-0.138022	-0.276230
2	0.992517	75000	-0.137766	-0.413996
3	0.990030	75000	-0.137497	-0.551493
4	0.987547	75000	-0.137416	-0.688909
5	0.985067	75000	-0.137210	-0.826119
6	0.982592	75000	-0.136961	-0.963079
7	0.980120	75000	-0.136735	-1.099814
8	0.977652	75000	-0.136587	-1.236401
9	0.975187	75000	-0.136364	-1.372765
10	0.972726	75000	-0.136143	-1.508908
11	0.970269	75000	-0.135979	-1.644887
12	0.967816	75000	-0.135748	-1.780635
13	0.965367	75000	-0.135584	-1.916220
14	0.962921	75000	-0.135359	-2.051579
15	0.960479	75000	-0.135191	-2.186769
16	0.958040	75000	-0.135037	-2.321806
17	0.955606	75000	-0.134753	-2.456559
18	0.953175	75000	-0.134585	-2.591144
19	0.950747	75000	-0.134430	-2.725574
20	0.948324	75000	-0.134187	-2.859761
21	0.945904	75000	-0.133983	-2.993744
22	0.943488	75000	-0.133748	-3.127492
23	0.941076	75000	-0.133523	-3.261015
24	0.938667	75000	-0.133391	-3.394406
25	0.936262	75000	-0.133256	-3.527662
26	0.933861	75000	-0.132995	-3.660658
27	0.931463	75000	-0.132865	-3.793522
28	0.929069	75000	-0.132563	-3.926086
29	0.926679	75000	-0.132401	-4.058487
30	0.924293	75000	-0.132192	-4.190679
31	0.921910	75000	-0.132026	-4.322705
32	0.919531	75000	-0.131720	-4.454425
33	0.917155	75000	-0.131562	-4.585987
34	0.914783	75000	-0.131447	-4.717434
35	0.912415	75000	-0.131217	-4.848651
36	0.910051	75000	-0.131019	-4.979670
37	0.907690	75000	-0.130848	-5.110518
38	0.905333	75000	-0.130622	-5.241140
39	0.902980	75000	-0.130456	-5.371596
40	0.900630	75000	-0.130224	-5.501820
41	0.898284	75000	-0.129993	-5.631813
42	0.895942	75000	-0.129885	-5.761698
43	0.893603	75000	-0.129598	-5.891295
44	0.891268	75000	-0.129503	-6.020798
45	0.888937	75000	-0.129203	-6.150001
46	0.886609	75000	-0.129059	-6.279060
47	0.884285	75000	-0.128830	-6.407890
48	0.881965	75000	-0.128664	-6.536554
49	0.879648	75000	-0.128452	-6.665006
50	0.877335	75000	-0.128308	-6.793314
51	0.875026	75000	-0.128136	-6.921450
52	0.872720	75000	-0.127915	-7.049364
53	0.870418	75000	-0.127703	-7.177067
54	0.868120	75000	-0.127461	-7.304528
55	0.865825	75000	-0.127246	-7.431774
56	0.863534	75000	-0.127153	-7.558927
57	0.861246	75000	-0.126866	-7.685793
58	0.858962	75000	-0.126739	-7.812532
59	0.856682	75000	-0.126540	-7.939071
60	0.854405	75000	-0.126290	-8.065361
61	0.852132	75000	-0.126141	-8.191503
62	0.849863	75000	-0.125911	-8.317414
63	0.847597	75000	-0.125782	-8.443196
64	0.845335	75000	-0.125560	-8.568756
65	0.843077	75000	-0.125307	-8.694063
66	0.840822	75000	-0.125159	-8.819222
67	0.838571	75000	-0.124969	-8.944191
68	0.836323	75000	-0.124785	-9.068976
69	0.834079	75000	-0.124574	-9.193550
70	0.831839	75000	-0.124378	-9.317928
71	0.829602	75000	-0.124236	-9.442164
72	0.827369	75000	-0.123984	-9.566148
73	0.825140	75000	-0.123785	-9.689932
74	0.822914	75000	-0.123593	-9.813526
75	0.820691	75000	-0.123415	-9.936941
76	0.818473	75000	-0.123252	-10.060192
77	0.816258	75000	-0.123058	-10.183250
78	0.814046	75000	-0.122869	-10.306120
79	0.811838	75000	-0.122637	-10.428757
80	0.809634	75000	-0.122475	-10.551232
81	0.807433	75000	-0.122258	-10.673490
82	0.805236	75000	-0.122082	-10.795572
83	0.803043	75000	-0.121926	-10.917498
84	0.800853	75000	-0.121709	-11.039206
85	0.798667	75000	-0.121527	-11.160733
86	0.796484	75000	-0.121334	-11.282067
87	0.794305	75000	-0.121137	-11.403204
88	0.792129	75000	-0.120909	-11.524113
89	0.789957	75000	-0.120781	-11.644894
90	0.787789	75000	-0.120583	-11.765477
91	0.785624	75000	-0.120435	-11.885912
92	0.783463	75000	-0.120133	-12.006045
93	0.781305	75000	-0.119962	-12.126007
94	0.779151	75000	-0.119782	-12.245789
95	0.777000	75000	-0.119642	-12.365431
96	0.774853	75000	-0.119384	-12.484815
97	0.772710	75000	-0.119233	-12.604048
98	0.770570	75000	-0.119029	-12.723077
99	0.768433	75000	-0.118805	-12.841882
100	0.766301	75000	-0.118665	-12.960546
101	0.764172	75000	-0.118408	-13.078955
102	0.762046	75000	-0.118224	-13.197179
103	0.759924	75000	-0.118109	-13.315288
104	0.757805	75000	-0.117912	-13.433200
105	0.755690	75000	-0.117614	-13.550814
106	0.753579	75000	-0.117460	-13.668274
107	0.751471	75000	-0.117313	-13.785587
108	0.749366	75000	-0.117140	-13.902726
109	0.747266	75000	-0.116916	-14.019642
110	0.745168	75000	-0.116769	-14.136411
111	0.743075	75000	-0.116536	-14.252947
112	0.740984	75000	-0.116408	-14.369355
113	0.738898	75000	-0.116279	-14.485635
114	0.736815	75000	-0.116049	-14.601683
115	0.734735	75000	-0.115870	-14.717553
116	0.732659	75000	-0.115622	-14.833175
117	0.730586	75000	-0.115420	-14.948594
118	0.728517	75000	-0.115278	-15.063873
119	0.726452	75000	-0.115093	-15.178966
120	0.724390	75000	-0.114822	-15.293788
121	0.722331	75000	-0.114687	-15.408475
122	0.720276	75000	-0.114542	-15.523017
123	0.718225	75000	-0.114302	-15.637319
124	0.716177	75000	-0.114147	-15.751466
125	0.714132	75000	-0.113959	-15.865425
126	0.712091	75000	-0.113773	-15.979197
127	0.710054	75000	-0.113593	-16.092791
128	0.708020	75000	-0.113375	-16.206165
129	0.705989	75000	-0.113135	-16.319301
130	0.703962	75000	-0.113030	-16.432331
131	0.701939	75000	-0.112786	-16.545117
132	0.699919	75000	-0.112623	-16.657740
133	0.697902	75000	-0.112498	-16.770238
134	0.695889	75000	-0.112174	-16.882411
135	0.693880	75000	-0.112064	-16.994476
136	0.691874	75000	-0.111835	-17.106311
137	0.689871	75000	-0.111736	-17.218047
138	0.687872	75000	-0.111503	-17.329550
139	0.685877	75000	-0.111281	-17.440831
140	0.683885	75000	-0.111149	-17.551981
141	0.681896	75000	-0.110942	-17.662923
142	0.679911	75000	-0.110752	-17.773675
143	0.677929	75000	-0.110567	-17.884241
144	0.675951	75000	-0.110418	-17.994659
145	0.673976	75000	-0.110183	-18.104843
146	0.672005	75000	-0.110048	-18.214890
147	0.670037	75000	-0.109835	-18.324726
148	0.668073	75000	-0.109665	-18.434391
149	0.666112	75000	-0.109425	-18.543816
150	0.664155	75000	-0.109323	-18.653139
151	0.662201	75000	-0.109060	-18.762198
152	0.660250	75000	-0.108982	-18.871180
153	0.658303	75000	-0.108726	-18.979906
154	0.656359	75000	-0.108538	-19.088444
155	0.654419	75000	-0.108366	-19.196810
156	0.652483	75000	-0.108157	-19.304967
157	0.650549	75000	-0.107961	-19.412928
158	0.648619	75000	-0.107809	-19.520737
159	0.646693	75000	-0.107584	-19.628322
160	0.644770	75000	-0.107476	-19.735797
161	0.642851	75000	-0.107248	-19.843045
162	0.640934	75000	-0.107097	-19.950142
163	0.639022	75000	-0.106835	-20.056977
164	0.637113	75000	-0.106683	-20.163660
165	0.635207	75000	-0.106533	-20.270194
166	0.633304	75000	-0.106361	-20.376555
167	0.631405	75000	-0.106146	-20.482701
168	0.629510	75000	-0.105971	-20.588673
169	0.627618	75000	-0.105779	-20.694452
170	0.625729	75000	-0.105635	-20.800087
171	0.623844	75000	-0.105471	-20.905558
172	0.621962	75000	-0.105226	-21.010783
173	0.620083	75000	-0.105017	-21.115800
174	0.618208	75000	-0.104875	-21.220675
175	0.616337	75000	-0.104719	-21.325393
176	0.614468	75000	-0.104535	-21.429929
177	0.612604	75000	-0.104333	-21.534262
178	0.610742	75000	-0.104176	-21.638438
179	0.608884	75000	-0.104022	-21.742460
180	0.607029	75000	-0.103837	-21.846297
181	0.605178	75000	-0.103632	-21.949929
182	0.603330	75000	-0.103460	-22.053390
183	0.601486	75000	-0.103212	-22.156601
184	0.599645	75000	-0.103087	-22.259688
185	0.597807	75000	-0.102912	-22.362600
186	0.595973	75000	-0.102618	-22.465218
187	0.594142	75000	-0.102620	-22.567837
188	0.592314	75000	-0.102357	-22.670194
189	0.590490	75000	-0.102252	-22.772446
190	0.588669	75000	-0.101991	-22.874438
191	0.586852	75000	-0.101823	-22.976261
192	0.585038	75000	-0.101624	-23.077885
193	0.583227	75000	-0.101499	-23.179384
194	0.581420	75000	-0.101361	-23.280745
195	0.579616	75000	-0.101102	-23.381847
196	0.577815	75000	-0.100921	-23.482768
197	0.576018	75000	-0.100746	-23.583514
198	0.574224	75000	-0.100640	-23.684154
199	0.572433	75000	-0.100410	-23.784564
200	0.570646	75000	-0.100184	-23.884749
201	0.568862	75000	-0.100016	-23.984764
202	0.567082	75000	-0.099830	-24.084594
203	0.565305	75000	-0.099710	-24.184304
204	0.563531	75000	-0.099507	-24.283812
205	0.561761	75000	-0.099293	-24.383104
206	0.559993	75000	-0.099155	-24.482259
207	0.558230	75000	-0.098986	-24.581245
208	0.556469	75000	-0.098804	-24.680049
209	0.554712	75000	-0.098703	-24.778753
210	0.552958	75000	-0.098485	-24.877238
211	0.551208	75000	-0.098351	-24.975589
212	0.549461	75000	-0.098076	-25.073665
213	0.547717	75000	-0.097935	-25.171599
214	0.545977	75000	-0.097762	-25.269362
215	0.544240	75000	-0.097482	-25.366844
216	0.542506	75000	-0.097365	-25.464209
217	0.540775	75000	-0.097191	-25.561399
218	0.539048	75000	-0.097014	-25.658413
219	0.537324	75000	-0.096883	-25.755296
220	0.535604	75000	-0.096644	-25.851940
221	0.533887	75000	-0.096498	-25.948437
222	0.532173	75000	-0.096356	-26.044793
223	0.530462	75000	-0.096253	-26.141046
224	0.528755	75000	-0.095988	-26.237035
225	0.527051	75000	-0.095773	-26.332807
226	0.525350	75000	-0.095644	-26.428452
227	0.523653	75000	-0.095447	-26.523899
228	0.521958	75000	-0.095340	-26.619239
229	0.520268	75000	-0.095137	-26.714375
230	0.518580	75000	-0.094980	-26.809355
231	0.516896	75000	-0.094755	-26.904109
232	0.515215	75000	-0.094599	-26.998709
233	0.513537	75000	-0.094478	-27.093187
234	0.511863	75000	-0.094246	-27.187433
235	0.510192	75000	-0.094098	-27.281531
236	0.508524	75000	-0.093972	-27.375503
237	0.506859	75000	-0.093717	-27.469219
238	0.505198	75000	-0.093559	-27.562779
239	0.503540	75000	-0.093448	-27.656227
240	0.501885	75000	-0.093146	-27.749373
241	0.500234	75000	-0.093032	-27.842405
242	0.498586	75000	-0.092811	-27.935215
243	0.496941	75000	-0.092717	-28.027933
244	0.495299	75000	-0.092496	-28.120428
245	0.493660	75000	-0.092284	-28.212712
246	0.492025	75000	-0.092177	-28.304889
247	0.490393	75000	-0.092076	-28.396965
248	0.488765	75000	-0.091743	-28.488709
249	0.487139	75000	-0.091706	-28.580415
250	0.485517	75000	-0.091398	-28.671812
251	0.483898	75000	-0.091397	-28.763210
252	0.482283	75000	-0.091198	-28.854408
253	0.480670	75000	-0.090986	-28.945394
254	0.479061	75000	-0.090831	-29.036225
255	0.477455	75000	-0.090635	-29.126859
256	0.475852	75000	-0.090457	-29.217316
257	0.474253	75000	-0.090257	-29.307574
258	0.472656	75000	-0.090029	-29.397603
259	0.471063	75000	-0.089950	-29.487552
260	0.469474	75000	-0.089819	-29.577371
261	0.467887	75000	-0.089621	-29.666992
262	0.466304	75000	-0.089523	-29.756516
263	0.464723	75000	-0.089161	-29.845676
264	0.463146	75000	-0.089241	-29.934917
265	0.461573	75000	-0.088927	-30.023844
266	0.460002	75000	-0.088635	-30.112479
267	0.458435	75000	-0.088700	-30.201179
268	0.456871	75000	-0.088392	-30.289572
269	0.455310	75000	-0.088267	-30.377838
270	0.453752	75000	-0.088005	-30.465843
271	0.452198	75000	-0.087863	-30.553706
272	0.450647	75000	-0.087729	-30.641435
273	0.449098	75000	-0.087447	-30.728882
274	0.447554	75000	-0.087421	-30.816302
275	0.446012	75000	-0.087251	-30.903554
276	0.444473	75000	-0.087059	-30.990613
277	0.442938	75000	-0.086930	-31.077543
278	0.441406	75000	-0.086631	-31.164174
279	0.439877	75000	-0.086604	-31.250778
280	0.438351	75000	-0.086385	-31.337163
281	0.436829	75000	-0.086312	-31.423475
282	0.435309	75000	-0.086047	-31.509523
283	0.433793	75000	-0.085859	-31.595382
284	0.432280	75000	-0.085710	-31.681092
285	0.430770	75000	-0.085508	-31.766600
286	0.429263	75000	-0.085413	-31.852012
287	0.427760	75000	-0.085196	-31.937209
288	0.426259	75000	-0.085080	-32.022289
289	0.424762	75000	-0.084904	-32.107193
290	0.423268	75000	-0.084745	-32.191938
291	0.421777	75000	-0.084586	-32.276524
292	0.420289	75000	-0.084510	-32.361034
293	0.418805	75000	-0.084210	-32.445244
294	0.417323	75000	-0.084205	-32.529449
295	0.415845	75000	-0.083915	-32.613364
296	0.414370	75000	-0.083734	-32.697098
297	0.412898	75000	-0.083594	-32.780692
298	0.411429	75000	-0.083377	-32.864069
299	0.409963	75000	-0.083170	-32.947240
300	0.408501	75000	-0.083063	-33.030302
301	0.407041	75000	-0.082917	-33.113219
302	0.405585	75000	-0.082800	-33.196019
303	0.404132	75000	-0.082488	-33.278508
304	0.402682	75000	-0.082464	-33.360971
305	0.401235	75000	-0.082266	-33.443238
306	0.399791	75000	-0.082005	-33.525243
307	0.398350	75000	-0.081911	-33.607154
308	0.396913	75000	-0.081700	-33.688854
309	0.395478	75000	-0.081512	-33.770366
310	0.394047	75000	-0.081437	-33.851803
311	0.392619	75000	-0.081199	-33.933002
312	0.391194	75000	-0.081141	-34.014144
313	0.389772	75000	-0.080994	-34.095137
314	0.388353	75000	-0.080816	-34.175953
315	0.386937	75000	-0.080720	-34.256673
316	0.385524	75000	-0.080458	-34.337130
317	0.384115	75000	-0.080331	-34.417462
318	0.382708	75000	-0.080162	-34.497623
319	0.381305	75000	-0.079890	-34.577513
320	0.379904	75000	-0.079793	-34.657307
321	0.378507	75000	-0.079752	-34.737058
322	0.377113	75000	-0.079430	-34.816488
323	0.375722	75000	-0.079354	-34.895842
324	0.374334	75000	-0.079065	-34.974907
325	0.372949	75000	-0.078991	-35.053898
326	0.371567	75000	-0.078915	-35.132813
327	0.370189	75000	-0.078689	-35.211502
328	0.368813	75000	-0.078565	-35.290066
329	0.367440	75000	-0.078390	-35.368456
330	0.366071	75000	-0.078111	-35.446567
331	0.364705	75000	-0.077991	-35.524558
332	0.363341	75000	-0.077903	-35.602461
333	0.361981	75000	-0.077760	-35.680221
334	0.360624	75000	-0.077529	-35.757751
335	0.359269	75000	-0.077407	-35.835158
336	0.357918	75000	-0.077278	-35.912436
337	0.356570	75000	-0.077107	-35.989543
338	0.355225	75000	-0.076876	-36.066419
339	0.353883	75000	-0.076740	-36.143159
340	0.352544	75000	-0.076605	-36.219764
341	0.351208	75000	-0.076359	-36.296123
342	0.349875	75000	-0.076258	-36.372382
343	0.348546	75000	-0.076154	-36.448535
344	0.347219	75000	-0.075985	-36.524521
345	0.345895	75000	-0.075813	-36.600334
346	0.344574	75000	-0.075645	-36.675979
347	0.343257	75000	-0.075488	-36.751468
348	0.341942	75000	-0.075318	-36.826786
349	0.340630	75000	-0.075187	-36.901973
350	0.339322	75000	-0.075090	-36.977063
351	0.338016	75000	-0.074943	-37.052006
352	0.336714	75000	-0.074684	-37.126690
353	0.335414	75000	-0.074505	-37.201195
354	0.334118	75000	-0.074348	-37.275543
355	0.332824	75000	-0.074304	-37.349847
356	0.331534	75000	-0.074161	-37.424008
357	0.330246	75000	-0.073832	-37.497840
358	0.328962	75000	-0.073769	-37.571609
359	0.327680	75000	-0.073733	-37.645342
360	0.326401	75000	-0.073469	-37.718811
361	0.325126	75000	-0.073260	-37.792070
362	0.323853	75000	-0.073194	-37.865265
363	0.322584	75000	-0.073113	-37.938378
364	0.321317	75000	-0.072760	-38.011138
365	0.320054	75000	-0.072670	-38.083809
366	0.318793	75000	-0.072537	-38.156346
367	0.317536	75000	-0.072374	-38.228721
368	0.316281	75000	-0.072188	-38.300909
369	0.315030	75000	-0.072105	-38.373014
370	0.313781	75000	-0.071919	-38.444933
371	0.312535	75000	-0.071694	-38.516627
372	0.311293	75000	-0.071654	-38.588280
373	0.310053	75000	-0.071323	-38.659604
374	0.308816	75000	-0.071307	-38.730910
375	0.307582	75000	-0.071095	-38.802005
376	0.306352	75000	-0.070935	-38.872940
377	0.305124	75000	-0.070882	-38.943822
378	0.303899	75000	-0.070757	-39.014579
379	0.302677	75000	-0.070512	-39.085091
380	0.301458	75000	-0.070405	-39.155495
381	0.300242	75000	-0.070253	-39.225748
382	0.299029	75000	-0.070022	-39.295770
383	0.297819	75000	-0.069895	-39.365664
384	0.296611	75000	-0.069859	-39.435523
385	0.295407	75000	-0.069510	-39.505033
386	0.294206	75000	-0.069429	-39.574462
387	0.293007	75000	-0.069251	-39.643713
388	0.291812	75000	-0.069128	-39.712842
389	0.290619	75000	-0.068933	-39.781775
390	0.289430	75000	-0.068808	-39.850583
391	0.288243	75000	-0.068722	-39.919305
392	0.287059	75000	-0.068585	-39.987890
393	0.285879	75000	-0.068380	-40.056270
394	0.284701	75000	-0.068197	-40.124467
395	0.283526	75000	-0.068145	-40.192612
396	0.282354	75000	-0.067955	-40.260567
397	0.281184	75000	-0.067739	-40.328305
398	0.280018	75000	-0.067639	-40.395944
399	0.278855	75000	-0.067437	-40.463382
400	0.277694	75000	-0.067271	-40.530652
401	0.276537	75000	-0.067162	-40.597814
402	0.275382	75000	-0.066990	-40.664804
403	0.274230	75000	-0.066807	-40.731611
404	0.273082	75000	-0.066838	-40.798449
405	0.271936	75000	-0.066537	-40.864986
406	0.270793	75000	-0.066384	-40.931370
407	0.269652	75000	-0.066239	-40.997609
408	0.268515	75000	-0.066040	-41.063649
409	0.267381	75000	-0.065904	-41.129552
410	0.266249	75000	-0.065831	-41.195383
411	0.265121	75000	-0.065684	-41.261067
412	0.263995	75000	-0.065445	-41.326512
413	0.262872	75000	-0.065444	-41.391956
414	0.261752	75000	-0.065244	-41.457199
415	0.260635	75000	-0.065031	-41.522230
416	0.259520	75000	-0.065081	-41.587311
417	0.258409	75000	-0.064766	-41.652078
418	0.257300	75000	-0.064609	-41.716686
419	0.256195	75000	-0.064391	-41.781077
420	0.255092	75000	-0.064402	-41.845479
421	0.253992	75000	-0.064193	-41.909673
422	0.252895	75000	-0.064017	-41.973690
423	0.251800	75000	-0.063834	-42.037524
424	0.250709	75000	-0.063654	-42.101178
425	0.249620	75000	-0.063656	-42.164835
426	0.248534	75000	-0.063490	-42.228325
427	0.247451	75000	-0.063339	-42.291664
428	0.246371	75000	-0.063207	-42.354871
429	0.245294	75000	-0.062971	-42.417842
430	0.244220	75000	-0.062885	-42.480726
431	0.243148	75000	-0.062787	-42.543514
432	0.242079	75000	-0.062566	-42.606080
433	0.241013	75000	-0.062450	-42.668530
434	0.239950	75000	-0.062278	-42.730808
435	0.238890	75000	-0.062140	-42.792947
436	0.237832	75000	-0.062143	-42.855091
437	0.236778	75000	-0.061855	-42.916945
438	0.235726	75000	-0.061693	-42.978638
439	0.234677	75000	-0.061616	-43.040254
440	0.233630	75000	-0.061370	-43.101624
441	0.232587	75000	-0.061265	-43.162889
442	0.231546	75000	-0.061159	-43.224048
443	0.230509	75000	-0.060963	-43.285011
444	0.229473	75000	-0.060854	-43.345865
445	0.228441	75000	-0.060899	-43.406764
446	0.227412	75000	-0.060664	-43.467428
447	0.226385	75000	-0.060437	-43.527865
448	0.225361	75000	-0.060183	-43.588048
449	0.224340	75000	-0.060193	-43.648241
450	0.223322	75000	-0.059994	-43.708235
451	0.222306	75000	-0.059917	-43.768151
452	0.221293	75000	-0.059778	-43.827929
453	0.220283	75000	-0.059637	-43.887566
454	0.219276	75000	-0.059448	-43.947013
455	0.218272	75000	-0.059308	-44.006321
456	0.217270	75000	-0.059100	-44.065421
457	0.216271	75000	-0.059094	-44.124516
458	0.215275	75000	-0.058897	-44.183412
459	0.214281	75000	-0.058728	-44.242141
460	0.213291	75000	-0.058607	-44.300748
461	0.212303	75000	-0.058481	-44.359228
462	0.211318	75000	-0.058290	-44.417518
463	0.210335	75000	-0.058122	-44.475640
464	0.209356	75000	-0.057971	-44.533611
465	0.208379	75000	-0.057878	-44.591489
466	0.207404	75000	-0.057769	-44.649258
467	0.206433	75000	-0.057736	-44.706994
468	0.205464	75000	-0.057466	-44.764461
469	0.204498	75000	-0.057422	-44.821883
470	0.203535	75000	-0.057408	-44.879291
471	0.202575	75000	-0.057103	-44.936393
472	0.201617	75000	-0.056900	-44.993293
473	0.200662	75000	-0.056784	-45.050077
474	0.199709	75000	-0.056708	-45.106785
475	0.198760	75000	-0.056547	-45.163332
476	0.197813	75000	-0.056439	-45.219771
477	0.196869	75000	-0.056175	-45.275946
478	0.195927	75000	-0.056079	-45.332025
479	0.194988	75000	-0.056048	-45.388073
480	0.194052	75000	-0.055918	-45.443992
481	0.193119	75000	-0.055695	-45.499687
482	0.192188	75000	-0.055589	-45.555276
483	0.191260	75000	-0.055534	-45.610810
484	0.190335	75000	-0.055283	-45.666093
485	0.189412	75000	-0.055180	-45.721273
486	0.188492	75000	-0.055036	-45.776309
487	0.187575	75000	-0.054754	-45.831063
488	0.186660	75000	-0.054724	-45.885787
489	0.185749	75000	-0.054590	-45.940377
490	0.184839	75000	-0.054508	-45.994884
491	0.183933	75000	-0.054326	-46.049210
492	0.183029	75000	-0.054183	-46.103393
493	0.182128	75000	-0.054030	-46.157423
494	0.181229	75000	-0.053977	-46.211400
495	0.180333	75000	-0.053850	-46.265250
496	0.179440	75000	-0.053643	-46.318893
497	0.178550	75000	-0.053650	-46.372544
498	0.177662	75000	-0.053474	-46.426018
499	0.176777	75000	-0.053311	-46.479329
500	0.175894	75000	-0.053108	-46.532437
501	0.175014	75000	-0.053105	-46.585542
502	0.174137	75000	-0.052981	-46.638523
503	0.173262	75000	-0.052853	-46.691376
504	0.172390	75000	-0.052796	-46.744172
505	0.171521	75000	-0.052527	-46.796700
506	0.170654	75000	-0.052426	-46.849126
507	0.169790	75000	-0.052298	-46.901423
508	0.168929	75000	-0.052114	-46.953538
509	0.168070	75000	-0.052162	-47.005700
510	0.167214	75000	-0.051796	-47.057496
511	0.166360	75000	-0.051669	-47.109165
512	0.165509	75000	-0.051500	-47.160665
513	0.164661	75000	-0.051442	-47.212106
514	0.163815	75000	-0.051277	-47.263383
515	0.162972	75000	-0.051304	-47.314687
516	0.162132	75000	-0.051067	-47.365754
517	0.161294	75000	-0.051015	-47.416769
518	0.160458	75000	-0.050816	-47.467585
519	0.159626	75000	-0.050827	-47.518412
520	0.158796	75000	-0.050521	-47.568933
521	0.157968	75000	-0.050350	-47.619283
522	0.157143	75000	-0.050352	-47.669635
523	0.156321	75000	-0.050217	-47.719852
524	0.155501	75000	-0.050022	-47.769873
525	0.154684	75000	-0.049879	-47.819752
526	0.153870	75000	-0.049854	-47.869606
527	0.153058	75000	-0.049692	-47.919298
528	0.152248	75000	-0.049620	-47.968918
529	0.151441	75000	-0.049358	-48.018276
530	0.150637	75000	-0.049288	-48.067563
531	0.149835	75000	-0.049160	-48.116723
532	0.149036	75000	-0.048939	-48.165661
533	0.148240	75000	-0.048867	-48.214529
534	0.147446	75000	-0.048837	-48.263366
535	0.146654	75000	-0.048731	-48.312096
536	0.145865	75000	-0.048484	-48.360580
537	0.145079	75000	-0.048510	-48.409090
538	0.144295	75000	-0.048480	-48.457570
539	0.143514	75000	-0.048183	-48.505753
540	0.142735	75000	-0.048069	-48.553821
541	0.141959	75000	-0.047970	-48.601791
542	0.141186	75000	-0.047761	-48.649552
543	0.140415	75000	-0.047657	-48.697209
544	0.139646	75000	-0.047605	-48.744814
545	0.138880	75000	-0.047509	-48.792323
546	0.138116	75000	-0.047271	-48.839594
547	0.137356	75000	-0.047085	-48.886679
548	0.136597	75000	-0.047019	-48.933699
549	0.135841	75000	-0.047043	-48.980741
550	0.135088	75000	-0.046847	-49.027589
551	0.134337	75000	-0.046726	-49.074314
552	0.133588	75000	-0.046517	-49.120831
553	0.132843	75000	-0.046443	-49.167275
554	0.132099	75000	-0.046439	-49.213714
555	0.131358	75000	-0.046185	-49.259899
556	0.130620	75000	-0.046178	-49.306077
557	0.129884	75000	-0.046210	-49.352287
558	0.129151	75000	-0.045812	-49.398098
559	0.128420	75000	-0.045768	-49.443867
560	0.127691	75000	-0.045706	-49.489573
561	0.126965	75000	-0.045504	-49.535077
562	0.126242	75000	-0.045352	-49.580430
563	0.125521	75000	-0.045266	-49.625695
564	0.124802	75000	-0.045115	-49.670810
565	0.124086	75000	-0.045058	-49.715868
566	0.123373	75000	-0.045061	-49.760928
567	0.122662	75000	-0.044924	-49.805852
568	0.121953	75000	-0.044720	-49.850572
569	0.121247	75000	-0.044573	-49.895146
570	0.120543	75000	-0.044476	-49.939621
571	0.119842	75000	-0.044315	-49.983937
572	0.119143	75000	-0.044190	-50.028127
573	0.118447	75000	-0.044076	-50.072203
574	0.117753	75000	-0.044206	-50.116409
575	0.117062	75000	-0.043780	-50.160189
576	0.116373	75000	-0.043721	-50.203910
577	0.115686	75000	-0.043719	-50.247630
578	0.115002	75000	-0.043546	-50.291176
579	0.114320	75000	-0.043516	-50.334692
580	0.113641	75000	-0.043321	-50.378013
581	0.112964	75000	-0.043185	-50.421198
582	0.112290	75000	-0.043055	-50.464253
583	0.111618	75000	-0.042989	-50.507243
584	0.110948	75000	-0.042793	-50.550036
585	0.110281	75000	-0.042859	-50.592896
586	0.109616	75000	-0.042604	-50.635500
587	0.108954	75000	-0.042421	-50.677921
588	0.108294	75000	-0.042532	-50.720453
589	0.107637	75000	-0.042289	-50.762742
590	0.106981	75000	-0.042101	-50.804843
591	0.106329	75000	-0.041933	-50.846776
592	0.105678	75000	-0.041778	-50.888554
593	0.105030	75000	-0.041971	-50.930525
594	0.104385	75000	-0.041818	-50.972342
595	0.103742	75000	-0.041518	-51.013860
596	0.103101	75000	-0.041611	-51.055471
597	0.102463	75000	-0.041498	-51.096969
598	0.101827	75000	-0.041249	-51.138219
599	0.101193	75000	-0.041140	-51.179358
600	0.100562	75000	-0.041109	-51.220468
601	0.099933	75000	-0.040958	-51.261426
602	0.099306	75000	-0.040911	-51.302337
603	0.098682	75000	-0.040821	-51.343159
604	0.098060	75000	-0.040611	-51.383770
605	0.097441	75000	-0.040473	-51.424243
606	0.096824	75000	-0.040568	-51.464810
607	0.096209	75000	-0.040393	-51.505203
608	0.095596	75000	-0.040314	-51.545516
609	0.094986	75000	-0.040218	-51.585734
610	0.094379	75000	-0.040217	-51.625951
611	0.093773	75000	-0.039795	-51.665746
612	0.093170	75000	-0.039953	-51.705698
613	0.092570	75000	-0.039823	-51.745521
614	0.091971	75000	-0.039581	-51.785102
615	0.091375	75000	-0.039518	-51.824620
616	0.090781	75000	-0.039325	-51.863945
617	0.090190	75000	-0.039344	-51.903288
618	0.089601	75000	-0.039273	-51.942562
619	0.089014	75000	-0.038898	-51.981460
620	0.088430	75000	-0.038948	-52.020408
621	0.087848	75000	-0.038894	-52.059302
622	0.087268	75000	-0.038917	-52.098219
623	0.086690	75000	-0.038618	-52.136837
624	0.086115	75000	-0.038612	-52.175449
625	0.085542	75000	-0.038476	-52.213925
626	0.084971	75000	-0.038469	-52.252394
627	0.084403	75000	-0.038208	-52.290603
628	0.083837	75000	-0.038067	-52.328670
629	0.083273	75000	-0.038017	-52.366687
630	0.082712	75000	-0.038024	-52.404711
631	0.082152	75000	-0.037782	-52.442493
632	0.081595	75000	-0.037749	-52.480241
633	0.081041	75000	-0.037934	-52.518175
634	0.080488	75000	-0.037459	-52.555635
635	0.079938	75000	-0.037259	-52.592893
636	0.079390	75000	-0.037321	-52.630214
637	0.078845	75000	-0.037391	-52.667605
638	0.078301	75000	-0.037233	-52.704838
639	0.077760	75000	-0.037088	-52.741926
640	0.077221	75000	-0.037002	-52.778928
641	0.076684	75000	-0.036842	-52.815770
642	0.076150	75000	-0.036893	-52.852664
643	0.075618	75000	-0.036804	-52.889468
644	0.075088	75000	-0.036652	-52.926120
645	0.074560	75000	-0.036607	-52.962727
646	0.074035	75000	-0.036455	-52.999182
647	0.073512	75000	-0.036292	-53.035474
648	0.072991	75000	-0.036439	-53.071913
649	0.072472	75000	-0.036178	-53.108091
650	0.071955	75000	-0.036157	-53.144248
651	0.071441	75000	-0.036021	-53.180269
652	0.070929	75000	-0.035954	-53.216223
653	0.070419	75000	-0.035867	-53.252091
654	0.069911	75000	-0.035854	-53.287945
655	0.069406	75000	-0.035799	-53.323744
656	0.068903	75000	-0.035588	-53.359332
657	0.068401	75000	-0.035473	-53.394805
658	0.067903	75000	-0.035503	-53.430308
659	0.067406	75000	-0.035397	-53.465705
660	0.066911	75000	-0.035528	-53.501232
661	0.066419	75000	-0.034996	-53.536229
662	0.065929	75000	-0.035189	-53.571417
663	0.065441	75000	-0.034806	-53.606224
664	0.064955	75000	-0.034784	-53.641008
665	0.064471	75000	-0.034985	-53.675993
666	0.063990	75000	-0.034708	-53.710701
667	0.063510	75000	-0.034648	-53.745349
668	0.063033	75000	-0.034595	-53.779944
669	0.062558	75000	-0.034499	-53.814443
670	0.062085	75000	-0.034571	-53.849013
671	0.061615	75000	-0.034414	-53.883427
672	0.061146	75000	-0.034334	-53.917761
673	0.060680	75000	-0.034115	-53.951876
674	0.060216	75000	-0.034013	-53.985889
675	0.059753	75000	-0.033774	-54.019663
676	0.059293	75000	-0.034067	-54.053731
677	0.058836	75000	-0.033872	-54.087603
678	0.058380	75000	-0.033817	-54.121419
679	0.057926	75000	-0.033612	-54.155031
680	0.057475	75000	-0.033686	-54.188718
681	0.057025	75000	-0.033468	-54.222186
682	0.056578	75000	-0.033465	-54.255651
683	0.056133	75000	-0.033285	-54.288936
684	0.055690	75000	-0.033250	-54.322187
685	0.055249	75000	-0.033288	-54.355474
686	0.054810	75000	-0.033138	-54.388613
687	0.054373	75000	-0.032962	-54.421575
688	0.053939	75000	-0.033122	-54.454697
689	0.053506	75000	-0.032725	-54.487422
690	0.053076	75000	-0.032651	-54.520073
691	0.052647	75000	-0.032782	-54.552855
692	0.052221	75000	-0.032655	-54.585510
693	0.051797	75000	-0.032544	-54.618054
694	0.051375	75000	-0.032536	-54.650591
695	0.050955	75000	-0.032502	-54.683093
696	0.050537	75000	-0.032284	-54.715377
697	0.050121	75000	-0.032554	-54.747931
698	0.049707	75000	-0.032538	-54.780469
699	0.049295	75000	-0.032350	-54.812819
700	0.048885	75000	-0.032200	-54.845019
701	0.048478	75000	-0.032164	-54.877183
702	0.048072	75000	-0.032304	-54.909488
703	0.047668	75000	-0.031794	-54.941282
704	0.047267	75000	-0.032280	-54.973562
705	0.046867	75000	-0.031929	-55.005491
706	0.046470	75000	-0.031899	-55.037390
707	0.046074	75000	-0.031955	-55.069345
708	0.045681	75000	-0.031961	-55.101306
709	0.045289	75000	-0.031785	-55.133091
710	0.044900	75000	-0.031522	-55.164613
711	0.044512	75000	-0.031847	-55.196460
712	0.044127	75000	-0.031650	-55.228110
713	0.043744	75000	-0.031581	-55.259691
714	0.043362	75000	-0.031702	-55.291393
715	0.042983	75000	-0.031517	-55.322910
716	0.042606	75000	-0.031496	-55.354406
717	0.042230	75000	-0.031160	-55.385566
718	0.041857	75000	-0.031380	-55.416946
719	0.041485	75000	-0.031402	-55.448348
720	0.041116	75000	-0.031068	-55.479416
721	0.040749	75000	-0.031289	-55.510705
722	0.040383	75000	-0.031110	-55.541816
723	0.040020	75000	-0.030928	-55.572744
724	0.039658	75000	-0.031015	-55.603759
725	0.039299	75000	-0.031261	-55.635020
726	0.038941	75000	-0.031123	-55.666142
727	0.038585	75000	-0.030717	-55.696860
728	0.038232	75000	-0.030663	-55.727523
729	0.037880	75000	-0.030856	-55.758379
730	0.037530	75000	-0.030962	-55.789341
731	0.037182	75000	-0.030859	-55.820200
732	0.036836	75000	-0.030718	-55.850918
733	0.036493	75000	-0.031031	-55.881949
734	0.036151	75000	-0.030755	-55.912704
735	0.035810	75000	-0.030670	-55.943374
736	0.035472	75000	-0.030662	-55.974037
737	0.035136	75000	-0.030572	-56.004609
738	0.034802	75000	-0.031016	-56.035625
739	0.034469	75000	-0.030392	-56.066017
740	0.034139	75000	-0.030682	-56.096699
741	0.033810	75000	-0.030897	-56.127596
742	0.033484	75000	-0.030639	-56.158236
743	0.033159	75000	-0.030508	-56.188743
744	0.032836	75000	-0.030805	-56.219549
745	0.032515	75000	-0.030504	-56.250052
746	0.032196	75000	-0.030608	-56.280661
747	0.031879	75000	-0.030531	-56.311192
748	0.031563	75000	-0.030383	-56.341575
749	0.031250	75000	-0.030567	-56.372143
750	0.030938	75000	-0.030507	-56.402650
751	0.030629	75000	-0.030532	-56.433182
752	0.030321	75000	-0.030210	-56.463392
753	0.030015	75000	-0.030685	-56.494077
754	0.029711	75000	-0.030523	-56.524600
755	0.029409	75000	-0.030990	-56.555590
756	0.029108	75000	-0.030692	-56.586282
757	0.028810	75000	-0.030202	-56.616484
758	0.028513	75000	-0.031154	-56.647638
759	0.028218	75000	-0.030558	-56.678196
760	0.027925	75000	-0.030557	-56.708753
761	0.027634	75000	-0.030342	-56.739095
762	0.027345	75000	-0.030845	-56.769940
763	0.027057	75000	-0.030678	-56.800618
764	0.026771	75000	-0.030766	-56.831384
765	0.026487	75000	-0.030453	-56.861837
766	0.026205	75000	-0.031122	-56.892959
767	0.025925	75000	-0.030874	-56.923833
768	0.025647	75000	-0.031077	-56.954910
769	0.025370	75000	-0.031347	-56.986258
770	0.025095	75000	-0.031632	-57.017889
771	0.024822	75000	-0.031137	-57.049026
772	0.024551	75000	-0.031561	-57.080587
773	0.024281	75000	-0.031251	-57.111838
774	0.024014	75000	-0.031217	-57.143055
775	0.023748	75000	-0.031198	-57.174253
776	0.023483	75000	-0.031653	-57.205907
777	0.023221	75000	-0.031358	-57.237265
778	0.022960	75000	-0.031762	-57.269027
779	0.022702	75000	-0.031348	-57.300375
780	0.022445	75000	-0.032123	-57.332499
781	0.022189	75000	-0.032149	-57.364648
782	0.021936	75000	-0.032438	-57.397085
783	0.021684	75000	-0.032517	-57.429602
784	0.021434	75000	-0.031992	-57.461594
785	0.021185	75000	-0.032199	-57.493794
786	0.020939	75000	-0.032245	-57.526039
787	0.020694	75000	-0.033289	-57.559328
788	0.020451	75000	-0.033119	-57.592447
789	0.020209	75000	-0.033258	-57.625705
790	0.019969	75000	-0.033556	-57.659261
791	0.019731	75000	-0.033038	-57.692299
792	0.019495	75000	-0.033846	-57.726145
793	0.019261	75000	-0.033854	-57.759999
794	0.019028	75000	-0.034185	-57.794184
795	0.018796	75000	-0.034300	-57.828484
796	0.018567	75000	-0.033758	-57.862242
797	0.018339	75000	-0.034320	-57.896562
798	0.018113	75000	-0.034258	-57.930820
799	0.017889	75000	-0.034457	-57.965277
800	0.017666	75000	-0.035233	-58.000510
801	0.017445	75000	-0.035168	-58.035678
802	0.017225	75000	-0.035919	-58.071596
803	0.017007	75000	-0.037081	-58.108677
804	0.016791	75000	-0.038006	-58.146684
805	0.016577	75000	-0.038159	-58.184842
806	0.016364	75000	-0.037381	-58.222223
807	0.016153	75000	-0.038288	-58.260511
808	0.015943	75000	-0.039855	-58.300367
809	0.015736	75000	-0.040541	-58.340908
810	0.015529	75000	-0.038917	-58.379825
811	0.015325	75000	-0.039773	-58.419598
812	0.015122	75000	-0.039001	-58.458599
813	0.014920	75000	-0.040889	-58.499488
814	0.014721	75000	-0.040864	-58.540352
815	0.014523	75000	-0.042261	-58.582613
816	0.014326	75000	-0.042563	-58.625176
817	0.014131	75000	-0.044226	-58.669403
818	0.013938	75000	-0.043690	-58.713093
819	0.013746	75000	-0.043993	-58.757086
820	0.013556	75000	-0.045135	-58.802221
821	0.013367	75000	-0.044251	-58.846473
822	0.013181	75000	-0.044418	-58.890891
823	0.012995	75000	-0.047029	-58.937920
824	0.012811	75000	-0.048564	-58.986484
825	0.012629	75000	-0.051065	-59.037549
826	0.012448	75000	-0.050858	-59.088406
827	0.012269	75000	-0.051014	-59.139421
828	0.012092	75000	-0.052352	-59.191773
829	0.011916	75000	-0.053099	-59.244872
830	0.011741	75000	-0.054504	-59.299376
831	0.011568	75000	-0.054500	-59.353876
832	0.011397	75000	-0.059383	-59.413259
833	0.011227	75000	-0.058019	-59.471278
834	0.011059	75000	-0.058713	-59.529990
835	0.010892	75000	-0.058631	-59.588621
836	0.010727	75000	-0.061888	-59.650510
837	0.010563	75000	-0.063183	-59.713693
838	0.010401	75000	-0.061522	-59.775215
839	0.010240	75000	-0.066903	-59.842118
840	0.010081	75000	-0.066522	-59.908640
841	0.009923	75000	-0.067956	-59.976596
842	0.009767	75000	-0.073214	-60.049810
843	0.009612	75000	-0.072644	-60.122454
844	0.009459	75000	-0.074651	-60.197105
845	0.009307	75000	-0.077603	-60.274707
846	0.009156	75000	-0.077009	-60.351716
847	0.009008	75000	-0.077310	-60.429027
848	0.008860	75000	-0.076267	-60.505294
849	0.008714	75000	-0.080165	-60.585459
850	0.008570	75000	-0.084785	-60.670244
851	0.008427	75000	-0.084369	-60.754613
852	0.008285	75000	-0.089501	-60.844114
853	0.008145	75000	-0.090044	-60.934157
854	0.008006	75000	-0.087438	-61.021596
855	0.007869	75000	-0.092658	-61.114254
856	0.007733	75000	-0.085970	-61.200224
857	0.007598	75000	-0.089651	-61.289875
858	0.007465	75000	-0.092980	-61.382855
859	0.007334	75000	-0.091786	-61.474642
860	0.007203	75000	-0.093898	-61.568540
861	0.007075	75000	-0.092178	-61.660718
862	0.006947	75000	-0.097967	-61.758685
863	0.006821	75000	-0.096539	-61.855224
864	0.006696	75000	-0.097554	-61.952778
865	0.006573	75000	-0.098169	-62.050947
866	0.006451	75000	-0.099586	-62.150533
867	0.006330	75000	-0.097815	-62.248348
868	0.006211	75000	-0.096665	-62.345013
869	0.006093	75000	-0.095848	-62.440861
870	0.005977	75000	-0.098172	-62.539034
871	0.005862	75000	-0.098017	-62.637050
872	0.005748	75000	-0.098705	-62.735755
873	0.005635	75000	-0.098322	-62.834076
874	0.005524	75000	-0.098399	-62.932475
875	0.005414	75000	-0.099146	-63.031621
876	0.005306	75000	-0.098466	-63.130087
877	0.005199	75000	-0.097084	-63.227171
878	0.005093	75000	-0.096193	-63.323364
879	0.004988	75000	-0.096148	-63.419512
880	0.004885	75000	-0.094479	-63.513991
881	0.004783	75000	-0.094332	-63.608322
882	0.004682	75000	-0.093710	-63.702032
883	0.004583	75000	-0.092835	-63.794867
884	0.004485	75000	-0.094463	-63.889330
885	0.004388	75000	-0.091978	-63.981308
886	0.004292	75000	-0.091867	-64.073175
887	0.004198	75000	-0.091069	-64.164244
888	0.004105	75000	-0.090322	-64.254566
889	0.004013	75000	-0.088315	-64.342881
890	0.003923	75000	-0.088106	-64.430987
891	0.003833	75000	-0.087791	-64.518779
892	0.003745	75000	-0.086780	-64.605559
893	0.003658	75000	-0.085517	-64.691075
894	0.003573	75000	-0.085122	-64.776197
895	0.003488	75000	-0.084441	-64.860638
896	0.003405	75000	-0.083179	-64.943817
897	0.003323	75000	-0.082621	-65.026438
898	0.003242	75000	-0.081468	-65.107906
899	0.003162	75000	-0.080540	-65.188446
900	0.003084	75000	-0.078931	-65.267377
901	0.003007	75000	-0.077877	-65.345255
902	0.002930	75000	-0.077709	-65.422964
903	0.002855	75000	-0.076168	-65.499132
904	0.002782	75000	-0.075091	-65.574222
905	0.002709	75000	-0.074186	-65.648408
906	0.002638	75000	-0.073118	-65.721526
907	0.002567	75000	-0.072580	-65.794106
908	0.002498	75000	-0.071329	-65.865435
909	0.002430	75000	-0.070226	-65.935661
910	0.002363	75000	-0.069235	-66.004896
911	0.002297	75000	-0.068132	-66.073028
912	0.002233	75000	-0.067231	-66.140259
913	0.002169	75000	-0.065917	-66.206176
914	0.002106	75000	-0.064985	-66.271161
915	0.002045	75000	-0.063948	-66.335108
916	0.001985	75000	-0.062955	-66.398063
917	0.001925	75000	-0.062076	-66.460139
918	0.001867	75000	-0.060934	-66.521073
919	0.001810	75000	-0.059772	-66.580845
920	0.001754	75000	-0.058981	-66.639826
921	0.001699	75000	-0.057746	-66.697573
922	0.001645	75000	-0.056917	-66.754489
923	0.001592	75000	-0.055793	-66.810282
924	0.001540	75000	-0.054610	-66.864892
925	0.001490	75000	-0.053602	-66.918494
926	0.001440	75000	-0.052835	-66.971329
927	0.001391	75000	-0.051670	-67.022999
928	0.001343	75000	-0.050732	-67.073731
929	0.001296	75000	-0.049646	-67.123377
930	0.001251	75000	-0.048659	-67.172036
931	0.001206	75000	-0.047644	-67.219680
932	0.001162	75000	-0.046502	-67.266182
933	0.001119	75000	-0.045512	-67.311694
934	0.001077	75000	-0.044671	-67.356364
935	0.001036	75000	-0.043753	-67.400118
936	0.000996	75000	-0.042890	-67.443007
937	0.000957	75000	-0.041645	-67.484652
938	0.000919	75000	-0.040649	-67.525301
939	0.000882	75000	-0.039800	-67.565101
940	0.000846	75000	-0.038836	-67.603937
941	0.000810	75000	-0.037998	-67.641935
942	0.000776	75000	-0.036880	-67.678815
943	0.000742	75000	-0.036008	-67.714822
944	0.000709	75000	-0.035000	-67.749823
945	0.000678	75000	-0.034202	-67.784025
946	0.000647	75000	-0.033220	-67.817245
947	0.000617	75000	-0.032294	-67.849540
948	0.000587	75000	-0.031367	-67.880907
949	0.000559	75000	-0.030505	-67.911412
950	0.000531	75000	-0.029589	-67.941001
951	0.000505	75000	-0.028811	-67.969812
952	0.000479	75000	-0.027871	-67.997683
953	0.000454	75000	-0.027049	-68.024732
954	0.000430	75000	-0.026095	-68.050827
955	0.000406	75000	-0.025256	-68.076082
956	0.000383	75000	-0.024431	-68.100513
957	0.000362	75000	-0.023643	-68.124156
958	0.000340	75000	-0.022780	-68.146936
959	0.000320	75000	-0.022058	-68.168994
960	0.000300	75000	-0.021158	-68.190152
961	0.000281	75000	-0.020414	-68.210566
962	0.000263	75000	-0.019621	-68.230187
963	0.000246	75000	-0.018868	-68.249055
964	0.000229	75000	-0.018094	-68.267149
965	0.000213	75000	-0.017350	-68.284499
966	0.000198	75000	-0.016575	-68.301074
967	0.000183	75000	-0.015859	-68.316933
968	0.000169	75000	-0.015157	-68.332090
969	0.000156	75000	-0.014400	-68.346490
970	0.000143	75000	-0.013729	-68.360219
971	0.000131	75000	-0.013027	-68.373245
972	0.000120	75000	-0.012374	-68.385620
973	0.000109	75000	-0.011689	-68.397308
974	0.000099	75000	-0.011049	-68.408357
975	0.000089	75000	-0.010428	-68.418785
976	0.000080	75000	-0.009775	-68.428561
977	0.000072	75000	-0.009159	-68.437719
978	0.000064	75000	-0.008545	-68.446265
979	0.000057	75000	-0.007954	-68.454219
980	0.000050	75000	-0.007377	-68.461596
981	0.000043	75000	-0.006834	-68.468430
982	0.000038	75000	-0.006286	-68.474715
983	0.000032	75000	-0.005747	-68.480462
984	0.000028	75000	-0.005230	-68.485692
985	0.000023	75000	-0.004745	-68.490437
986	0.000019	75000	-0.004260	-68.494697
987	0.000016	75000	-0.003789	-68.498486
988	0.000013	75000	-0.003355	-68.501841
989	0.000010	75000	-0.002924	-68.504765
990	0.000008	75000	-0.002513	-68.507279
991	0.000006	75000	-0.002126	-68.509405
992	0.000004	75000	-0.001764	-68.511168
993	0.000003	75000	-0.001427	-68.512595
994	0.000002	75000	-0.001109	-68.513704
995	0.000001	75000	-0.000822	-68.514525
996	0.000000	75000	-0.000564	-68.515090
997	0.000000	75000	-0.000341	-68.515431
998	0.000000	75000	-0.000160	-68.515591
999	0.000000	75000	-0.000034	-68.515625
Log marginal likelihood:	-68.515625
