Steppingstone sampler:
        No Stones:                  1000
        Start It:                   10000001
        It Per Stone:               100000
        Sample Freq:                1
        Dist:                       Beta(0.400000,1.000000)
Stone No	Power	N	Stone MLh	Running MLh
0	0.997502	75000	-0.301115	-0.301115
1	0.995007	75000	-0.300606	-0.601721
2	0.992517	75000	-0.300293	-0.902014
3	0.990030	75000	-0.299772	-1.201787
4	0.987547	75000	-0.299302	-1.501089
5	0.985067	75000	-0.298934	-1.800023
6	0.982592	75000	-0.298393	-2.098416
7	0.980120	75000	-0.298008	-2.396424
8	0.977652	75000	-0.297574	-2.693999
9	0.975187	75000	-0.297180	-2.991179
10	0.972726	75000	-0.296645	-3.287824
11	0.970269	75000	-0.296246	-3.584070
12	0.967816	75000	-0.295831	-3.879901
13	0.965367	75000	-0.295350	-4.175251
14	0.962921	75000	-0.294855	-4.470105
15	0.960479	75000	-0.294426	-4.764531
16	0.958040	75000	-0.294064	-5.058595
17	0.955606	75000	-0.293575	-5.352170
18	0.953175	75000	-0.293135	-5.645305
19	0.950747	75000	-0.292761	-5.938066
20	0.948324	75000	-0.292273	-6.230339
21	0.945904	75000	-0.291848	-6.522187
22	0.943488	75000	-0.291381	-6.813568
23	0.941076	75000	-0.290962	-7.104530
24	0.938667	75000	-0.290557	-7.395087
25	0.936262	75000	-0.290074	-7.685161
26	0.933861	75000	-0.289625	-7.974786
27	0.931463	75000	-0.289145	-8.263931
28	0.929069	75000	-0.288746	-8.552678
29	0.926679	75000	-0.288294	-8.840972
30	0.924293	75000	-0.287832	-9.128804
31	0.921910	75000	-0.287455	-9.416259
32	0.919531	75000	-0.287062	-9.703320
33	0.917155	75000	-0.286554	-9.989874
34	0.914783	75000	-0.286038	-10.275913
35	0.912415	75000	-0.285658	-10.561571
36	0.910051	75000	-0.285204	-10.846775
37	0.907690	75000	-0.284826	-11.131601
38	0.905333	75000	-0.284360	-11.415961
39	0.902980	75000	-0.283943	-11.699904
40	0.900630	75000	-0.283541	-11.983445
41	0.898284	75000	-0.283026	-12.266471
42	0.895942	75000	-0.282621	-12.549092
43	0.893603	75000	-0.282196	-12.831288
44	0.891268	75000	-0.281768	-13.113055
45	0.888937	75000	-0.281301	-13.394356
46	0.886609	75000	-0.280908	-13.675264
47	0.884285	75000	-0.280435	-13.955699
48	0.881965	75000	-0.279998	-14.235697
49	0.879648	75000	-0.279566	-14.515262
50	0.877335	75000	-0.279112	-14.794374
51	0.875026	75000	-0.278671	-15.073045
52	0.872720	75000	-0.278272	-15.351317
53	0.870418	75000	-0.277855	-15.629172
54	0.868120	75000	-0.277401	-15.906573
55	0.865825	75000	-0.276940	-16.183513
56	0.863534	75000	-0.276577	-16.460090
57	0.861246	75000	-0.276124	-16.736213
58	0.858962	75000	-0.275706	-17.011919
59	0.856682	75000	-0.275334	-17.287254
60	0.854405	75000	-0.274849	-17.562103
61	0.852132	75000	-0.274399	-17.836501
62	0.849863	75000	-0.273973	-18.110474
63	0.847597	75000	-0.273470	-18.383944
64	0.845335	75000	-0.273051	-18.656995
65	0.843077	75000	-0.272649	-18.929644
66	0.840822	75000	-0.272159	-19.201802
67	0.838571	75000	-0.271818	-19.473621
68	0.836323	75000	-0.271420	-19.745041
69	0.834079	75000	-0.271023	-20.016064
70	0.831839	75000	-0.270540	-20.286603
71	0.829602	75000	-0.270117	-20.556720
72	0.827369	75000	-0.269624	-20.826344
73	0.825140	75000	-0.269198	-21.095541
74	0.822914	75000	-0.268814	-21.364355
75	0.820691	75000	-0.268350	-21.632705
76	0.818473	75000	-0.267916	-21.900620
77	0.816258	75000	-0.267482	-22.168103
78	0.814046	75000	-0.267080	-22.435182
79	0.811838	75000	-0.266626	-22.701808
80	0.809634	75000	-0.266154	-22.967963
81	0.807433	75000	-0.265820	-23.233782
82	0.805236	75000	-0.265397	-23.499179
83	0.803043	75000	-0.264887	-23.764067
84	0.800853	75000	-0.264543	-24.028609
85	0.798667	75000	-0.264184	-24.292793
86	0.796484	75000	-0.263673	-24.556466
87	0.794305	75000	-0.263191	-24.819657
88	0.792129	75000	-0.262863	-25.082521
89	0.789957	75000	-0.262385	-25.344906
90	0.787789	75000	-0.261944	-25.606850
91	0.785624	75000	-0.261523	-25.868373
92	0.783463	75000	-0.261156	-26.129529
93	0.781305	75000	-0.260717	-26.390246
94	0.779151	75000	-0.260312	-26.650558
95	0.777000	75000	-0.259818	-26.910376
96	0.774853	75000	-0.259395	-27.169771
97	0.772710	75000	-0.258998	-27.428769
98	0.770570	75000	-0.258532	-27.687301
99	0.768433	75000	-0.258176	-27.945476
100	0.766301	75000	-0.257694	-28.203170
101	0.764172	75000	-0.257307	-28.460477
102	0.762046	75000	-0.256917	-28.717394
103	0.759924	75000	-0.256385	-28.973779
104	0.757805	75000	-0.256081	-29.229861
105	0.755690	75000	-0.255620	-29.485480
106	0.753579	75000	-0.255150	-29.740631
107	0.751471	75000	-0.254732	-29.995363
108	0.749366	75000	-0.254371	-30.249734
109	0.747266	75000	-0.253994	-30.503728
110	0.745168	75000	-0.253539	-30.757268
111	0.743075	75000	-0.253107	-31.010375
112	0.740984	75000	-0.252622	-31.262997
113	0.738898	75000	-0.252320	-31.515317
114	0.736815	75000	-0.251923	-31.767240
115	0.734735	75000	-0.251443	-32.018683
116	0.732659	75000	-0.251002	-32.269685
117	0.730586	75000	-0.250560	-32.520246
118	0.728517	75000	-0.250225	-32.770470
119	0.726452	75000	-0.249770	-33.020240
120	0.724390	75000	-0.249391	-33.269631
121	0.722331	75000	-0.248888	-33.518519
122	0.720276	75000	-0.248576	-33.767095
123	0.718225	75000	-0.248146	-34.015240
124	0.716177	75000	-0.247751	-34.262991
125	0.714132	75000	-0.247192	-34.510183
126	0.712091	75000	-0.246879	-34.757062
127	0.710054	75000	-0.246386	-35.003448
128	0.708020	75000	-0.246014	-35.249461
129	0.705989	75000	-0.245661	-35.495122
130	0.703962	75000	-0.245191	-35.740313
131	0.701939	75000	-0.244674	-35.984987
132	0.699919	75000	-0.244355	-36.229342
133	0.697902	75000	-0.244002	-36.473344
134	0.695889	75000	-0.243541	-36.716885
135	0.693880	75000	-0.243175	-36.960060
136	0.691874	75000	-0.242673	-37.202733
137	0.689871	75000	-0.242355	-37.445088
138	0.687872	75000	-0.241944	-37.687032
139	0.685877	75000	-0.241413	-37.928445
140	0.683885	75000	-0.241114	-38.169559
141	0.681896	75000	-0.240656	-38.410215
142	0.679911	75000	-0.240210	-38.650425
143	0.677929	75000	-0.239859	-38.890284
144	0.675951	75000	-0.239406	-39.129690
145	0.673976	75000	-0.239042	-39.368732
146	0.672005	75000	-0.238601	-39.607333
147	0.670037	75000	-0.238161	-39.845494
148	0.668073	75000	-0.237842	-40.083336
149	0.666112	75000	-0.237351	-40.320686
150	0.664155	75000	-0.236877	-40.557563
151	0.662201	75000	-0.236541	-40.794104
152	0.660250	75000	-0.236165	-41.030269
153	0.658303	75000	-0.235753	-41.266022
154	0.656359	75000	-0.235344	-41.501366
155	0.654419	75000	-0.234903	-41.736268
156	0.652483	75000	-0.234537	-41.970806
157	0.650549	75000	-0.234087	-42.204892
158	0.648619	75000	-0.233757	-42.438649
159	0.646693	75000	-0.233309	-42.671958
160	0.644770	75000	-0.232897	-42.904855
161	0.642851	75000	-0.232457	-43.137312
162	0.640934	75000	-0.232083	-43.369395
163	0.639022	75000	-0.231683	-43.601078
164	0.637113	75000	-0.231165	-43.832243
165	0.635207	75000	-0.230873	-44.063116
166	0.633304	75000	-0.230390	-44.293506
167	0.631405	75000	-0.230000	-44.523506
168	0.629510	75000	-0.229604	-44.753110
169	0.627618	75000	-0.229175	-44.982285
170	0.625729	75000	-0.228824	-45.211108
171	0.623844	75000	-0.228463	-45.439571
172	0.621962	75000	-0.227967	-45.667538
173	0.620083	75000	-0.227565	-45.895102
174	0.618208	75000	-0.227223	-46.122325
175	0.616337	75000	-0.226782	-46.349107
176	0.614468	75000	-0.226357	-46.575464
177	0.612604	75000	-0.226045	-46.801509
178	0.610742	75000	-0.225568	-47.027077
179	0.608884	75000	-0.225135	-47.252212
180	0.607029	75000	-0.224787	-47.476999
181	0.605178	75000	-0.224385	-47.701383
182	0.603330	75000	-0.223955	-47.925338
183	0.601486	75000	-0.223558	-48.148896
184	0.599645	75000	-0.223208	-48.372104
185	0.597807	75000	-0.222774	-48.594878
186	0.595973	75000	-0.222428	-48.817306
187	0.594142	75000	-0.222038	-49.039344
188	0.592314	75000	-0.221478	-49.260822
189	0.590490	75000	-0.221184	-49.482005
190	0.588669	75000	-0.220836	-49.702841
191	0.586852	75000	-0.220337	-49.923178
192	0.585038	75000	-0.220063	-50.143241
193	0.583227	75000	-0.219570	-50.362811
194	0.581420	75000	-0.219180	-50.581990
195	0.579616	75000	-0.218775	-50.800766
196	0.577815	75000	-0.218406	-51.019172
197	0.576018	75000	-0.218032	-51.237203
198	0.574224	75000	-0.217568	-51.454771
199	0.572433	75000	-0.217163	-51.671934
200	0.570646	75000	-0.216785	-51.888718
201	0.568862	75000	-0.216310	-52.105028
202	0.567082	75000	-0.216003	-52.321031
203	0.565305	75000	-0.215636	-52.536667
204	0.563531	75000	-0.215231	-52.751898
205	0.561761	75000	-0.214836	-52.966734
206	0.559993	75000	-0.214456	-53.181190
207	0.558230	75000	-0.213987	-53.395177
208	0.556469	75000	-0.213593	-53.608770
209	0.554712	75000	-0.213219	-53.821989
210	0.552958	75000	-0.212821	-54.034810
211	0.551208	75000	-0.212523	-54.247333
212	0.549461	75000	-0.212085	-54.459418
213	0.547717	75000	-0.211681	-54.671099
214	0.545977	75000	-0.211234	-54.882333
215	0.544240	75000	-0.210841	-55.093174
216	0.542506	75000	-0.210491	-55.303665
217	0.540775	75000	-0.210063	-55.513728
218	0.539048	75000	-0.209682	-55.723409
219	0.537324	75000	-0.209336	-55.932745
220	0.535604	75000	-0.208955	-56.141700
221	0.533887	75000	-0.208499	-56.350199
222	0.532173	75000	-0.208127	-56.558327
223	0.530462	75000	-0.207740	-56.766066
224	0.528755	75000	-0.207339	-56.973406
225	0.527051	75000	-0.206879	-57.180285
226	0.525350	75000	-0.206582	-57.386867
227	0.523653	75000	-0.206180	-57.593047
228	0.521958	75000	-0.205804	-57.798851
229	0.520268	75000	-0.205440	-58.004292
230	0.518580	75000	-0.204951	-58.209243
231	0.516896	75000	-0.204615	-58.413858
232	0.515215	75000	-0.204241	-58.618099
233	0.513537	75000	-0.203789	-58.821888
234	0.511863	75000	-0.203437	-59.025324
235	0.510192	75000	-0.203061	-59.228385
236	0.508524	75000	-0.202685	-59.431070
237	0.506859	75000	-0.202279	-59.633349
238	0.505198	75000	-0.201844	-59.835193
239	0.503540	75000	-0.201474	-60.036667
240	0.501885	75000	-0.201109	-60.237775
241	0.500234	75000	-0.200740	-60.438515
242	0.498586	75000	-0.200421	-60.638936
243	0.496941	75000	-0.199959	-60.838895
244	0.495299	75000	-0.199648	-61.038543
245	0.493660	75000	-0.199199	-61.237742
246	0.492025	75000	-0.198888	-61.436630
247	0.490393	75000	-0.198560	-61.635190
248	0.488765	75000	-0.198134	-61.833325
249	0.487139	75000	-0.197613	-62.030938
250	0.485517	75000	-0.197281	-62.228219
251	0.483898	75000	-0.196840	-62.425059
252	0.482283	75000	-0.196455	-62.621514
253	0.480670	75000	-0.196102	-62.817616
254	0.479061	75000	-0.195738	-63.013354
255	0.477455	75000	-0.195439	-63.208793
256	0.475852	75000	-0.194925	-63.403718
257	0.474253	75000	-0.194672	-63.598390
258	0.472656	75000	-0.194264	-63.792654
259	0.471063	75000	-0.193869	-63.986523
260	0.469474	75000	-0.193457	-64.179980
261	0.467887	75000	-0.192994	-64.372974
262	0.466304	75000	-0.192679	-64.565653
263	0.464723	75000	-0.192412	-64.758065
264	0.463146	75000	-0.191903	-64.949969
265	0.461573	75000	-0.191555	-65.141524
266	0.460002	75000	-0.191150	-65.332673
267	0.458435	75000	-0.190878	-65.523552
268	0.456871	75000	-0.190435	-65.713986
269	0.455310	75000	-0.190011	-65.903997
270	0.453752	75000	-0.189728	-66.093725
271	0.452198	75000	-0.189279	-66.283004
272	0.450647	75000	-0.188959	-66.471963
273	0.449098	75000	-0.188455	-66.660418
274	0.447554	75000	-0.188082	-66.848500
275	0.446012	75000	-0.187814	-67.036315
276	0.444473	75000	-0.187528	-67.223843
277	0.442938	75000	-0.187077	-67.410920
278	0.441406	75000	-0.186663	-67.597583
279	0.439877	75000	-0.186351	-67.783934
280	0.438351	75000	-0.185852	-67.969786
281	0.436829	75000	-0.185518	-68.155304
282	0.435309	75000	-0.185124	-68.340428
283	0.433793	75000	-0.184819	-68.525246
284	0.432280	75000	-0.184441	-68.709687
285	0.430770	75000	-0.184081	-68.893768
286	0.429263	75000	-0.183696	-69.077465
287	0.427760	75000	-0.183225	-69.260689
288	0.426259	75000	-0.182863	-69.443552
289	0.424762	75000	-0.182582	-69.626135
290	0.423268	75000	-0.182126	-69.808261
291	0.421777	75000	-0.181762	-69.990022
292	0.420289	75000	-0.181411	-70.171433
293	0.418805	75000	-0.181109	-70.352542
294	0.417323	75000	-0.180661	-70.533204
295	0.415845	75000	-0.180306	-70.713509
296	0.414370	75000	-0.179908	-70.893418
297	0.412898	75000	-0.179535	-71.072953
298	0.411429	75000	-0.179156	-71.252109
299	0.409963	75000	-0.178776	-71.430885
300	0.408501	75000	-0.178434	-71.609319
301	0.407041	75000	-0.178138	-71.787457
302	0.405585	75000	-0.177643	-71.965100
303	0.404132	75000	-0.177333	-72.142433
304	0.402682	75000	-0.176936	-72.319369
305	0.401235	75000	-0.176590	-72.495959
306	0.399791	75000	-0.176250	-72.672208
307	0.398350	75000	-0.175848	-72.848056
308	0.396913	75000	-0.175514	-73.023570
309	0.395478	75000	-0.175238	-73.198808
310	0.394047	75000	-0.174800	-73.373608
311	0.392619	75000	-0.174487	-73.548094
312	0.391194	75000	-0.174061	-73.722155
313	0.389772	75000	-0.173619	-73.895774
314	0.388353	75000	-0.173285	-74.069059
315	0.386937	75000	-0.172965	-74.242024
316	0.385524	75000	-0.172510	-74.414535
317	0.384115	75000	-0.172200	-74.586735
318	0.382708	75000	-0.171897	-74.758633
319	0.381305	75000	-0.171519	-74.930152
320	0.379904	75000	-0.171103	-75.101255
321	0.378507	75000	-0.170748	-75.272002
322	0.377113	75000	-0.170385	-75.442387
323	0.375722	75000	-0.170063	-75.612450
324	0.374334	75000	-0.169705	-75.782155
325	0.372949	75000	-0.169383	-75.951538
326	0.371567	75000	-0.168932	-76.120469
327	0.370189	75000	-0.168597	-76.289066
328	0.368813	75000	-0.168232	-76.457298
329	0.367440	75000	-0.167951	-76.625249
330	0.366071	75000	-0.167572	-76.792821
331	0.364705	75000	-0.167177	-76.959998
332	0.363341	75000	-0.166790	-77.126788
333	0.361981	75000	-0.166377	-77.293165
334	0.360624	75000	-0.166011	-77.459176
335	0.359269	75000	-0.165791	-77.624968
336	0.357918	75000	-0.165422	-77.790389
337	0.356570	75000	-0.164955	-77.955345
338	0.355225	75000	-0.164584	-78.119928
339	0.353883	75000	-0.164211	-78.284139
340	0.352544	75000	-0.163891	-78.448030
341	0.351208	75000	-0.163551	-78.611581
342	0.349875	75000	-0.163248	-78.774829
343	0.348546	75000	-0.162786	-78.937615
344	0.347219	75000	-0.162476	-79.100091
345	0.345895	75000	-0.162196	-79.262287
346	0.344574	75000	-0.161803	-79.424090
347	0.343257	75000	-0.161434	-79.585524
348	0.341942	75000	-0.161136	-79.746660
349	0.340630	75000	-0.160696	-79.907356
350	0.339322	75000	-0.160433	-80.067789
351	0.338016	75000	-0.160044	-80.227833
352	0.336714	75000	-0.159593	-80.387426
353	0.335414	75000	-0.159278	-80.546704
354	0.334118	75000	-0.159032	-80.705736
355	0.332824	75000	-0.158581	-80.864317
356	0.331534	75000	-0.158168	-81.022486
357	0.330246	75000	-0.157850	-81.180335
358	0.328962	75000	-0.157538	-81.337873
359	0.327680	75000	-0.157106	-81.494979
360	0.326401	75000	-0.156829	-81.651807
361	0.325126	75000	-0.156471	-81.808278
362	0.323853	75000	-0.156079	-81.964357
363	0.322584	75000	-0.155716	-82.120073
364	0.321317	75000	-0.155375	-82.275448
365	0.320054	75000	-0.155106	-82.430554
366	0.318793	75000	-0.154599	-82.585153
367	0.317536	75000	-0.154379	-82.739532
368	0.316281	75000	-0.154015	-82.893547
369	0.315030	75000	-0.153746	-83.047293
370	0.313781	75000	-0.153382	-83.200675
371	0.312535	75000	-0.152965	-83.353640
372	0.311293	75000	-0.152635	-83.506275
373	0.310053	75000	-0.152245	-83.658520
374	0.308816	75000	-0.151916	-83.810435
375	0.307582	75000	-0.151556	-83.961991
376	0.306352	75000	-0.151175	-84.113167
377	0.305124	75000	-0.150950	-84.264116
378	0.303899	75000	-0.150571	-84.414687
379	0.302677	75000	-0.150184	-84.564872
380	0.301458	75000	-0.149735	-84.714606
381	0.300242	75000	-0.149586	-84.864193
382	0.299029	75000	-0.149146	-85.013339
383	0.297819	75000	-0.148752	-85.162091
384	0.296611	75000	-0.148428	-85.310519
385	0.295407	75000	-0.148146	-85.458665
386	0.294206	75000	-0.147816	-85.606481
387	0.293007	75000	-0.147526	-85.754007
388	0.291812	75000	-0.147101	-85.901108
389	0.290619	75000	-0.146790	-86.047898
390	0.289430	75000	-0.146347	-86.194245
391	0.288243	75000	-0.146047	-86.340292
392	0.287059	75000	-0.145697	-86.485989
393	0.285879	75000	-0.145419	-86.631408
394	0.284701	75000	-0.145019	-86.776426
395	0.283526	75000	-0.144632	-86.921058
396	0.282354	75000	-0.144299	-87.065357
397	0.281184	75000	-0.143956	-87.209313
398	0.280018	75000	-0.143730	-87.353044
399	0.278855	75000	-0.143366	-87.496410
400	0.277694	75000	-0.143017	-87.639427
401	0.276537	75000	-0.142657	-87.782083
402	0.275382	75000	-0.142311	-87.924394
403	0.274230	75000	-0.142063	-88.066458
404	0.273082	75000	-0.141608	-88.208065
405	0.271936	75000	-0.141229	-88.349294
406	0.270793	75000	-0.140931	-88.490225
407	0.269652	75000	-0.140590	-88.630816
408	0.268515	75000	-0.140276	-88.771091
409	0.267381	75000	-0.139960	-88.911051
410	0.266249	75000	-0.139650	-89.050701
411	0.265121	75000	-0.139294	-89.189995
412	0.263995	75000	-0.138980	-89.328975
413	0.262872	75000	-0.138574	-89.467549
414	0.261752	75000	-0.138276	-89.605825
415	0.260635	75000	-0.137879	-89.743703
416	0.259520	75000	-0.137651	-89.881354
417	0.258409	75000	-0.137247	-90.018601
418	0.257300	75000	-0.136961	-90.155562
419	0.256195	75000	-0.136663	-90.292225
420	0.255092	75000	-0.136280	-90.428504
421	0.253992	75000	-0.135984	-90.564488
422	0.252895	75000	-0.135594	-90.700082
423	0.251800	75000	-0.135308	-90.835390
424	0.250709	75000	-0.135007	-90.970397
425	0.249620	75000	-0.134578	-91.104975
426	0.248534	75000	-0.134356	-91.239330
427	0.247451	75000	-0.134093	-91.373424
428	0.246371	75000	-0.133661	-91.507085
429	0.245294	75000	-0.133307	-91.640392
430	0.244220	75000	-0.132925	-91.773317
431	0.243148	75000	-0.132704	-91.906021
432	0.242079	75000	-0.132272	-92.038292
433	0.241013	75000	-0.131999	-92.170291
434	0.239950	75000	-0.131595	-92.301886
435	0.238890	75000	-0.131414	-92.433300
436	0.237832	75000	-0.131006	-92.564306
437	0.236778	75000	-0.130687	-92.694993
438	0.235726	75000	-0.130282	-92.825274
439	0.234677	75000	-0.130101	-92.955375
440	0.233630	75000	-0.129697	-93.085072
441	0.232587	75000	-0.129250	-93.214322
442	0.231546	75000	-0.129133	-93.343455
443	0.230509	75000	-0.128738	-93.472192
444	0.229473	75000	-0.128299	-93.600492
445	0.228441	75000	-0.128068	-93.728559
446	0.227412	75000	-0.127735	-93.856294
447	0.226385	75000	-0.127463	-93.983757
448	0.225361	75000	-0.127160	-94.110918
449	0.224340	75000	-0.126771	-94.237689
450	0.223322	75000	-0.126446	-94.364135
451	0.222306	75000	-0.126076	-94.490211
452	0.221293	75000	-0.125711	-94.615922
453	0.220283	75000	-0.125460	-94.741381
454	0.219276	75000	-0.125204	-94.866585
455	0.218272	75000	-0.124936	-94.991521
456	0.217270	75000	-0.124544	-95.116065
457	0.216271	75000	-0.124180	-95.240245
458	0.215275	75000	-0.124011	-95.364256
459	0.214281	75000	-0.123424	-95.487680
460	0.213291	75000	-0.123245	-95.610925
461	0.212303	75000	-0.123016	-95.733941
462	0.211318	75000	-0.122626	-95.856567
463	0.210335	75000	-0.122322	-95.978889
464	0.209356	75000	-0.121933	-96.100822
465	0.208379	75000	-0.121690	-96.222511
466	0.207404	75000	-0.121286	-96.343798
467	0.206433	75000	-0.120976	-96.464774
468	0.205464	75000	-0.120711	-96.585485
469	0.204498	75000	-0.120332	-96.705816
470	0.203535	75000	-0.120000	-96.825817
471	0.202575	75000	-0.119768	-96.945584
472	0.201617	75000	-0.119489	-97.065073
473	0.200662	75000	-0.119041	-97.184114
474	0.199709	75000	-0.118784	-97.302899
475	0.198760	75000	-0.118418	-97.421316
476	0.197813	75000	-0.118207	-97.539524
477	0.196869	75000	-0.117896	-97.657420
478	0.195927	75000	-0.117634	-97.775053
479	0.194988	75000	-0.117307	-97.892360
480	0.194052	75000	-0.116939	-98.009299
481	0.193119	75000	-0.116631	-98.125930
482	0.192188	75000	-0.116158	-98.242088
483	0.191260	75000	-0.116113	-98.358201
484	0.190335	75000	-0.115824	-98.474025
485	0.189412	75000	-0.115284	-98.589308
486	0.188492	75000	-0.115097	-98.704406
487	0.187575	75000	-0.114719	-98.819125
488	0.186660	75000	-0.114421	-98.933545
489	0.185749	75000	-0.113982	-99.047527
490	0.184839	75000	-0.113729	-99.161256
491	0.183933	75000	-0.113494	-99.274749
492	0.183029	75000	-0.113197	-99.387946
493	0.182128	75000	-0.112958	-99.500904
494	0.181229	75000	-0.112592	-99.613496
495	0.180333	75000	-0.112182	-99.725678
496	0.179440	75000	-0.111993	-99.837671
497	0.178550	75000	-0.111695	-99.949365
498	0.177662	75000	-0.111293	-100.060658
499	0.176777	75000	-0.110926	-100.171585
500	0.175894	75000	-0.110766	-100.282351
501	0.175014	75000	-0.110459	-100.392811
502	0.174137	75000	-0.110064	-100.502875
503	0.173262	75000	-0.109803	-100.612678
504	0.172390	75000	-0.109505	-100.722183
505	0.171521	75000	-0.109182	-100.831365
506	0.170654	75000	-0.108881	-100.940246
507	0.169790	75000	-0.108579	-101.048825
508	0.168929	75000	-0.108430	-101.157255
509	0.168070	75000	-0.108132	-101.265386
510	0.167214	75000	-0.107798	-101.373185
511	0.166360	75000	-0.107471	-101.480656
512	0.165509	75000	-0.107063	-101.587719
513	0.164661	75000	-0.106738	-101.694457
514	0.163815	75000	-0.106580	-101.801037
515	0.162972	75000	-0.106180	-101.907217
516	0.162132	75000	-0.105879	-102.013095
517	0.161294	75000	-0.105539	-102.118634
518	0.160458	75000	-0.105283	-102.223917
519	0.159626	75000	-0.105088	-102.329005
520	0.158796	75000	-0.104696	-102.433701
521	0.157968	75000	-0.104489	-102.538190
522	0.157143	75000	-0.104147	-102.642337
523	0.156321	75000	-0.103858	-102.746195
524	0.155501	75000	-0.103509	-102.849704
525	0.154684	75000	-0.103135	-102.952839
526	0.153870	75000	-0.102863	-103.055701
527	0.153058	75000	-0.102653	-103.158354
528	0.152248	75000	-0.102337	-103.260691
529	0.151441	75000	-0.102036	-103.362727
530	0.150637	75000	-0.101805	-103.464532
531	0.149835	75000	-0.101526	-103.566059
532	0.149036	75000	-0.101134	-103.667193
533	0.148240	75000	-0.100954	-103.768146
534	0.147446	75000	-0.100548	-103.868694
535	0.146654	75000	-0.100331	-103.969026
536	0.145865	75000	-0.100023	-104.069049
537	0.145079	75000	-0.099700	-104.168749
538	0.144295	75000	-0.099510	-104.268259
539	0.143514	75000	-0.099213	-104.367472
540	0.142735	75000	-0.098668	-104.466140
541	0.141959	75000	-0.098593	-104.564732
542	0.141186	75000	-0.098263	-104.662995
543	0.140415	75000	-0.098062	-104.761057
544	0.139646	75000	-0.097608	-104.858665
545	0.138880	75000	-0.097431	-104.956096
546	0.138116	75000	-0.097066	-105.053162
547	0.137356	75000	-0.096823	-105.149985
548	0.136597	75000	-0.096609	-105.246594
549	0.135841	75000	-0.096191	-105.342784
550	0.135088	75000	-0.096059	-105.438843
551	0.134337	75000	-0.095773	-105.534616
552	0.133588	75000	-0.095304	-105.629920
553	0.132843	75000	-0.095154	-105.725074
554	0.132099	75000	-0.094730	-105.819804
555	0.131358	75000	-0.094567	-105.914371
556	0.130620	75000	-0.094294	-106.008665
557	0.129884	75000	-0.094014	-106.102680
558	0.129151	75000	-0.093639	-106.196318
559	0.128420	75000	-0.093398	-106.289716
560	0.127691	75000	-0.093111	-106.382827
561	0.126965	75000	-0.092946	-106.475773
562	0.126242	75000	-0.092529	-106.568303
563	0.125521	75000	-0.092226	-106.660528
564	0.124802	75000	-0.092090	-106.752619
565	0.124086	75000	-0.091846	-106.844465
566	0.123373	75000	-0.091495	-106.935960
567	0.122662	75000	-0.091273	-107.027233
568	0.121953	75000	-0.090763	-107.117996
569	0.121247	75000	-0.090646	-107.208642
570	0.120543	75000	-0.090377	-107.299019
571	0.119842	75000	-0.090041	-107.389061
572	0.119143	75000	-0.089720	-107.478781
573	0.118447	75000	-0.089530	-107.568311
574	0.117753	75000	-0.089259	-107.657570
575	0.117062	75000	-0.089052	-107.746621
576	0.116373	75000	-0.088528	-107.835150
577	0.115686	75000	-0.088345	-107.923495
578	0.115002	75000	-0.088279	-108.011774
579	0.114320	75000	-0.087920	-108.099693
580	0.113641	75000	-0.087558	-108.187252
581	0.112964	75000	-0.087309	-108.274560
582	0.112290	75000	-0.087056	-108.361616
583	0.111618	75000	-0.086987	-108.448603
584	0.110948	75000	-0.086372	-108.534975
585	0.110281	75000	-0.086304	-108.621279
586	0.109616	75000	-0.085941	-108.707220
587	0.108954	75000	-0.085862	-108.793082
588	0.108294	75000	-0.085657	-108.878739
589	0.107637	75000	-0.085088	-108.963827
590	0.106981	75000	-0.085036	-109.048863
591	0.106329	75000	-0.084574	-109.133437
592	0.105678	75000	-0.084374	-109.217811
593	0.105030	75000	-0.084227	-109.302038
594	0.104385	75000	-0.083810	-109.385848
595	0.103742	75000	-0.083584	-109.469432
596	0.103101	75000	-0.083401	-109.552833
597	0.102463	75000	-0.083079	-109.635912
598	0.101827	75000	-0.082716	-109.718628
599	0.101193	75000	-0.082389	-109.801017
600	0.100562	75000	-0.082348	-109.883365
601	0.099933	75000	-0.082093	-109.965458
602	0.099306	75000	-0.081876	-110.047334
603	0.098682	75000	-0.081601	-110.128934
604	0.098060	75000	-0.081238	-110.210172
605	0.097441	75000	-0.080991	-110.291164
606	0.096824	75000	-0.080749	-110.371912
607	0.096209	75000	-0.080209	-110.452121
608	0.095596	75000	-0.080217	-110.532338
609	0.094986	75000	-0.079971	-110.612310
610	0.094379	75000	-0.079798	-110.692107
611	0.093773	75000	-0.079438	-110.771545
612	0.093170	75000	-0.079129	-110.850674
613	0.092570	75000	-0.078877	-110.929551
614	0.091971	75000	-0.078682	-111.008233
615	0.091375	75000	-0.078318	-111.086551
616	0.090781	75000	-0.078203	-111.164755
617	0.090190	75000	-0.077905	-111.242659
618	0.089601	75000	-0.077614	-111.320274
619	0.089014	75000	-0.077347	-111.397620
620	0.088430	75000	-0.077304	-111.474924
621	0.087848	75000	-0.076838	-111.551762
622	0.087268	75000	-0.076534	-111.628296
623	0.086690	75000	-0.076317	-111.704612
624	0.086115	75000	-0.076053	-111.780666
625	0.085542	75000	-0.075781	-111.856447
626	0.084971	75000	-0.075639	-111.932086
627	0.084403	75000	-0.075358	-112.007443
628	0.083837	75000	-0.075193	-112.082636
629	0.083273	75000	-0.075030	-112.157666
630	0.082712	75000	-0.074781	-112.232447
631	0.082152	75000	-0.074478	-112.306925
632	0.081595	75000	-0.074131	-112.381056
633	0.081041	75000	-0.074056	-112.455112
634	0.080488	75000	-0.073362	-112.528474
635	0.079938	75000	-0.073573	-112.602047
636	0.079390	75000	-0.072990	-112.675038
637	0.078845	75000	-0.072915	-112.747953
638	0.078301	75000	-0.072606	-112.820559
639	0.077760	75000	-0.072573	-112.893132
640	0.077221	75000	-0.072395	-112.965526
641	0.076684	75000	-0.072114	-113.037640
642	0.076150	75000	-0.071762	-113.109402
643	0.075618	75000	-0.071429	-113.180831
644	0.075088	75000	-0.071370	-113.252200
645	0.074560	75000	-0.070898	-113.323099
646	0.074035	75000	-0.070529	-113.393628
647	0.073512	75000	-0.070654	-113.464282
648	0.072991	75000	-0.070216	-113.534498
649	0.072472	75000	-0.070124	-113.604621
650	0.071955	75000	-0.069754	-113.674375
651	0.071441	75000	-0.069549	-113.743924
652	0.070929	75000	-0.069291	-113.813215
653	0.070419	75000	-0.069089	-113.882304
654	0.069911	75000	-0.069099	-113.951403
655	0.069406	75000	-0.068775	-114.020178
656	0.068903	75000	-0.068262	-114.088440
657	0.068401	75000	-0.068348	-114.156788
658	0.067903	75000	-0.067815	-114.224603
659	0.067406	75000	-0.067825	-114.292428
660	0.066911	75000	-0.067481	-114.359909
661	0.066419	75000	-0.067208	-114.427116
662	0.065929	75000	-0.067108	-114.494224
663	0.065441	75000	-0.067016	-114.561240
664	0.064955	75000	-0.066649	-114.627889
665	0.064471	75000	-0.066483	-114.694372
666	0.063990	75000	-0.066104	-114.760475
667	0.063510	75000	-0.065944	-114.826420
668	0.063033	75000	-0.065800	-114.892220
669	0.062558	75000	-0.065559	-114.957779
670	0.062085	75000	-0.065138	-115.022917
671	0.061615	75000	-0.065025	-115.087942
672	0.061146	75000	-0.064999	-115.152942
673	0.060680	75000	-0.064515	-115.217457
674	0.060216	75000	-0.064520	-115.281977
675	0.059753	75000	-0.064127	-115.346104
676	0.059293	75000	-0.063817	-115.409921
677	0.058836	75000	-0.063773	-115.473694
678	0.058380	75000	-0.063621	-115.537315
679	0.057926	75000	-0.063358	-115.600673
680	0.057475	75000	-0.062906	-115.663579
681	0.057025	75000	-0.062859	-115.726439
682	0.056578	75000	-0.062786	-115.789225
683	0.056133	75000	-0.062416	-115.851641
684	0.055690	75000	-0.062259	-115.913900
685	0.055249	75000	-0.062212	-115.976112
686	0.054810	75000	-0.061820	-116.037931
687	0.054373	75000	-0.061422	-116.099353
688	0.053939	75000	-0.061315	-116.160668
689	0.053506	75000	-0.061309	-116.221977
690	0.053076	75000	-0.060884	-116.282861
691	0.052647	75000	-0.060820	-116.343681
692	0.052221	75000	-0.060717	-116.404398
693	0.051797	75000	-0.060454	-116.464852
694	0.051375	75000	-0.059999	-116.524852
695	0.050955	75000	-0.060121	-116.584972
696	0.050537	75000	-0.059933	-116.644905
697	0.050121	75000	-0.059552	-116.704457
698	0.049707	75000	-0.059473	-116.763931
699	0.049295	75000	-0.059087	-116.823018
700	0.048885	75000	-0.058834	-116.881851
701	0.048478	75000	-0.058669	-116.940521
702	0.048072	75000	-0.058639	-116.999160
703	0.047668	75000	-0.058319	-117.057479
704	0.047267	75000	-0.058306	-117.115785
705	0.046867	75000	-0.058005	-117.173790
706	0.046470	75000	-0.057846	-117.231636
707	0.046074	75000	-0.057642	-117.289277
708	0.045681	75000	-0.057448	-117.346725
709	0.045289	75000	-0.057332	-117.404057
710	0.044900	75000	-0.057235	-117.461292
711	0.044512	75000	-0.056893	-117.518185
712	0.044127	75000	-0.056635	-117.574820
713	0.043744	75000	-0.056505	-117.631325
714	0.043362	75000	-0.056397	-117.687722
715	0.042983	75000	-0.055997	-117.743720
716	0.042606	75000	-0.055904	-117.799624
717	0.042230	75000	-0.056122	-117.855745
718	0.041857	75000	-0.055682	-117.911427
719	0.041485	75000	-0.055756	-117.967184
720	0.041116	75000	-0.054929	-118.022113
721	0.040749	75000	-0.055262	-118.077374
722	0.040383	75000	-0.055022	-118.132396
723	0.040020	75000	-0.054797	-118.187193
724	0.039658	75000	-0.054568	-118.241761
725	0.039299	75000	-0.054358	-118.296120
726	0.038941	75000	-0.054478	-118.350598
727	0.038585	75000	-0.054037	-118.404636
728	0.038232	75000	-0.054059	-118.458694
729	0.037880	75000	-0.053918	-118.512613
730	0.037530	75000	-0.053716	-118.566328
731	0.037182	75000	-0.053663	-118.619992
732	0.036836	75000	-0.053545	-118.673537
733	0.036493	75000	-0.052777	-118.726314
734	0.036151	75000	-0.052841	-118.779155
735	0.035810	75000	-0.053078	-118.832234
736	0.035472	75000	-0.052967	-118.885200
737	0.035136	75000	-0.052676	-118.937877
738	0.034802	75000	-0.052282	-118.990159
739	0.034469	75000	-0.052265	-119.042423
740	0.034139	75000	-0.052089	-119.094512
741	0.033810	75000	-0.052125	-119.146637
742	0.033484	75000	-0.051745	-119.198382
743	0.033159	75000	-0.051899	-119.250281
744	0.032836	75000	-0.051657	-119.301938
745	0.032515	75000	-0.051330	-119.353268
746	0.032196	75000	-0.051499	-119.404767
747	0.031879	75000	-0.051304	-119.456071
748	0.031563	75000	-0.051188	-119.507259
749	0.031250	75000	-0.051159	-119.558418
750	0.030938	75000	-0.050719	-119.609136
751	0.030629	75000	-0.050499	-119.659635
752	0.030321	75000	-0.050569	-119.710204
753	0.030015	75000	-0.050274	-119.760478
754	0.029711	75000	-0.050602	-119.811080
755	0.029409	75000	-0.050256	-119.861336
756	0.029108	75000	-0.050415	-119.911751
757	0.028810	75000	-0.050098	-119.961848
758	0.028513	75000	-0.050111	-120.011959
759	0.028218	75000	-0.049738	-120.061696
760	0.027925	75000	-0.049622	-120.111319
761	0.027634	75000	-0.049709	-120.161027
762	0.027345	75000	-0.049633	-120.210660
763	0.027057	75000	-0.049864	-120.260524
764	0.026771	75000	-0.049519	-120.310043
765	0.026487	75000	-0.049438	-120.359481
766	0.026205	75000	-0.049450	-120.408931
767	0.025925	75000	-0.049345	-120.458276
768	0.025647	75000	-0.049133	-120.507409
769	0.025370	75000	-0.049221	-120.556631
770	0.025095	75000	-0.049072	-120.605703
771	0.024822	75000	-0.048662	-120.654365
772	0.024551	75000	-0.048838	-120.703203
773	0.024281	75000	-0.048627	-120.751830
774	0.024014	75000	-0.049056	-120.800886
775	0.023748	75000	-0.049153	-120.850039
776	0.023483	75000	-0.049228	-120.899267
777	0.023221	75000	-0.048663	-120.947931
778	0.022960	75000	-0.048914	-120.996845
779	0.022702	75000	-0.048185	-121.045030
780	0.022445	75000	-0.048609	-121.093639
781	0.022189	75000	-0.048769	-121.142408
782	0.021936	75000	-0.047988	-121.190396
783	0.021684	75000	-0.048190	-121.238586
784	0.021434	75000	-0.048033	-121.286619
785	0.021185	75000	-0.049288	-121.335906
786	0.020939	75000	-0.048062	-121.383969
787	0.020694	75000	-0.049114	-121.433082
788	0.020451	75000	-0.048732	-121.481815
789	0.020209	75000	-0.049504	-121.531319
790	0.019969	75000	-0.048600	-121.579919
791	0.019731	75000	-0.049056	-121.628975
792	0.019495	75000	-0.048893	-121.677868
793	0.019261	75000	-0.048964	-121.726831
794	0.019028	75000	-0.048951	-121.775782
795	0.018796	75000	-0.049253	-121.825035
796	0.018567	75000	-0.048930	-121.873965
797	0.018339	75000	-0.049140	-121.923105
798	0.018113	75000	-0.049148	-121.972253
799	0.017889	75000	-0.048845	-122.021098
800	0.017666	75000	-0.049036	-122.070134
801	0.017445	75000	-0.050234	-122.120368
802	0.017225	75000	-0.051207	-122.171575
803	0.017007	75000	-0.050944	-122.222518
804	0.016791	75000	-0.050949	-122.273467
805	0.016577	75000	-0.051034	-122.324501
806	0.016364	75000	-0.053223	-122.377723
807	0.016153	75000	-0.050855	-122.428578
808	0.015943	75000	-0.052063	-122.480641
809	0.015736	75000	-0.052342	-122.532983
810	0.015529	75000	-0.052033	-122.585016
811	0.015325	75000	-0.053180	-122.638196
812	0.015122	75000	-0.052851	-122.691047
813	0.014920	75000	-0.052602	-122.743649
814	0.014721	75000	-0.052991	-122.796640
815	0.014523	75000	-0.053948	-122.850588
816	0.014326	75000	-0.056033	-122.906620
817	0.014131	75000	-0.055666	-122.962287
818	0.013938	75000	-0.057402	-123.019688
819	0.013746	75000	-0.055210	-123.074898
820	0.013556	75000	-0.058145	-123.133043
821	0.013367	75000	-0.056684	-123.189727
822	0.013181	75000	-0.057948	-123.247675
823	0.012995	75000	-0.058931	-123.306606
824	0.012811	75000	-0.059296	-123.365902
825	0.012629	75000	-0.058626	-123.424528
826	0.012448	75000	-0.060230	-123.484758
827	0.012269	75000	-0.063559	-123.548317
828	0.012092	75000	-0.063424	-123.611741
829	0.011916	75000	-0.066353	-123.678093
830	0.011741	75000	-0.065720	-123.743814
831	0.011568	75000	-0.065061	-123.808875
832	0.011397	75000	-0.065818	-123.874693
833	0.011227	75000	-0.069600	-123.944292
834	0.011059	75000	-0.071686	-124.015979
835	0.010892	75000	-0.070627	-124.086606
836	0.010727	75000	-0.073727	-124.160333
837	0.010563	75000	-0.073132	-124.233465
838	0.010401	75000	-0.076848	-124.310313
839	0.010240	75000	-0.075739	-124.386053
840	0.010081	75000	-0.077339	-124.463392
841	0.009923	75000	-0.080741	-124.544133
842	0.009767	75000	-0.076839	-124.620972
843	0.009612	75000	-0.079749	-124.700722
844	0.009459	75000	-0.081377	-124.782098
845	0.009307	75000	-0.086912	-124.869010
846	0.009156	75000	-0.084736	-124.953746
847	0.009008	75000	-0.086260	-125.040006
848	0.008860	75000	-0.088822	-125.128828
849	0.008714	75000	-0.086896	-125.215723
850	0.008570	75000	-0.093079	-125.308802
851	0.008427	75000	-0.094182	-125.402985
852	0.008285	75000	-0.094901	-125.497886
853	0.008145	75000	-0.094936	-125.592821
854	0.008006	75000	-0.092395	-125.685217
855	0.007869	75000	-0.098565	-125.783781
856	0.007733	75000	-0.093957	-125.877738
857	0.007598	75000	-0.098209	-125.975947
858	0.007465	75000	-0.098501	-126.074449
859	0.007334	75000	-0.100576	-126.175025
860	0.007203	75000	-0.098196	-126.273221
861	0.007075	75000	-0.101926	-126.375147
862	0.006947	75000	-0.101647	-126.476793
863	0.006821	75000	-0.103030	-126.579823
864	0.006696	75000	-0.103466	-126.683290
865	0.006573	75000	-0.100465	-126.783754
866	0.006451	75000	-0.102152	-126.885906
867	0.006330	75000	-0.098547	-126.984453
868	0.006211	75000	-0.100224	-127.084677
869	0.006093	75000	-0.102676	-127.187353
870	0.005977	75000	-0.103259	-127.290612
871	0.005862	75000	-0.102868	-127.393480
872	0.005748	75000	-0.101943	-127.495422
873	0.005635	75000	-0.101620	-127.597043
874	0.005524	75000	-0.103094	-127.700137
875	0.005414	75000	-0.100131	-127.800269
876	0.005306	75000	-0.101421	-127.901690
877	0.005199	75000	-0.099640	-128.001329
878	0.005093	75000	-0.101508	-128.102837
879	0.004988	75000	-0.098012	-128.200849
880	0.004885	75000	-0.098139	-128.298988
881	0.004783	75000	-0.098488	-128.397476
882	0.004682	75000	-0.097413	-128.494889
883	0.004583	75000	-0.097517	-128.592406
884	0.004485	75000	-0.096596	-128.689002
885	0.004388	75000	-0.095146	-128.784148
886	0.004292	75000	-0.094719	-128.878866
887	0.004198	75000	-0.093395	-128.972262
888	0.004105	75000	-0.093229	-129.065491
889	0.004013	75000	-0.092536	-129.158028
890	0.003923	75000	-0.091912	-129.249939
891	0.003833	75000	-0.090856	-129.340795
892	0.003745	75000	-0.089657	-129.430452
893	0.003658	75000	-0.088118	-129.518570
894	0.003573	75000	-0.088135	-129.606704
895	0.003488	75000	-0.086770	-129.693475
896	0.003405	75000	-0.086213	-129.779688
897	0.003323	75000	-0.084895	-129.864583
898	0.003242	75000	-0.084223	-129.948806
899	0.003162	75000	-0.083386	-130.032192
900	0.003084	75000	-0.082093	-130.114284
901	0.003007	75000	-0.081126	-130.195410
902	0.002930	75000	-0.079845	-130.275254
903	0.002855	75000	-0.079037	-130.354291
904	0.002782	75000	-0.077742	-130.432033
905	0.002709	75000	-0.076647	-130.508680
906	0.002638	75000	-0.075615	-130.584295
907	0.002567	75000	-0.074705	-130.659000
908	0.002498	75000	-0.073831	-130.732831
909	0.002430	75000	-0.072407	-130.805238
910	0.002363	75000	-0.071110	-130.876348
911	0.002297	75000	-0.070388	-130.946735
912	0.002233	75000	-0.069269	-131.016005
913	0.002169	75000	-0.068207	-131.084211
914	0.002106	75000	-0.067370	-131.151581
915	0.002045	75000	-0.065963	-131.217544
916	0.001985	75000	-0.065104	-131.282649
917	0.001925	75000	-0.064032	-131.346680
918	0.001867	75000	-0.063067	-131.409747
919	0.001810	75000	-0.061989	-131.471736
920	0.001754	75000	-0.060730	-131.532466
921	0.001699	75000	-0.059667	-131.592132
922	0.001645	75000	-0.058590	-131.650722
923	0.001592	75000	-0.057638	-131.708360
924	0.001540	75000	-0.056520	-131.764880
925	0.001490	75000	-0.055673	-131.820552
926	0.001440	75000	-0.054431	-131.874983
927	0.001391	75000	-0.053453	-131.928437
928	0.001343	75000	-0.052355	-131.980792
929	0.001296	75000	-0.051195	-132.031987
930	0.001251	75000	-0.050331	-132.082317
931	0.001206	75000	-0.049143	-132.131461
932	0.001162	75000	-0.048344	-132.179804
933	0.001119	75000	-0.047142	-132.226946
934	0.001077	75000	-0.046079	-132.273025
935	0.001036	75000	-0.045197	-132.318221
936	0.000996	75000	-0.044025	-132.362246
937	0.000957	75000	-0.043109	-132.405355
938	0.000919	75000	-0.042091	-132.447446
939	0.000882	75000	-0.041215	-132.488661
940	0.000846	75000	-0.040105	-132.528766
941	0.000810	75000	-0.039259	-132.568025
942	0.000776	75000	-0.038159	-132.606184
943	0.000742	75000	-0.037235	-132.643419
944	0.000709	75000	-0.036225	-132.679644
945	0.000678	75000	-0.035321	-132.714965
946	0.000647	75000	-0.034238	-132.749203
947	0.000617	75000	-0.033412	-132.782615
948	0.000587	75000	-0.032452	-132.815067
949	0.000559	75000	-0.031488	-132.846554
950	0.000531	75000	-0.030692	-132.877246
951	0.000505	75000	-0.029724	-132.906970
952	0.000479	75000	-0.028866	-132.935836
953	0.000454	75000	-0.027826	-132.963663
954	0.000430	75000	-0.027042	-132.990705
955	0.000406	75000	-0.026200	-133.016904
956	0.000383	75000	-0.025282	-133.042186
957	0.000362	75000	-0.024501	-133.066686
958	0.000340	75000	-0.023589	-133.090276
959	0.000320	75000	-0.022777	-133.113053
960	0.000300	75000	-0.021929	-133.134981
961	0.000281	75000	-0.021067	-133.156048
962	0.000263	75000	-0.020281	-133.176329
963	0.000246	75000	-0.019477	-133.195806
964	0.000229	75000	-0.018674	-133.214481
965	0.000213	75000	-0.017926	-133.232407
966	0.000198	75000	-0.017159	-133.249566
967	0.000183	75000	-0.016420	-133.265986
968	0.000169	75000	-0.015638	-133.281625
969	0.000156	75000	-0.014915	-133.296539
970	0.000143	75000	-0.014201	-133.310741
971	0.000131	75000	-0.013465	-133.324205
972	0.000120	75000	-0.012790	-133.336995
973	0.000109	75000	-0.012072	-133.349067
974	0.000099	75000	-0.011383	-133.360450
975	0.000089	75000	-0.010743	-133.371193
976	0.000080	75000	-0.010089	-133.381282
977	0.000072	75000	-0.009464	-133.390746
978	0.000064	75000	-0.008803	-133.399549
979	0.000057	75000	-0.008223	-133.407772
980	0.000050	75000	-0.007641	-133.415413
981	0.000043	75000	-0.007044	-133.422457
982	0.000038	75000	-0.006487	-133.428943
983	0.000032	75000	-0.005932	-133.434875
984	0.000028	75000	-0.005417	-133.440292
985	0.000023	75000	-0.004890	-133.445182
986	0.000019	75000	-0.004394	-133.449576
987	0.000016	75000	-0.003917	-133.453493
988	0.000013	75000	-0.003451	-133.456944
989	0.000010	75000	-0.003015	-133.459959
990	0.000008	75000	-0.002606	-133.462565
991	0.000006	75000	-0.002195	-133.464759
992	0.000004	75000	-0.001820	-133.466579
993	0.000003	75000	-0.001471	-133.468051
994	0.000002	75000	-0.001144	-133.469195
995	0.000001	75000	-0.000847	-133.470042
996	0.000000	75000	-0.000582	-133.470624
997	0.000000	75000	-0.000353	-133.470978
998	0.000000	75000	-0.000165	-133.471143
999	0.000000	75000	-0.000035	-133.471178
Log marginal likelihood:	-133.471178
