Steppingstone sampler:
        No Stones:                  1000
        Start It:                   10000001
        It Per Stone:               100000
        Sample Freq:                1
        Dist:                       Beta(0.400000,1.000000)
Stone No	Power	N	Stone MLh	Running MLh
0	0.997502	75000	-0.301352	-0.301352
1	0.995007	75000	-0.301003	-0.602355
2	0.992517	75000	-0.300494	-0.902849
3	0.990030	75000	-0.300117	-1.202966
4	0.987547	75000	-0.299673	-1.502639
5	0.985067	75000	-0.299152	-1.801790
6	0.982592	75000	-0.298783	-2.100574
7	0.980120	75000	-0.298290	-2.398864
8	0.977652	75000	-0.297845	-2.696709
9	0.975187	75000	-0.297409	-2.994117
10	0.972726	75000	-0.296993	-3.291110
11	0.970269	75000	-0.296545	-3.587655
12	0.967816	75000	-0.296090	-3.883745
13	0.965367	75000	-0.295657	-4.179402
14	0.962921	75000	-0.295228	-4.474630
15	0.960479	75000	-0.294723	-4.769353
16	0.958040	75000	-0.294337	-5.063691
17	0.955606	75000	-0.293895	-5.357586
18	0.953175	75000	-0.293463	-5.651049
19	0.950747	75000	-0.293025	-5.944075
20	0.948324	75000	-0.292571	-6.236645
21	0.945904	75000	-0.292131	-6.528776
22	0.943488	75000	-0.291670	-6.820446
23	0.941076	75000	-0.291221	-7.111668
24	0.938667	75000	-0.290789	-7.402457
25	0.936262	75000	-0.290337	-7.692794
26	0.933861	75000	-0.289873	-7.982666
27	0.931463	75000	-0.289526	-8.272192
28	0.929069	75000	-0.289028	-8.561220
29	0.926679	75000	-0.288621	-8.849840
30	0.924293	75000	-0.288122	-9.137963
31	0.921910	75000	-0.287693	-9.425656
32	0.919531	75000	-0.287262	-9.712918
33	0.917155	75000	-0.286769	-9.999687
34	0.914783	75000	-0.286408	-10.286095
35	0.912415	75000	-0.285919	-10.572015
36	0.910051	75000	-0.285533	-10.857548
37	0.907690	75000	-0.285007	-11.142555
38	0.905333	75000	-0.284616	-11.427171
39	0.902980	75000	-0.284202	-11.711373
40	0.900630	75000	-0.283753	-11.995126
41	0.898284	75000	-0.283276	-12.278402
42	0.895942	75000	-0.282846	-12.561248
43	0.893603	75000	-0.282437	-12.843684
44	0.891268	75000	-0.282007	-13.125691
45	0.888937	75000	-0.281524	-13.407215
46	0.886609	75000	-0.281163	-13.688378
47	0.884285	75000	-0.280719	-13.969097
48	0.881965	75000	-0.280271	-14.249368
49	0.879648	75000	-0.279857	-14.529224
50	0.877335	75000	-0.279409	-14.808633
51	0.875026	75000	-0.279006	-15.087639
52	0.872720	75000	-0.278570	-15.366209
53	0.870418	75000	-0.278058	-15.644267
54	0.868120	75000	-0.277657	-15.921924
55	0.865825	75000	-0.277248	-16.199172
56	0.863534	75000	-0.276829	-16.476001
57	0.861246	75000	-0.276332	-16.752332
58	0.858962	75000	-0.275944	-17.028277
59	0.856682	75000	-0.275500	-17.303777
60	0.854405	75000	-0.275104	-17.578880
61	0.852132	75000	-0.274688	-17.853568
62	0.849863	75000	-0.274231	-18.127799
63	0.847597	75000	-0.273798	-18.401597
64	0.845335	75000	-0.273426	-18.675023
65	0.843077	75000	-0.272930	-18.947953
66	0.840822	75000	-0.272499	-19.220452
67	0.838571	75000	-0.272061	-19.492512
68	0.836323	75000	-0.271603	-19.764115
69	0.834079	75000	-0.271143	-20.035258
70	0.831839	75000	-0.270799	-20.306057
71	0.829602	75000	-0.270306	-20.576363
72	0.827369	75000	-0.269926	-20.846289
73	0.825140	75000	-0.269505	-21.115795
74	0.822914	75000	-0.269063	-21.384858
75	0.820691	75000	-0.268663	-21.653521
76	0.818473	75000	-0.268212	-21.921733
77	0.816258	75000	-0.267763	-22.189496
78	0.814046	75000	-0.267354	-22.456850
79	0.811838	75000	-0.266901	-22.723751
80	0.809634	75000	-0.266510	-22.990261
81	0.807433	75000	-0.266117	-23.256378
82	0.805236	75000	-0.265566	-23.521943
83	0.803043	75000	-0.265224	-23.787167
84	0.800853	75000	-0.264833	-24.051999
85	0.798667	75000	-0.264399	-24.316399
86	0.796484	75000	-0.263968	-24.580367
87	0.794305	75000	-0.263465	-24.843832
88	0.792129	75000	-0.263086	-25.106918
89	0.789957	75000	-0.262692	-25.369610
90	0.787789	75000	-0.262286	-25.631896
91	0.785624	75000	-0.261809	-25.893705
92	0.783463	75000	-0.261355	-26.155060
93	0.781305	75000	-0.260994	-26.416054
94	0.779151	75000	-0.260538	-26.676593
95	0.777000	75000	-0.260142	-26.936735
96	0.774853	75000	-0.259652	-27.196387
97	0.772710	75000	-0.259241	-27.455628
98	0.770570	75000	-0.258877	-27.714505
99	0.768433	75000	-0.258449	-27.972954
100	0.766301	75000	-0.258001	-28.230955
101	0.764172	75000	-0.257550	-28.488506
102	0.762046	75000	-0.257139	-28.745645
103	0.759924	75000	-0.256683	-29.002328
104	0.757805	75000	-0.256312	-29.258639
105	0.755690	75000	-0.255938	-29.514578
106	0.753579	75000	-0.255500	-29.770077
107	0.751471	75000	-0.255020	-30.025097
108	0.749366	75000	-0.254655	-30.279752
109	0.747266	75000	-0.254237	-30.533989
110	0.745168	75000	-0.253787	-30.787776
111	0.743075	75000	-0.253339	-31.041115
112	0.740984	75000	-0.252955	-31.294070
113	0.738898	75000	-0.252516	-31.546586
114	0.736815	75000	-0.252127	-31.798713
115	0.734735	75000	-0.251757	-32.050470
116	0.732659	75000	-0.251203	-32.301673
117	0.730586	75000	-0.250888	-32.552561
118	0.728517	75000	-0.250405	-32.802966
119	0.726452	75000	-0.250005	-33.052971
120	0.724390	75000	-0.249591	-33.302562
121	0.722331	75000	-0.249151	-33.551713
122	0.720276	75000	-0.248775	-33.800488
123	0.718225	75000	-0.248323	-34.048812
124	0.716177	75000	-0.247906	-34.296718
125	0.714132	75000	-0.247524	-34.544242
126	0.712091	75000	-0.247113	-34.791355
127	0.710054	75000	-0.246634	-35.037989
128	0.708020	75000	-0.246301	-35.284290
129	0.705989	75000	-0.245863	-35.530153
130	0.703962	75000	-0.245490	-35.775643
131	0.701939	75000	-0.245015	-36.020658
132	0.699919	75000	-0.244670	-36.265327
133	0.697902	75000	-0.244190	-36.509517
134	0.695889	75000	-0.243783	-36.753300
135	0.693880	75000	-0.243411	-36.996711
136	0.691874	75000	-0.242928	-37.239639
137	0.689871	75000	-0.242532	-37.482171
138	0.687872	75000	-0.242163	-37.724335
139	0.685877	75000	-0.241708	-37.966043
140	0.683885	75000	-0.241272	-38.207315
141	0.681896	75000	-0.240836	-38.448151
142	0.679911	75000	-0.240529	-38.688680
143	0.677929	75000	-0.240016	-38.928696
144	0.675951	75000	-0.239730	-39.168426
145	0.673976	75000	-0.239179	-39.407605
146	0.672005	75000	-0.238756	-39.646361
147	0.670037	75000	-0.238406	-39.884767
148	0.668073	75000	-0.238060	-40.122828
149	0.666112	75000	-0.237584	-40.360411
150	0.664155	75000	-0.237187	-40.597599
151	0.662201	75000	-0.236763	-40.834361
152	0.660250	75000	-0.236380	-41.070741
153	0.658303	75000	-0.235955	-41.306696
154	0.656359	75000	-0.235542	-41.542238
155	0.654419	75000	-0.235146	-41.777384
156	0.652483	75000	-0.234734	-42.012117
157	0.650549	75000	-0.234263	-42.246380
158	0.648619	75000	-0.233879	-42.480259
159	0.646693	75000	-0.233505	-42.713764
160	0.644770	75000	-0.233137	-42.946901
161	0.642851	75000	-0.232681	-43.179583
162	0.640934	75000	-0.232313	-43.411896
163	0.639022	75000	-0.231860	-43.643755
164	0.637113	75000	-0.231546	-43.875301
165	0.635207	75000	-0.231119	-44.106420
166	0.633304	75000	-0.230672	-44.337092
167	0.631405	75000	-0.230278	-44.567370
168	0.629510	75000	-0.229915	-44.797286
169	0.627618	75000	-0.229469	-45.026755
170	0.625729	75000	-0.228999	-45.255754
171	0.623844	75000	-0.228582	-45.484336
172	0.621962	75000	-0.228214	-45.712551
173	0.620083	75000	-0.227796	-45.940347
174	0.618208	75000	-0.227390	-46.167737
175	0.616337	75000	-0.226974	-46.394711
176	0.614468	75000	-0.226634	-46.621345
177	0.612604	75000	-0.226184	-46.847529
178	0.610742	75000	-0.225830	-47.073360
179	0.608884	75000	-0.225448	-47.298807
180	0.607029	75000	-0.224977	-47.523784
181	0.605178	75000	-0.224589	-47.748373
182	0.603330	75000	-0.224217	-47.972590
183	0.601486	75000	-0.223763	-48.196353
184	0.599645	75000	-0.223462	-48.419814
185	0.597807	75000	-0.222968	-48.642782
186	0.595973	75000	-0.222601	-48.865383
187	0.594142	75000	-0.222183	-49.087566
188	0.592314	75000	-0.221702	-49.309268
189	0.590490	75000	-0.221444	-49.530712
190	0.588669	75000	-0.221025	-49.751737
191	0.586852	75000	-0.220597	-49.972335
192	0.585038	75000	-0.220198	-50.192533
193	0.583227	75000	-0.219753	-50.412285
194	0.581420	75000	-0.219364	-50.631649
195	0.579616	75000	-0.218954	-50.850604
196	0.577815	75000	-0.218601	-51.069205
197	0.576018	75000	-0.218193	-51.287398
198	0.574224	75000	-0.217748	-51.505146
199	0.572433	75000	-0.217397	-51.722543
200	0.570646	75000	-0.217038	-51.939581
201	0.568862	75000	-0.216629	-52.156210
202	0.567082	75000	-0.216228	-52.372439
203	0.565305	75000	-0.215809	-52.588247
204	0.563531	75000	-0.215488	-52.803735
205	0.561761	75000	-0.214993	-53.018728
206	0.559993	75000	-0.214590	-53.233318
207	0.558230	75000	-0.214222	-53.447540
208	0.556469	75000	-0.213802	-53.661342
209	0.554712	75000	-0.213407	-53.874749
210	0.552958	75000	-0.213081	-54.087829
211	0.551208	75000	-0.212657	-54.300486
212	0.549461	75000	-0.212294	-54.512780
213	0.547717	75000	-0.211828	-54.724609
214	0.545977	75000	-0.211592	-54.936200
215	0.544240	75000	-0.210963	-55.147164
216	0.542506	75000	-0.210629	-55.357793
217	0.540775	75000	-0.210261	-55.568054
218	0.539048	75000	-0.209887	-55.777941
219	0.537324	75000	-0.209502	-55.987443
220	0.535604	75000	-0.209152	-56.196594
221	0.533887	75000	-0.208682	-56.405276
222	0.532173	75000	-0.208348	-56.613624
223	0.530462	75000	-0.207948	-56.821573
224	0.528755	75000	-0.207564	-57.029136
225	0.527051	75000	-0.207134	-57.236271
226	0.525350	75000	-0.206816	-57.443087
227	0.523653	75000	-0.206347	-57.649434
228	0.521958	75000	-0.205988	-57.855422
229	0.520268	75000	-0.205575	-58.060997
230	0.518580	75000	-0.205179	-58.266175
231	0.516896	75000	-0.204820	-58.470995
232	0.515215	75000	-0.204475	-58.675470
233	0.513537	75000	-0.203952	-58.879421
234	0.511863	75000	-0.203712	-59.083133
235	0.510192	75000	-0.203252	-59.286385
236	0.508524	75000	-0.202845	-59.489230
237	0.506859	75000	-0.202526	-59.691757
238	0.505198	75000	-0.202095	-59.893852
239	0.503540	75000	-0.201713	-60.095566
240	0.501885	75000	-0.201366	-60.296932
241	0.500234	75000	-0.200937	-60.497869
242	0.498586	75000	-0.200534	-60.698403
243	0.496941	75000	-0.200161	-60.898564
244	0.495299	75000	-0.199756	-61.098320
245	0.493660	75000	-0.199474	-61.297794
246	0.492025	75000	-0.199026	-61.496820
247	0.490393	75000	-0.198677	-61.695497
248	0.488765	75000	-0.198242	-61.893739
249	0.487139	75000	-0.197882	-62.091620
250	0.485517	75000	-0.197442	-62.289062
251	0.483898	75000	-0.197059	-62.486120
252	0.482283	75000	-0.196679	-62.682800
253	0.480670	75000	-0.196298	-62.879097
254	0.479061	75000	-0.195901	-63.074998
255	0.477455	75000	-0.195464	-63.270462
256	0.475852	75000	-0.195208	-63.465670
257	0.474253	75000	-0.194811	-63.660481
258	0.472656	75000	-0.194512	-63.854994
259	0.471063	75000	-0.194029	-64.049022
260	0.469474	75000	-0.193673	-64.242695
261	0.467887	75000	-0.193226	-64.435921
262	0.466304	75000	-0.192837	-64.628758
263	0.464723	75000	-0.192588	-64.821347
264	0.463146	75000	-0.192244	-65.013591
265	0.461573	75000	-0.191772	-65.205363
266	0.460002	75000	-0.191357	-65.396720
267	0.458435	75000	-0.190970	-65.587690
268	0.456871	75000	-0.190600	-65.778290
269	0.455310	75000	-0.190207	-65.968497
270	0.453752	75000	-0.189839	-66.158337
271	0.452198	75000	-0.189388	-66.347724
272	0.450647	75000	-0.189144	-66.536869
273	0.449098	75000	-0.188739	-66.725608
274	0.447554	75000	-0.188384	-66.913992
275	0.446012	75000	-0.188006	-67.101998
276	0.444473	75000	-0.187667	-67.289665
277	0.442938	75000	-0.187212	-67.476876
278	0.441406	75000	-0.186749	-67.663625
279	0.439877	75000	-0.186464	-67.850089
280	0.438351	75000	-0.186068	-68.036157
281	0.436829	75000	-0.185681	-68.221838
282	0.435309	75000	-0.185298	-68.407136
283	0.433793	75000	-0.184939	-68.592075
284	0.432280	75000	-0.184584	-68.776659
285	0.430770	75000	-0.184216	-68.960875
286	0.429263	75000	-0.183858	-69.144733
287	0.427760	75000	-0.183461	-69.328194
288	0.426259	75000	-0.183164	-69.511358
289	0.424762	75000	-0.182712	-69.694070
290	0.423268	75000	-0.182387	-69.876457
291	0.421777	75000	-0.182033	-70.058490
292	0.420289	75000	-0.181547	-70.240036
293	0.418805	75000	-0.181207	-70.421243
294	0.417323	75000	-0.180832	-70.602075
295	0.415845	75000	-0.180526	-70.782601
296	0.414370	75000	-0.180047	-70.962647
297	0.412898	75000	-0.179749	-71.142397
298	0.411429	75000	-0.179357	-71.321753
299	0.409963	75000	-0.178935	-71.500688
300	0.408501	75000	-0.178504	-71.679192
301	0.407041	75000	-0.178262	-71.857454
302	0.405585	75000	-0.177904	-72.035358
303	0.404132	75000	-0.177478	-72.212836
304	0.402682	75000	-0.177153	-72.389989
305	0.401235	75000	-0.176842	-72.566832
306	0.399791	75000	-0.176442	-72.743274
307	0.398350	75000	-0.175977	-72.919251
308	0.396913	75000	-0.175729	-73.094979
309	0.395478	75000	-0.175333	-73.270312
310	0.394047	75000	-0.175011	-73.445323
311	0.392619	75000	-0.174485	-73.619808
312	0.391194	75000	-0.174238	-73.794046
313	0.389772	75000	-0.173871	-73.967917
314	0.388353	75000	-0.173476	-74.141393
315	0.386937	75000	-0.173123	-74.314516
316	0.385524	75000	-0.172750	-74.487266
317	0.384115	75000	-0.172464	-74.659730
318	0.382708	75000	-0.172020	-74.831750
319	0.381305	75000	-0.171636	-75.003386
320	0.379904	75000	-0.171280	-75.174665
321	0.378507	75000	-0.170871	-75.345536
322	0.377113	75000	-0.170477	-75.516013
323	0.375722	75000	-0.170164	-75.686178
324	0.374334	75000	-0.169928	-75.856106
325	0.372949	75000	-0.169426	-76.025532
326	0.371567	75000	-0.169161	-76.194693
327	0.370189	75000	-0.168795	-76.363488
328	0.368813	75000	-0.168404	-76.531891
329	0.367440	75000	-0.167968	-76.699860
330	0.366071	75000	-0.167681	-76.867540
331	0.364705	75000	-0.167314	-77.034854
332	0.363341	75000	-0.166978	-77.201832
333	0.361981	75000	-0.166547	-77.368378
334	0.360624	75000	-0.166174	-77.534553
335	0.359269	75000	-0.165935	-77.700488
336	0.357918	75000	-0.165500	-77.865988
337	0.356570	75000	-0.165144	-78.031133
338	0.355225	75000	-0.164776	-78.195908
339	0.353883	75000	-0.164464	-78.360373
340	0.352544	75000	-0.164074	-78.524446
341	0.351208	75000	-0.163685	-78.688131
342	0.349875	75000	-0.163328	-78.851459
343	0.348546	75000	-0.162981	-79.014439
344	0.347219	75000	-0.162630	-79.177069
345	0.345895	75000	-0.162273	-79.339342
346	0.344574	75000	-0.161973	-79.501315
347	0.343257	75000	-0.161625	-79.662940
348	0.341942	75000	-0.161129	-79.824069
349	0.340630	75000	-0.160773	-79.984842
350	0.339322	75000	-0.160496	-80.145338
351	0.338016	75000	-0.160098	-80.305436
352	0.336714	75000	-0.159839	-80.465275
353	0.335414	75000	-0.159410	-80.624685
354	0.334118	75000	-0.159042	-80.783728
355	0.332824	75000	-0.158686	-80.942413
356	0.331534	75000	-0.158421	-81.100835
357	0.330246	75000	-0.158015	-81.258849
358	0.328962	75000	-0.157764	-81.416614
359	0.327680	75000	-0.157303	-81.573917
360	0.326401	75000	-0.156985	-81.730901
361	0.325126	75000	-0.156620	-81.887522
362	0.323853	75000	-0.156186	-82.043708
363	0.322584	75000	-0.155990	-82.199698
364	0.321317	75000	-0.155580	-82.355278
365	0.320054	75000	-0.155156	-82.510433
366	0.318793	75000	-0.154799	-82.665232
367	0.317536	75000	-0.154486	-82.819718
368	0.316281	75000	-0.154233	-82.973952
369	0.315030	75000	-0.153730	-83.127681
370	0.313781	75000	-0.153377	-83.281058
371	0.312535	75000	-0.153196	-83.434254
372	0.311293	75000	-0.152723	-83.586977
373	0.310053	75000	-0.152383	-83.739360
374	0.308816	75000	-0.152051	-83.891411
375	0.307582	75000	-0.151763	-84.043174
376	0.306352	75000	-0.151301	-84.194474
377	0.305124	75000	-0.151117	-84.345592
378	0.303899	75000	-0.150587	-84.496179
379	0.302677	75000	-0.150324	-84.646503
380	0.301458	75000	-0.149943	-84.796446
381	0.300242	75000	-0.149616	-84.946062
382	0.299029	75000	-0.149184	-85.095246
383	0.297819	75000	-0.148900	-85.244146
384	0.296611	75000	-0.148627	-85.392773
385	0.295407	75000	-0.148252	-85.541024
386	0.294206	75000	-0.147880	-85.688905
387	0.293007	75000	-0.147528	-85.836433
388	0.291812	75000	-0.147272	-85.983704
389	0.290619	75000	-0.146861	-86.130566
390	0.289430	75000	-0.146486	-86.277052
391	0.288243	75000	-0.146157	-86.423209
392	0.287059	75000	-0.145746	-86.568955
393	0.285879	75000	-0.145454	-86.714409
394	0.284701	75000	-0.145060	-86.859469
395	0.283526	75000	-0.144785	-87.004254
396	0.282354	75000	-0.144429	-87.148683
397	0.281184	75000	-0.144167	-87.292850
398	0.280018	75000	-0.143779	-87.436629
399	0.278855	75000	-0.143441	-87.580070
400	0.277694	75000	-0.143073	-87.723143
401	0.276537	75000	-0.142858	-87.866001
402	0.275382	75000	-0.142425	-88.008425
403	0.274230	75000	-0.141916	-88.150342
404	0.273082	75000	-0.141730	-88.292071
405	0.271936	75000	-0.141386	-88.433457
406	0.270793	75000	-0.141074	-88.574532
407	0.269652	75000	-0.140783	-88.715314
408	0.268515	75000	-0.140318	-88.855633
409	0.267381	75000	-0.140033	-88.995665
410	0.266249	75000	-0.139749	-89.135414
411	0.265121	75000	-0.139401	-89.274815
412	0.263995	75000	-0.138991	-89.413807
413	0.262872	75000	-0.138714	-89.552520
414	0.261752	75000	-0.138492	-89.691012
415	0.260635	75000	-0.138174	-89.829186
416	0.259520	75000	-0.137604	-89.966790
417	0.258409	75000	-0.137475	-90.104266
418	0.257300	75000	-0.137126	-90.241392
419	0.256195	75000	-0.136666	-90.378058
420	0.255092	75000	-0.136328	-90.514386
421	0.253992	75000	-0.135952	-90.650339
422	0.252895	75000	-0.135769	-90.786108
423	0.251800	75000	-0.135547	-90.921655
424	0.250709	75000	-0.134967	-91.056622
425	0.249620	75000	-0.134709	-91.191331
426	0.248534	75000	-0.134517	-91.325849
427	0.247451	75000	-0.134036	-91.459885
428	0.246371	75000	-0.133649	-91.593534
429	0.245294	75000	-0.133327	-91.726861
430	0.244220	75000	-0.133122	-91.859983
431	0.243148	75000	-0.132705	-91.992688
432	0.242079	75000	-0.132335	-92.125024
433	0.241013	75000	-0.132116	-92.257140
434	0.239950	75000	-0.131817	-92.388957
435	0.238890	75000	-0.131423	-92.520379
436	0.237832	75000	-0.131134	-92.651513
437	0.236778	75000	-0.130669	-92.782182
438	0.235726	75000	-0.130427	-92.912610
439	0.234677	75000	-0.130082	-93.042692
440	0.233630	75000	-0.129716	-93.172407
441	0.232587	75000	-0.129387	-93.301795
442	0.231546	75000	-0.129125	-93.430920
443	0.230509	75000	-0.128699	-93.559619
444	0.229473	75000	-0.128493	-93.688111
445	0.228441	75000	-0.128193	-93.816305
446	0.227412	75000	-0.127807	-93.944112
447	0.226385	75000	-0.127520	-94.071631
448	0.225361	75000	-0.127140	-94.198772
449	0.224340	75000	-0.126891	-94.325662
450	0.223322	75000	-0.126520	-94.452183
451	0.222306	75000	-0.126078	-94.578261
452	0.221293	75000	-0.125900	-94.704161
453	0.220283	75000	-0.125570	-94.829731
454	0.219276	75000	-0.125188	-94.954919
455	0.218272	75000	-0.124920	-95.079839
456	0.217270	75000	-0.124503	-95.204342
457	0.216271	75000	-0.124255	-95.328598
458	0.215275	75000	-0.123928	-95.452526
459	0.214281	75000	-0.123598	-95.576124
460	0.213291	75000	-0.123279	-95.699403
461	0.212303	75000	-0.123052	-95.822455
462	0.211318	75000	-0.122684	-95.945139
463	0.210335	75000	-0.122202	-96.067340
464	0.209356	75000	-0.122089	-96.189429
465	0.208379	75000	-0.121726	-96.311155
466	0.207404	75000	-0.121395	-96.432550
467	0.206433	75000	-0.121024	-96.553573
468	0.205464	75000	-0.120716	-96.674290
469	0.204498	75000	-0.120393	-96.794683
470	0.203535	75000	-0.120093	-96.914776
471	0.202575	75000	-0.119749	-97.034525
472	0.201617	75000	-0.119482	-97.154007
473	0.200662	75000	-0.119176	-97.273183
474	0.199709	75000	-0.118869	-97.392052
475	0.198760	75000	-0.118596	-97.510648
476	0.197813	75000	-0.118302	-97.628951
477	0.196869	75000	-0.117830	-97.746781
478	0.195927	75000	-0.117642	-97.864423
479	0.194988	75000	-0.117183	-97.981606
480	0.194052	75000	-0.116904	-98.098510
481	0.193119	75000	-0.116680	-98.215190
482	0.192188	75000	-0.116366	-98.331555
483	0.191260	75000	-0.116046	-98.447601
484	0.190335	75000	-0.115785	-98.563387
485	0.189412	75000	-0.115464	-98.678850
486	0.188492	75000	-0.115128	-98.793979
487	0.187575	75000	-0.114781	-98.908760
488	0.186660	75000	-0.114459	-99.023219
489	0.185749	75000	-0.114204	-99.137423
490	0.184839	75000	-0.113824	-99.251247
491	0.183933	75000	-0.113473	-99.364720
492	0.183029	75000	-0.113347	-99.478066
493	0.182128	75000	-0.112953	-99.591019
494	0.181229	75000	-0.112628	-99.703647
495	0.180333	75000	-0.112304	-99.815951
496	0.179440	75000	-0.111856	-99.927807
497	0.178550	75000	-0.111634	-100.039442
498	0.177662	75000	-0.111409	-100.150851
499	0.176777	75000	-0.111206	-100.262057
500	0.175894	75000	-0.110832	-100.372889
501	0.175014	75000	-0.110291	-100.483179
502	0.174137	75000	-0.110208	-100.593388
503	0.173262	75000	-0.109912	-100.703299
504	0.172390	75000	-0.109517	-100.812816
505	0.171521	75000	-0.109271	-100.922087
506	0.170654	75000	-0.108790	-101.030877
507	0.169790	75000	-0.108558	-101.139435
508	0.168929	75000	-0.108307	-101.247742
509	0.168070	75000	-0.108080	-101.355822
510	0.167214	75000	-0.107777	-101.463599
511	0.166360	75000	-0.107418	-101.571017
512	0.165509	75000	-0.107176	-101.678192
513	0.164661	75000	-0.106767	-101.784959
514	0.163815	75000	-0.106556	-101.891515
515	0.162972	75000	-0.106210	-101.997725
516	0.162132	75000	-0.105956	-102.103681
517	0.161294	75000	-0.105675	-102.209356
518	0.160458	75000	-0.105288	-102.314644
519	0.159626	75000	-0.105085	-102.419729
520	0.158796	75000	-0.104783	-102.524512
521	0.157968	75000	-0.104441	-102.628953
522	0.157143	75000	-0.104214	-102.733167
523	0.156321	75000	-0.103886	-102.837053
524	0.155501	75000	-0.103533	-102.940587
525	0.154684	75000	-0.103249	-103.043836
526	0.153870	75000	-0.102922	-103.146758
527	0.153058	75000	-0.102600	-103.249358
528	0.152248	75000	-0.102389	-103.351746
529	0.151441	75000	-0.102176	-103.453923
530	0.150637	75000	-0.101764	-103.555687
531	0.149835	75000	-0.101470	-103.657157
532	0.149036	75000	-0.101247	-103.758404
533	0.148240	75000	-0.100935	-103.859339
534	0.147446	75000	-0.100576	-103.959916
535	0.146654	75000	-0.100521	-104.060437
536	0.145865	75000	-0.099931	-104.160367
537	0.145079	75000	-0.099792	-104.260160
538	0.144295	75000	-0.099239	-104.359399
539	0.143514	75000	-0.099116	-104.458515
540	0.142735	75000	-0.098924	-104.557439
541	0.141959	75000	-0.098601	-104.656040
542	0.141186	75000	-0.098342	-104.754381
543	0.140415	75000	-0.098118	-104.852499
544	0.139646	75000	-0.097581	-104.950081
545	0.138880	75000	-0.097303	-105.047384
546	0.138116	75000	-0.096996	-105.144380
547	0.137356	75000	-0.096867	-105.241247
548	0.136597	75000	-0.096630	-105.337877
549	0.135841	75000	-0.096269	-105.434147
550	0.135088	75000	-0.095958	-105.530105
551	0.134337	75000	-0.095557	-105.625662
552	0.133588	75000	-0.095425	-105.721087
553	0.132843	75000	-0.095109	-105.816196
554	0.132099	75000	-0.094718	-105.910914
555	0.131358	75000	-0.094560	-106.005474
556	0.130620	75000	-0.094187	-106.099662
557	0.129884	75000	-0.093851	-106.193512
558	0.129151	75000	-0.093850	-106.287362
559	0.128420	75000	-0.093486	-106.380848
560	0.127691	75000	-0.093149	-106.473997
561	0.126965	75000	-0.092848	-106.566845
562	0.126242	75000	-0.092530	-106.659375
563	0.125521	75000	-0.092224	-106.751598
564	0.124802	75000	-0.091971	-106.843569
565	0.124086	75000	-0.091685	-106.935254
566	0.123373	75000	-0.091364	-107.026618
567	0.122662	75000	-0.091105	-107.117724
568	0.121953	75000	-0.091097	-107.208821
569	0.121247	75000	-0.090623	-107.299444
570	0.120543	75000	-0.090343	-107.389787
571	0.119842	75000	-0.089953	-107.479741
572	0.119143	75000	-0.089689	-107.569430
573	0.118447	75000	-0.089453	-107.658883
574	0.117753	75000	-0.089231	-107.748114
575	0.117062	75000	-0.088814	-107.836928
576	0.116373	75000	-0.088712	-107.925641
577	0.115686	75000	-0.088240	-108.013880
578	0.115002	75000	-0.088167	-108.102047
579	0.114320	75000	-0.087804	-108.189851
580	0.113641	75000	-0.087487	-108.277338
581	0.112964	75000	-0.087239	-108.364576
582	0.112290	75000	-0.087129	-108.451706
583	0.111618	75000	-0.086767	-108.538473
584	0.110948	75000	-0.086519	-108.624992
585	0.110281	75000	-0.086176	-108.711167
586	0.109616	75000	-0.085984	-108.797151
587	0.108954	75000	-0.085726	-108.882877
588	0.108294	75000	-0.085303	-108.968179
589	0.107637	75000	-0.085185	-109.053364
590	0.106981	75000	-0.085042	-109.138406
591	0.106329	75000	-0.084733	-109.223139
592	0.105678	75000	-0.084246	-109.307385
593	0.105030	75000	-0.083996	-109.391381
594	0.104385	75000	-0.083846	-109.475227
595	0.103742	75000	-0.083455	-109.558682
596	0.103101	75000	-0.083244	-109.641926
597	0.102463	75000	-0.082922	-109.724848
598	0.101827	75000	-0.082750	-109.807598
599	0.101193	75000	-0.082465	-109.890063
600	0.100562	75000	-0.082099	-109.972161
601	0.099933	75000	-0.081942	-110.054103
602	0.099306	75000	-0.081573	-110.135676
603	0.098682	75000	-0.081416	-110.217092
604	0.098060	75000	-0.081232	-110.298325
605	0.097441	75000	-0.081091	-110.379415
606	0.096824	75000	-0.080734	-110.460149
607	0.096209	75000	-0.080260	-110.540409
608	0.095596	75000	-0.080087	-110.620496
609	0.094986	75000	-0.079688	-110.700185
610	0.094379	75000	-0.079474	-110.779659
611	0.093773	75000	-0.079350	-110.859009
612	0.093170	75000	-0.078890	-110.937898
613	0.092570	75000	-0.078835	-111.016733
614	0.091971	75000	-0.078617	-111.095350
615	0.091375	75000	-0.078292	-111.173642
616	0.090781	75000	-0.078037	-111.251679
617	0.090190	75000	-0.077982	-111.329660
618	0.089601	75000	-0.077473	-111.407133
619	0.089014	75000	-0.077316	-111.484449
620	0.088430	75000	-0.077162	-111.561612
621	0.087848	75000	-0.076764	-111.638376
622	0.087268	75000	-0.076540	-111.714916
623	0.086690	75000	-0.076323	-111.791239
624	0.086115	75000	-0.076016	-111.867254
625	0.085542	75000	-0.075825	-111.943080
626	0.084971	75000	-0.075483	-112.018563
627	0.084403	75000	-0.075413	-112.093976
628	0.083837	75000	-0.074902	-112.168878
629	0.083273	75000	-0.074627	-112.243504
630	0.082712	75000	-0.074507	-112.318011
631	0.082152	75000	-0.074404	-112.392415
632	0.081595	75000	-0.074007	-112.466422
633	0.081041	75000	-0.073803	-112.540225
634	0.080488	75000	-0.073621	-112.613846
635	0.079938	75000	-0.073000	-112.686847
636	0.079390	75000	-0.072907	-112.759754
637	0.078845	75000	-0.072863	-112.832617
638	0.078301	75000	-0.072449	-112.905065
639	0.077760	75000	-0.072446	-112.977511
640	0.077221	75000	-0.072008	-113.049519
641	0.076684	75000	-0.071619	-113.121138
642	0.076150	75000	-0.071376	-113.192514
643	0.075618	75000	-0.071171	-113.263686
644	0.075088	75000	-0.071246	-113.334931
645	0.074560	75000	-0.070950	-113.405881
646	0.074035	75000	-0.070476	-113.476358
647	0.073512	75000	-0.070244	-113.546602
648	0.072991	75000	-0.070210	-113.616812
649	0.072472	75000	-0.069776	-113.686587
650	0.071955	75000	-0.069615	-113.756202
651	0.071441	75000	-0.069472	-113.825674
652	0.070929	75000	-0.069000	-113.894674
653	0.070419	75000	-0.068963	-113.963637
654	0.069911	75000	-0.068517	-114.032154
655	0.069406	75000	-0.068400	-114.100554
656	0.068903	75000	-0.068133	-114.168687
657	0.068401	75000	-0.068033	-114.236720
658	0.067903	75000	-0.067652	-114.304372
659	0.067406	75000	-0.067294	-114.371666
660	0.066911	75000	-0.067104	-114.438769
661	0.066419	75000	-0.067091	-114.505860
662	0.065929	75000	-0.066664	-114.572524
663	0.065441	75000	-0.066647	-114.639171
664	0.064955	75000	-0.066258	-114.705429
665	0.064471	75000	-0.066126	-114.771555
666	0.063990	75000	-0.065924	-114.837479
667	0.063510	75000	-0.065476	-114.902955
668	0.063033	75000	-0.065590	-114.968546
669	0.062558	75000	-0.065204	-115.033750
670	0.062085	75000	-0.065074	-115.098824
671	0.061615	75000	-0.064687	-115.163510
672	0.061146	75000	-0.064646	-115.228156
673	0.060680	75000	-0.064319	-115.292475
674	0.060216	75000	-0.064057	-115.356532
675	0.059753	75000	-0.063789	-115.420321
676	0.059293	75000	-0.063620	-115.483941
677	0.058836	75000	-0.063502	-115.547443
678	0.058380	75000	-0.063124	-115.610567
679	0.057926	75000	-0.062975	-115.673541
680	0.057475	75000	-0.062766	-115.736307
681	0.057025	75000	-0.062471	-115.798779
682	0.056578	75000	-0.062295	-115.861074
683	0.056133	75000	-0.062090	-115.923164
684	0.055690	75000	-0.061900	-115.985064
685	0.055249	75000	-0.061747	-116.046811
686	0.054810	75000	-0.061451	-116.108262
687	0.054373	75000	-0.061166	-116.169428
688	0.053939	75000	-0.061044	-116.230473
689	0.053506	75000	-0.060999	-116.291472
690	0.053076	75000	-0.060615	-116.352086
691	0.052647	75000	-0.060181	-116.412267
692	0.052221	75000	-0.060215	-116.472482
693	0.051797	75000	-0.059916	-116.532398
694	0.051375	75000	-0.059825	-116.592223
695	0.050955	75000	-0.059553	-116.651776
696	0.050537	75000	-0.059391	-116.711167
697	0.050121	75000	-0.059277	-116.770444
698	0.049707	75000	-0.058790	-116.829234
699	0.049295	75000	-0.058753	-116.887987
700	0.048885	75000	-0.058576	-116.946563
701	0.048478	75000	-0.058372	-117.004934
702	0.048072	75000	-0.057921	-117.062855
703	0.047668	75000	-0.057736	-117.120591
704	0.047267	75000	-0.057822	-117.178413
705	0.046867	75000	-0.057537	-117.235950
706	0.046470	75000	-0.057415	-117.293365
707	0.046074	75000	-0.057252	-117.350617
708	0.045681	75000	-0.056996	-117.407613
709	0.045289	75000	-0.057032	-117.464644
710	0.044900	75000	-0.056654	-117.521298
711	0.044512	75000	-0.056543	-117.577841
712	0.044127	75000	-0.056286	-117.634127
713	0.043744	75000	-0.056019	-117.690145
714	0.043362	75000	-0.055906	-117.746051
715	0.042983	75000	-0.055630	-117.801682
716	0.042606	75000	-0.055525	-117.857206
717	0.042230	75000	-0.055251	-117.912457
718	0.041857	75000	-0.055066	-117.967523
719	0.041485	75000	-0.054864	-118.022387
720	0.041116	75000	-0.054688	-118.077075
721	0.040749	75000	-0.054416	-118.131491
722	0.040383	75000	-0.054497	-118.185988
723	0.040020	75000	-0.054133	-118.240121
724	0.039658	75000	-0.053945	-118.294066
725	0.039299	75000	-0.053772	-118.347838
726	0.038941	75000	-0.053453	-118.401291
727	0.038585	75000	-0.053559	-118.454850
728	0.038232	75000	-0.053107	-118.507957
729	0.037880	75000	-0.052969	-118.560926
730	0.037530	75000	-0.052744	-118.613670
731	0.037182	75000	-0.052723	-118.666393
732	0.036836	75000	-0.052519	-118.718912
733	0.036493	75000	-0.052611	-118.771523
734	0.036151	75000	-0.052421	-118.823944
735	0.035810	75000	-0.051997	-118.875941
736	0.035472	75000	-0.051855	-118.927795
737	0.035136	75000	-0.051825	-118.979620
738	0.034802	75000	-0.051336	-119.030956
739	0.034469	75000	-0.051411	-119.082367
740	0.034139	75000	-0.051186	-119.133553
741	0.033810	75000	-0.051282	-119.184835
742	0.033484	75000	-0.050855	-119.235691
743	0.033159	75000	-0.050777	-119.286468
744	0.032836	75000	-0.050365	-119.336833
745	0.032515	75000	-0.050376	-119.387209
746	0.032196	75000	-0.050425	-119.437635
747	0.031879	75000	-0.050093	-119.487727
748	0.031563	75000	-0.050030	-119.537758
749	0.031250	75000	-0.049694	-119.587452
750	0.030938	75000	-0.049730	-119.637182
751	0.030629	75000	-0.049547	-119.686729
752	0.030321	75000	-0.049480	-119.736209
753	0.030015	75000	-0.049115	-119.785324
754	0.029711	75000	-0.049017	-119.834341
755	0.029409	75000	-0.049067	-119.883408
756	0.029108	75000	-0.048836	-119.932244
757	0.028810	75000	-0.048793	-119.981036
758	0.028513	75000	-0.048342	-120.029379
759	0.028218	75000	-0.048563	-120.077942
760	0.027925	75000	-0.048301	-120.126243
761	0.027634	75000	-0.048427	-120.174670
762	0.027345	75000	-0.047730	-120.222400
763	0.027057	75000	-0.047728	-120.270128
764	0.026771	75000	-0.047848	-120.317976
765	0.026487	75000	-0.047510	-120.365487
766	0.026205	75000	-0.047591	-120.413078
767	0.025925	75000	-0.047363	-120.460441
768	0.025647	75000	-0.047103	-120.507544
769	0.025370	75000	-0.047084	-120.554628
770	0.025095	75000	-0.047081	-120.601709
771	0.024822	75000	-0.047192	-120.648900
772	0.024551	75000	-0.047088	-120.695988
773	0.024281	75000	-0.047274	-120.743262
774	0.024014	75000	-0.046773	-120.790035
775	0.023748	75000	-0.046667	-120.836702
776	0.023483	75000	-0.046357	-120.883059
777	0.023221	75000	-0.046361	-120.929419
778	0.022960	75000	-0.046719	-120.976139
779	0.022702	75000	-0.046188	-121.022327
780	0.022445	75000	-0.045826	-121.068153
781	0.022189	75000	-0.045857	-121.114010
782	0.021936	75000	-0.046392	-121.160402
783	0.021684	75000	-0.045689	-121.206090
784	0.021434	75000	-0.046379	-121.252470
785	0.021185	75000	-0.045773	-121.298243
786	0.020939	75000	-0.045748	-121.343991
787	0.020694	75000	-0.045903	-121.389894
788	0.020451	75000	-0.045604	-121.435498
789	0.020209	75000	-0.045326	-121.480824
790	0.019969	75000	-0.045558	-121.526382
791	0.019731	75000	-0.045746	-121.572128
792	0.019495	75000	-0.045273	-121.617401
793	0.019261	75000	-0.045660	-121.663061
794	0.019028	75000	-0.045128	-121.708189
795	0.018796	75000	-0.045144	-121.753333
796	0.018567	75000	-0.044967	-121.798300
797	0.018339	75000	-0.045304	-121.843604
798	0.018113	75000	-0.044815	-121.888418
799	0.017889	75000	-0.045654	-121.934072
800	0.017666	75000	-0.045442	-121.979515
801	0.017445	75000	-0.045250	-122.024765
802	0.017225	75000	-0.045487	-122.070252
803	0.017007	75000	-0.045055	-122.115307
804	0.016791	75000	-0.045826	-122.161133
805	0.016577	75000	-0.044851	-122.205984
806	0.016364	75000	-0.045330	-122.251314
807	0.016153	75000	-0.045205	-122.296518
808	0.015943	75000	-0.045357	-122.341875
809	0.015736	75000	-0.045792	-122.387667
810	0.015529	75000	-0.046073	-122.433740
811	0.015325	75000	-0.044914	-122.478654
812	0.015122	75000	-0.044975	-122.523628
813	0.014920	75000	-0.045245	-122.568873
814	0.014721	75000	-0.046264	-122.615137
815	0.014523	75000	-0.045443	-122.660581
816	0.014326	75000	-0.046133	-122.706714
817	0.014131	75000	-0.045583	-122.752297
818	0.013938	75000	-0.045608	-122.797905
819	0.013746	75000	-0.047292	-122.845197
820	0.013556	75000	-0.046656	-122.891853
821	0.013367	75000	-0.047286	-122.939139
822	0.013181	75000	-0.046660	-122.985799
823	0.012995	75000	-0.047509	-123.033308
824	0.012811	75000	-0.046375	-123.079683
825	0.012629	75000	-0.046696	-123.126379
826	0.012448	75000	-0.047961	-123.174339
827	0.012269	75000	-0.048120	-123.222460
828	0.012092	75000	-0.047866	-123.270326
829	0.011916	75000	-0.048262	-123.318588
830	0.011741	75000	-0.049092	-123.367680
831	0.011568	75000	-0.049792	-123.417472
832	0.011397	75000	-0.049340	-123.466812
833	0.011227	75000	-0.049690	-123.516502
834	0.011059	75000	-0.048734	-123.565236
835	0.010892	75000	-0.049734	-123.614971
836	0.010727	75000	-0.050667	-123.665638
837	0.010563	75000	-0.050531	-123.716169
838	0.010401	75000	-0.051019	-123.767188
839	0.010240	75000	-0.052101	-123.819289
840	0.010081	75000	-0.052441	-123.871731
841	0.009923	75000	-0.052700	-123.924430
842	0.009767	75000	-0.053807	-123.978237
843	0.009612	75000	-0.053016	-124.031253
844	0.009459	75000	-0.054322	-124.085575
845	0.009307	75000	-0.055033	-124.140608
846	0.009156	75000	-0.056279	-124.196887
847	0.009008	75000	-0.056258	-124.253145
848	0.008860	75000	-0.058708	-124.311853
849	0.008714	75000	-0.059315	-124.371168
850	0.008570	75000	-0.059834	-124.431002
851	0.008427	75000	-0.061024	-124.492027
852	0.008285	75000	-0.060766	-124.552792
853	0.008145	75000	-0.060557	-124.613349
854	0.008006	75000	-0.062688	-124.676037
855	0.007869	75000	-0.065004	-124.741041
856	0.007733	75000	-0.065214	-124.806254
857	0.007598	75000	-0.065998	-124.872253
858	0.007465	75000	-0.066557	-124.938809
859	0.007334	75000	-0.066348	-125.005158
860	0.007203	75000	-0.068288	-125.073446
861	0.007075	75000	-0.069847	-125.143293
862	0.006947	75000	-0.069827	-125.213121
863	0.006821	75000	-0.071871	-125.284992
864	0.006696	75000	-0.073798	-125.358790
865	0.006573	75000	-0.074583	-125.433373
866	0.006451	75000	-0.076666	-125.510039
867	0.006330	75000	-0.075573	-125.585612
868	0.006211	75000	-0.076801	-125.662413
869	0.006093	75000	-0.079632	-125.742045
870	0.005977	75000	-0.078926	-125.820971
871	0.005862	75000	-0.083860	-125.904832
872	0.005748	75000	-0.083626	-125.988458
873	0.005635	75000	-0.080690	-126.069147
874	0.005524	75000	-0.084603	-126.153751
875	0.005414	75000	-0.085678	-126.239428
876	0.005306	75000	-0.085755	-126.325184
877	0.005199	75000	-0.088191	-126.413375
878	0.005093	75000	-0.089151	-126.502526
879	0.004988	75000	-0.088421	-126.590947
880	0.004885	75000	-0.091214	-126.682161
881	0.004783	75000	-0.094918	-126.777079
882	0.004682	75000	-0.094346	-126.871425
883	0.004583	75000	-0.096072	-126.967497
884	0.004485	75000	-0.095476	-127.062973
885	0.004388	75000	-0.098351	-127.161324
886	0.004292	75000	-0.097556	-127.258880
887	0.004198	75000	-0.099579	-127.358459
888	0.004105	75000	-0.098446	-127.456905
889	0.004013	75000	-0.100409	-127.557315
890	0.003923	75000	-0.100356	-127.657671
891	0.003833	75000	-0.100031	-127.757702
892	0.003745	75000	-0.098584	-127.856286
893	0.003658	75000	-0.103030	-127.959316
894	0.003573	75000	-0.101946	-128.061262
895	0.003488	75000	-0.101652	-128.162914
896	0.003405	75000	-0.103012	-128.265926
897	0.003323	75000	-0.102239	-128.368165
898	0.003242	75000	-0.101277	-128.469441
899	0.003162	75000	-0.102385	-128.571826
900	0.003084	75000	-0.103939	-128.675766
901	0.003007	75000	-0.101281	-128.777046
902	0.002930	75000	-0.101127	-128.878174
903	0.002855	75000	-0.100149	-128.978323
904	0.002782	75000	-0.100457	-129.078780
905	0.002709	75000	-0.099882	-129.178661
906	0.002638	75000	-0.100361	-129.279022
907	0.002567	75000	-0.100002	-129.379023
908	0.002498	75000	-0.098566	-129.477589
909	0.002430	75000	-0.097617	-129.575206
910	0.002363	75000	-0.096757	-129.671963
911	0.002297	75000	-0.096529	-129.768491
912	0.002233	75000	-0.095929	-129.864420
913	0.002169	75000	-0.094426	-129.958846
914	0.002106	75000	-0.093531	-130.052377
915	0.002045	75000	-0.094141	-130.146518
916	0.001985	75000	-0.091483	-130.238001
917	0.001925	75000	-0.092258	-130.330259
918	0.001867	75000	-0.089250	-130.419509
919	0.001810	75000	-0.088874	-130.508383
920	0.001754	75000	-0.088021	-130.596404
921	0.001699	75000	-0.086674	-130.683078
922	0.001645	75000	-0.085335	-130.768413
923	0.001592	75000	-0.084989	-130.853402
924	0.001540	75000	-0.083981	-130.937383
925	0.001490	75000	-0.082100	-131.019483
926	0.001440	75000	-0.080394	-131.099877
927	0.001391	75000	-0.079243	-131.179120
928	0.001343	75000	-0.077913	-131.257033
929	0.001296	75000	-0.076536	-131.333569
930	0.001251	75000	-0.075697	-131.409266
931	0.001206	75000	-0.074208	-131.483474
932	0.001162	75000	-0.072597	-131.556072
933	0.001119	75000	-0.071737	-131.627808
934	0.001077	75000	-0.070716	-131.698524
935	0.001036	75000	-0.069277	-131.767801
936	0.000996	75000	-0.067270	-131.835071
937	0.000957	75000	-0.066286	-131.901356
938	0.000919	75000	-0.065156	-131.966512
939	0.000882	75000	-0.063352	-132.029864
940	0.000846	75000	-0.061920	-132.091783
941	0.000810	75000	-0.060883	-132.152666
942	0.000776	75000	-0.059469	-132.212135
943	0.000742	75000	-0.057734	-132.269869
944	0.000709	75000	-0.056056	-132.325924
945	0.000678	75000	-0.055384	-132.381309
946	0.000647	75000	-0.053846	-132.435154
947	0.000617	75000	-0.052473	-132.487628
948	0.000587	75000	-0.050997	-132.538624
949	0.000559	75000	-0.049677	-132.588301
950	0.000531	75000	-0.048001	-132.636301
951	0.000505	75000	-0.046902	-132.683204
952	0.000479	75000	-0.045393	-132.728597
953	0.000454	75000	-0.044054	-132.772652
954	0.000430	75000	-0.042888	-132.815540
955	0.000406	75000	-0.041477	-132.857017
956	0.000383	75000	-0.040088	-132.897105
957	0.000362	75000	-0.038859	-132.935964
958	0.000340	75000	-0.037611	-132.973575
959	0.000320	75000	-0.036350	-133.009925
960	0.000300	75000	-0.034872	-133.044797
961	0.000281	75000	-0.033628	-133.078425
962	0.000263	75000	-0.032372	-133.110796
963	0.000246	75000	-0.031256	-133.142053
964	0.000229	75000	-0.030031	-133.172084
965	0.000213	75000	-0.028638	-133.200722
966	0.000198	75000	-0.027514	-133.228236
967	0.000183	75000	-0.026287	-133.254523
968	0.000169	75000	-0.025037	-133.279560
969	0.000156	75000	-0.023937	-133.303497
970	0.000143	75000	-0.022732	-133.326229
971	0.000131	75000	-0.021625	-133.347854
972	0.000120	75000	-0.020574	-133.368428
973	0.000109	75000	-0.019468	-133.387896
974	0.000099	75000	-0.018319	-133.406216
975	0.000089	75000	-0.017235	-133.423450
976	0.000080	75000	-0.016202	-133.439652
977	0.000072	75000	-0.015333	-133.454985
978	0.000064	75000	-0.014289	-133.469274
979	0.000057	75000	-0.013248	-133.482522
980	0.000050	75000	-0.012319	-133.494841
981	0.000043	75000	-0.011385	-133.506227
982	0.000038	75000	-0.010458	-133.516685
983	0.000032	75000	-0.009576	-133.526261
984	0.000028	75000	-0.008776	-133.535037
985	0.000023	75000	-0.007917	-133.542954
986	0.000019	75000	-0.007125	-133.550080
987	0.000016	75000	-0.006323	-133.556402
988	0.000013	75000	-0.005614	-133.562017
989	0.000010	75000	-0.004875	-133.566892
990	0.000008	75000	-0.004200	-133.571091
991	0.000006	75000	-0.003539	-133.574631
992	0.000004	75000	-0.002946	-133.577577
993	0.000003	75000	-0.002379	-133.579956
994	0.000002	75000	-0.001853	-133.581809
995	0.000001	75000	-0.001373	-133.583182
996	0.000000	75000	-0.000942	-133.584124
997	0.000000	75000	-0.000571	-133.584695
998	0.000000	75000	-0.000266	-133.584962
999	0.000000	75000	-0.000057	-133.585019
Log marginal likelihood:	-133.585019
