Steppingstone sampler:
        No Stones:                  1000
        Start It:                   10000001
        It Per Stone:               100000
        Sample Freq:                1
        Dist:                       Beta(0.400000,1.000000)
Stone No	Power	N	Stone MLh	Running MLh
0	0.997502	75000	0.072593	0.072593
1	0.995007	75000	0.072486	0.145078
2	0.992517	75000	0.072366	0.217444
3	0.990030	75000	0.072299	0.289743
4	0.987547	75000	0.072159	0.361902
5	0.985067	75000	0.071975	0.433877
6	0.982592	75000	0.071923	0.505800
7	0.980120	75000	0.071812	0.577612
8	0.977652	75000	0.071687	0.649299
9	0.975187	75000	0.071551	0.720850
10	0.972726	75000	0.071447	0.792297
11	0.970269	75000	0.071324	0.863621
12	0.967816	75000	0.071274	0.934895
13	0.965367	75000	0.071100	1.005996
14	0.962921	75000	0.071003	1.076998
15	0.960479	75000	0.070911	1.147910
16	0.958040	75000	0.070767	1.218677
17	0.955606	75000	0.070693	1.289370
18	0.953175	75000	0.070542	1.359912
19	0.950747	75000	0.070375	1.430287
20	0.948324	75000	0.070362	1.500649
21	0.945904	75000	0.070184	1.570834
22	0.943488	75000	0.070044	1.640878
23	0.941076	75000	0.069914	1.710792
24	0.938667	75000	0.069872	1.780664
25	0.936262	75000	0.069726	1.850390
26	0.933861	75000	0.069680	1.920070
27	0.931463	75000	0.069525	1.989594
28	0.929069	75000	0.069426	2.059021
29	0.926679	75000	0.069264	2.128284
30	0.924293	75000	0.069113	2.197398
31	0.921910	75000	0.069057	2.266455
32	0.919531	75000	0.068897	2.335352
33	0.917155	75000	0.068827	2.404179
34	0.914783	75000	0.068695	2.472874
35	0.912415	75000	0.068571	2.541444
36	0.910051	75000	0.068488	2.609932
37	0.907690	75000	0.068363	2.678295
38	0.905333	75000	0.068249	2.746544
39	0.902980	75000	0.068140	2.814685
40	0.900630	75000	0.068037	2.882722
41	0.898284	75000	0.067955	2.950676
42	0.895942	75000	0.067783	3.018459
43	0.893603	75000	0.067664	3.086123
44	0.891268	75000	0.067586	3.153709
45	0.888937	75000	0.067447	3.221155
46	0.886609	75000	0.067335	3.288490
47	0.884285	75000	0.067189	3.355679
48	0.881965	75000	0.067175	3.422854
49	0.879648	75000	0.067011	3.489865
50	0.877335	75000	0.066842	3.556707
51	0.875026	75000	0.066801	3.623508
52	0.872720	75000	0.066646	3.690154
53	0.870418	75000	0.066559	3.756713
54	0.868120	75000	0.066444	3.823157
55	0.865825	75000	0.066312	3.889469
56	0.863534	75000	0.066171	3.955640
57	0.861246	75000	0.066112	4.021752
58	0.858962	75000	0.066011	4.087763
59	0.856682	75000	0.065841	4.153604
60	0.854405	75000	0.065813	4.219417
61	0.852132	75000	0.065693	4.285110
62	0.849863	75000	0.065532	4.350642
63	0.847597	75000	0.065443	4.416085
64	0.845335	75000	0.065308	4.481392
65	0.843077	75000	0.065161	4.546553
66	0.840822	75000	0.065079	4.611632
67	0.838571	75000	0.065019	4.676651
68	0.836323	75000	0.064921	4.741571
69	0.834079	75000	0.064741	4.806312
70	0.831839	75000	0.064586	4.870898
71	0.829602	75000	0.064533	4.935431
72	0.827369	75000	0.064394	4.999825
73	0.825140	75000	0.064335	5.064160
74	0.822914	75000	0.064187	5.128347
75	0.820691	75000	0.064109	5.192456
76	0.818473	75000	0.064016	5.256471
77	0.816258	75000	0.063903	5.320374
78	0.814046	75000	0.063822	5.384196
79	0.811838	75000	0.063596	5.447792
80	0.809634	75000	0.063498	5.511290
81	0.807433	75000	0.063429	5.574719
82	0.805236	75000	0.063253	5.637972
83	0.803043	75000	0.063190	5.701162
84	0.800853	75000	0.063014	5.764176
85	0.798667	75000	0.063021	5.827197
86	0.796484	75000	0.062918	5.890115
87	0.794305	75000	0.062726	5.952841
88	0.792129	75000	0.062628	6.015469
89	0.789957	75000	0.062521	6.077990
90	0.787789	75000	0.062490	6.140480
91	0.785624	75000	0.062307	6.202787
92	0.783463	75000	0.062169	6.264956
93	0.781305	75000	0.062099	6.327056
94	0.779151	75000	0.061972	6.389028
95	0.777000	75000	0.061874	6.450901
96	0.774853	75000	0.061747	6.512648
97	0.772710	75000	0.061675	6.574323
98	0.770570	75000	0.061490	6.635813
99	0.768433	75000	0.061426	6.697239
100	0.766301	75000	0.061288	6.758527
101	0.764172	75000	0.061287	6.819814
102	0.762046	75000	0.061114	6.880928
103	0.759924	75000	0.061023	6.941950
104	0.757805	75000	0.060844	7.002794
105	0.755690	75000	0.060715	7.063509
106	0.753579	75000	0.060700	7.124209
107	0.751471	75000	0.060602	7.184811
108	0.749366	75000	0.060432	7.245243
109	0.747266	75000	0.060374	7.305617
110	0.745168	75000	0.060226	7.365843
111	0.743075	75000	0.060073	7.425916
112	0.740984	75000	0.060016	7.485931
113	0.738898	75000	0.059914	7.545846
114	0.736815	75000	0.059775	7.605621
115	0.734735	75000	0.059673	7.665294
116	0.732659	75000	0.059568	7.724862
117	0.730586	75000	0.059408	7.784270
118	0.728517	75000	0.059343	7.843614
119	0.726452	75000	0.059208	7.902822
120	0.724390	75000	0.059109	7.961931
121	0.722331	75000	0.058988	8.020918
122	0.720276	75000	0.058838	8.079757
123	0.718225	75000	0.058770	8.138527
124	0.716177	75000	0.058739	8.197266
125	0.714132	75000	0.058636	8.255903
126	0.712091	75000	0.058497	8.314400
127	0.710054	75000	0.058408	8.372808
128	0.708020	75000	0.058232	8.431040
129	0.705989	75000	0.058179	8.489219
130	0.703962	75000	0.058085	8.547304
131	0.701939	75000	0.057876	8.605179
132	0.699919	75000	0.057809	8.662988
133	0.697902	75000	0.057714	8.720702
134	0.695889	75000	0.057630	8.778332
135	0.693880	75000	0.057443	8.835775
136	0.691874	75000	0.057409	8.893184
137	0.689871	75000	0.057283	8.950467
138	0.687872	75000	0.057202	9.007669
139	0.685877	75000	0.057114	9.064783
140	0.683885	75000	0.056966	9.121750
141	0.681896	75000	0.056932	9.178682
142	0.679911	75000	0.056657	9.235339
143	0.677929	75000	0.056633	9.291972
144	0.675951	75000	0.056544	9.348516
145	0.673976	75000	0.056419	9.404936
146	0.672005	75000	0.056277	9.461213
147	0.670037	75000	0.056314	9.517527
148	0.668073	75000	0.056080	9.573607
149	0.666112	75000	0.055997	9.629604
150	0.664155	75000	0.055821	9.685425
151	0.662201	75000	0.055742	9.741168
152	0.660250	75000	0.055647	9.796815
153	0.658303	75000	0.055575	9.852390
154	0.656359	75000	0.055481	9.907871
155	0.654419	75000	0.055344	9.963215
156	0.652483	75000	0.055188	10.018403
157	0.650549	75000	0.055130	10.073533
158	0.648619	75000	0.055049	10.128583
159	0.646693	75000	0.054926	10.183509
160	0.644770	75000	0.054798	10.238306
161	0.642851	75000	0.054711	10.293017
162	0.640934	75000	0.054669	10.347686
163	0.639022	75000	0.054452	10.402138
164	0.637113	75000	0.054310	10.456448
165	0.635207	75000	0.054220	10.510668
166	0.633304	75000	0.054130	10.564797
167	0.631405	75000	0.054038	10.618835
168	0.629510	75000	0.053984	10.672819
169	0.627618	75000	0.053918	10.726737
170	0.625729	75000	0.053760	10.780497
171	0.623844	75000	0.053616	10.834113
172	0.621962	75000	0.053526	10.887639
173	0.620083	75000	0.053426	10.941064
174	0.618208	75000	0.053282	10.994347
175	0.616337	75000	0.053276	11.047623
176	0.614468	75000	0.053003	11.100626
177	0.612604	75000	0.053003	11.153629
178	0.610742	75000	0.052932	11.206561
179	0.608884	75000	0.052807	11.259368
180	0.607029	75000	0.052673	11.312041
181	0.605178	75000	0.052554	11.364595
182	0.603330	75000	0.052410	11.417005
183	0.601486	75000	0.052357	11.469362
184	0.599645	75000	0.052291	11.521653
185	0.597807	75000	0.052102	11.573756
186	0.595973	75000	0.052092	11.625847
187	0.594142	75000	0.051968	11.677815
188	0.592314	75000	0.051805	11.729621
189	0.590490	75000	0.051697	11.781318
190	0.588669	75000	0.051595	11.832913
191	0.586852	75000	0.051470	11.884382
192	0.585038	75000	0.051412	11.935795
193	0.583227	75000	0.051347	11.987142
194	0.581420	75000	0.051213	12.038355
195	0.579616	75000	0.051099	12.089454
196	0.577815	75000	0.050994	12.140449
197	0.576018	75000	0.050850	12.191298
198	0.574224	75000	0.050722	12.242021
199	0.572433	75000	0.050683	12.292703
200	0.570646	75000	0.050602	12.343305
201	0.568862	75000	0.050427	12.393733
202	0.567082	75000	0.050407	12.444140
203	0.565305	75000	0.050285	12.494425
204	0.563531	75000	0.050199	12.544623
205	0.561761	75000	0.050019	12.594642
206	0.559993	75000	0.049919	12.644561
207	0.558230	75000	0.049801	12.694362
208	0.556469	75000	0.049794	12.744156
209	0.554712	75000	0.049637	12.793792
210	0.552958	75000	0.049501	12.843293
211	0.551208	75000	0.049398	12.892692
212	0.549461	75000	0.049270	12.941962
213	0.547717	75000	0.049268	12.991230
214	0.545977	75000	0.049224	13.040454
215	0.544240	75000	0.049028	13.089482
216	0.542506	75000	0.048933	13.138416
217	0.540775	75000	0.048813	13.187229
218	0.539048	75000	0.048697	13.235926
219	0.537324	75000	0.048574	13.284500
220	0.535604	75000	0.048466	13.332966
221	0.533887	75000	0.048406	13.381371
222	0.532173	75000	0.048332	13.429704
223	0.530462	75000	0.048116	13.477820
224	0.528755	75000	0.048094	13.525913
225	0.527051	75000	0.047929	13.573843
226	0.525350	75000	0.047879	13.621722
227	0.523653	75000	0.047761	13.669483
228	0.521958	75000	0.047677	13.717159
229	0.520268	75000	0.047518	13.764677
230	0.518580	75000	0.047410	13.812087
231	0.516896	75000	0.047289	13.859376
232	0.515215	75000	0.047295	13.906671
233	0.513537	75000	0.047094	13.953765
234	0.511863	75000	0.046981	14.000746
235	0.510192	75000	0.046917	14.047662
236	0.508524	75000	0.046827	14.094489
237	0.506859	75000	0.046726	14.141216
238	0.505198	75000	0.046670	14.187886
239	0.503540	75000	0.046595	14.234480
240	0.501885	75000	0.046404	14.280885
241	0.500234	75000	0.046312	14.327196
242	0.498586	75000	0.046175	14.373371
243	0.496941	75000	0.046128	14.419499
244	0.495299	75000	0.046069	14.465568
245	0.493660	75000	0.045929	14.511497
246	0.492025	75000	0.045822	14.557318
247	0.490393	75000	0.045658	14.602976
248	0.488765	75000	0.045570	14.648546
249	0.487139	75000	0.045464	14.694010
250	0.485517	75000	0.045387	14.739397
251	0.483898	75000	0.045251	14.784648
252	0.482283	75000	0.045184	14.829832
253	0.480670	75000	0.045080	14.874913
254	0.479061	75000	0.044994	14.919907
255	0.477455	75000	0.044883	14.964790
256	0.475852	75000	0.044826	15.009616
257	0.474253	75000	0.044632	15.054248
258	0.472656	75000	0.044588	15.098836
259	0.471063	75000	0.044574	15.143411
260	0.469474	75000	0.044384	15.187795
261	0.467887	75000	0.044264	15.232059
262	0.466304	75000	0.044208	15.276267
263	0.464723	75000	0.044127	15.320394
264	0.463146	75000	0.043909	15.364303
265	0.461573	75000	0.043839	15.408142
266	0.460002	75000	0.043702	15.451844
267	0.458435	75000	0.043708	15.495552
268	0.456871	75000	0.043594	15.539146
269	0.455310	75000	0.043443	15.582589
270	0.453752	75000	0.043366	15.625955
271	0.452198	75000	0.043285	15.669240
272	0.450647	75000	0.043169	15.712409
273	0.449098	75000	0.043035	15.755443
274	0.447554	75000	0.042944	15.798388
275	0.446012	75000	0.042847	15.841234
276	0.444473	75000	0.042759	15.883993
277	0.442938	75000	0.042586	15.926580
278	0.441406	75000	0.042583	15.969163
279	0.439877	75000	0.042460	16.011623
280	0.438351	75000	0.042325	16.053948
281	0.436829	75000	0.042260	16.096208
282	0.435309	75000	0.042133	16.138341
283	0.433793	75000	0.042079	16.180420
284	0.432280	75000	0.041982	16.222402
285	0.430770	75000	0.041869	16.264271
286	0.429263	75000	0.041731	16.306002
287	0.427760	75000	0.041668	16.347670
288	0.426259	75000	0.041537	16.389207
289	0.424762	75000	0.041498	16.430705
290	0.423268	75000	0.041369	16.472074
291	0.421777	75000	0.041241	16.513315
292	0.420289	75000	0.041173	16.554489
293	0.418805	75000	0.041056	16.595545
294	0.417323	75000	0.040948	16.636493
295	0.415845	75000	0.040730	16.677222
296	0.414370	75000	0.040713	16.717936
297	0.412898	75000	0.040665	16.758601
298	0.411429	75000	0.040578	16.799179
299	0.409963	75000	0.040481	16.839660
300	0.408501	75000	0.040396	16.880056
301	0.407041	75000	0.040192	16.920249
302	0.405585	75000	0.040247	16.960496
303	0.404132	75000	0.040004	17.000500
304	0.402682	75000	0.040076	17.040575
305	0.401235	75000	0.039863	17.080439
306	0.399791	75000	0.039763	17.120201
307	0.398350	75000	0.039673	17.159874
308	0.396913	75000	0.039470	17.199344
309	0.395478	75000	0.039442	17.238786
310	0.394047	75000	0.039414	17.278200
311	0.392619	75000	0.039222	17.317422
312	0.391194	75000	0.039211	17.356633
313	0.389772	75000	0.039047	17.395680
314	0.388353	75000	0.038985	17.434665
315	0.386937	75000	0.038873	17.473539
316	0.385524	75000	0.038736	17.512275
317	0.384115	75000	0.038620	17.550895
318	0.382708	75000	0.038473	17.589368
319	0.381305	75000	0.038509	17.627876
320	0.379904	75000	0.038414	17.666291
321	0.378507	75000	0.038200	17.704490
322	0.377113	75000	0.038206	17.742697
323	0.375722	75000	0.038063	17.780760
324	0.374334	75000	0.037934	17.818693
325	0.372949	75000	0.037860	17.856553
326	0.371567	75000	0.037851	17.894405
327	0.370189	75000	0.037678	17.932082
328	0.368813	75000	0.037595	17.969677
329	0.367440	75000	0.037481	18.007158
330	0.366071	75000	0.037248	18.044406
331	0.364705	75000	0.037229	18.081635
332	0.363341	75000	0.037171	18.118806
333	0.361981	75000	0.037055	18.155861
334	0.360624	75000	0.037060	18.192920
335	0.359269	75000	0.036872	18.229792
336	0.357918	75000	0.036777	18.266569
337	0.356570	75000	0.036782	18.303351
338	0.355225	75000	0.036594	18.339945
339	0.353883	75000	0.036489	18.376434
340	0.352544	75000	0.036382	18.412816
341	0.351208	75000	0.036288	18.449104
342	0.349875	75000	0.036288	18.485392
343	0.348546	75000	0.036172	18.521564
344	0.347219	75000	0.036013	18.557577
345	0.345895	75000	0.035994	18.593571
346	0.344574	75000	0.035851	18.629422
347	0.343257	75000	0.035802	18.665224
348	0.341942	75000	0.035634	18.700858
349	0.340630	75000	0.035507	18.736364
350	0.339322	75000	0.035449	18.771814
351	0.338016	75000	0.035354	18.807168
352	0.336714	75000	0.035186	18.842353
353	0.335414	75000	0.035081	18.877434
354	0.334118	75000	0.034936	18.912370
355	0.332824	75000	0.034998	18.947369
356	0.331534	75000	0.034979	18.982348
357	0.330246	75000	0.034740	19.017087
358	0.328962	75000	0.034673	19.051761
359	0.327680	75000	0.034666	19.086427
360	0.326401	75000	0.034460	19.120887
361	0.325126	75000	0.034326	19.155213
362	0.323853	75000	0.034288	19.189501
363	0.322584	75000	0.034298	19.223798
364	0.321317	75000	0.034148	19.257946
365	0.320054	75000	0.033931	19.291877
366	0.318793	75000	0.033852	19.325729
367	0.317536	75000	0.033845	19.359574
368	0.316281	75000	0.033676	19.393250
369	0.315030	75000	0.033696	19.426946
370	0.313781	75000	0.033633	19.460578
371	0.312535	75000	0.033333	19.493911
372	0.311293	75000	0.033341	19.527252
373	0.310053	75000	0.033224	19.560476
374	0.308816	75000	0.033039	19.593515
375	0.307582	75000	0.032992	19.626507
376	0.306352	75000	0.032961	19.659468
377	0.305124	75000	0.032852	19.692320
378	0.303899	75000	0.032797	19.725117
379	0.302677	75000	0.032674	19.757791
380	0.301458	75000	0.032486	19.790277
381	0.300242	75000	0.032457	19.822734
382	0.299029	75000	0.032240	19.854974
383	0.297819	75000	0.032275	19.887249
384	0.296611	75000	0.032126	19.919375
385	0.295407	75000	0.032097	19.951472
386	0.294206	75000	0.031971	19.983443
387	0.293007	75000	0.031820	20.015264
388	0.291812	75000	0.031814	20.047078
389	0.290619	75000	0.031653	20.078731
390	0.289430	75000	0.031568	20.110300
391	0.288243	75000	0.031430	20.141730
392	0.287059	75000	0.031380	20.173110
393	0.285879	75000	0.031263	20.204372
394	0.284701	75000	0.031229	20.235602
395	0.283526	75000	0.031158	20.266760
396	0.282354	75000	0.030998	20.297758
397	0.281184	75000	0.030922	20.328679
398	0.280018	75000	0.030805	20.359484
399	0.278855	75000	0.030721	20.390206
400	0.277694	75000	0.030613	20.420819
401	0.276537	75000	0.030530	20.451348
402	0.275382	75000	0.030527	20.481875
403	0.274230	75000	0.030387	20.512262
404	0.273082	75000	0.030213	20.542475
405	0.271936	75000	0.030137	20.572613
406	0.270793	75000	0.030045	20.602657
407	0.269652	75000	0.029994	20.632651
408	0.268515	75000	0.029874	20.662525
409	0.267381	75000	0.029678	20.692203
410	0.266249	75000	0.029617	20.721820
411	0.265121	75000	0.029565	20.751385
412	0.263995	75000	0.029502	20.780886
413	0.262872	75000	0.029451	20.810337
414	0.261752	75000	0.029350	20.839687
415	0.260635	75000	0.029257	20.868944
416	0.259520	75000	0.029189	20.898133
417	0.258409	75000	0.028887	20.927020
418	0.257300	75000	0.028910	20.955930
419	0.256195	75000	0.028876	20.984806
420	0.255092	75000	0.028687	21.013493
421	0.253992	75000	0.028598	21.042090
422	0.252895	75000	0.028505	21.070595
423	0.251800	75000	0.028450	21.099045
424	0.250709	75000	0.028283	21.127327
425	0.249620	75000	0.028219	21.155547
426	0.248534	75000	0.028183	21.183730
427	0.247451	75000	0.028106	21.211836
428	0.246371	75000	0.028118	21.239954
429	0.245294	75000	0.027845	21.267799
430	0.244220	75000	0.027860	21.295658
431	0.243148	75000	0.027634	21.323292
432	0.242079	75000	0.027735	21.351027
433	0.241013	75000	0.027515	21.378543
434	0.239950	75000	0.027401	21.405944
435	0.238890	75000	0.027255	21.433198
436	0.237832	75000	0.027160	21.460358
437	0.236778	75000	0.027158	21.487517
438	0.235726	75000	0.027113	21.514629
439	0.234677	75000	0.026923	21.541552
440	0.233630	75000	0.026842	21.568394
441	0.232587	75000	0.026700	21.595094
442	0.231546	75000	0.026714	21.621808
443	0.230509	75000	0.026526	21.648334
444	0.229473	75000	0.026513	21.674847
445	0.228441	75000	0.026421	21.701268
446	0.227412	75000	0.026200	21.727468
447	0.226385	75000	0.026195	21.753663
448	0.225361	75000	0.026007	21.779671
449	0.224340	75000	0.025974	21.805645
450	0.223322	75000	0.025942	21.831587
451	0.222306	75000	0.025800	21.857387
452	0.221293	75000	0.025747	21.883134
453	0.220283	75000	0.025640	21.908774
454	0.219276	75000	0.025608	21.934382
455	0.218272	75000	0.025409	21.959791
456	0.217270	75000	0.025373	21.985164
457	0.216271	75000	0.025245	22.010409
458	0.215275	75000	0.025206	22.035615
459	0.214281	75000	0.025101	22.060716
460	0.213291	75000	0.024929	22.085645
461	0.212303	75000	0.024940	22.110586
462	0.211318	75000	0.024730	22.135316
463	0.210335	75000	0.024821	22.160137
464	0.209356	75000	0.024611	22.184748
465	0.208379	75000	0.024750	22.209498
466	0.207404	75000	0.024542	22.234040
467	0.206433	75000	0.024269	22.258309
468	0.205464	75000	0.024179	22.282488
469	0.204498	75000	0.024202	22.306690
470	0.203535	75000	0.024034	22.330724
471	0.202575	75000	0.023962	22.354686
472	0.201617	75000	0.023956	22.378642
473	0.200662	75000	0.023779	22.402421
474	0.199709	75000	0.023711	22.426132
475	0.198760	75000	0.023639	22.449771
476	0.197813	75000	0.023497	22.473267
477	0.196869	75000	0.023450	22.496717
478	0.195927	75000	0.023397	22.520114
479	0.194988	75000	0.023321	22.543435
480	0.194052	75000	0.023154	22.566589
481	0.193119	75000	0.023021	22.589610
482	0.192188	75000	0.023012	22.612622
483	0.191260	75000	0.022976	22.635598
484	0.190335	75000	0.022719	22.658317
485	0.189412	75000	0.022668	22.680985
486	0.188492	75000	0.022497	22.703482
487	0.187575	75000	0.022583	22.726065
488	0.186660	75000	0.022373	22.748438
489	0.185749	75000	0.022379	22.770817
490	0.184839	75000	0.022287	22.793104
491	0.183933	75000	0.022236	22.815341
492	0.183029	75000	0.022124	22.837465
493	0.182128	75000	0.021955	22.859420
494	0.181229	75000	0.021959	22.881378
495	0.180333	75000	0.021843	22.903222
496	0.179440	75000	0.021648	22.924870
497	0.178550	75000	0.021626	22.946496
498	0.177662	75000	0.021499	22.967995
499	0.176777	75000	0.021411	22.989406
500	0.175894	75000	0.021239	23.010645
501	0.175014	75000	0.021290	23.031935
502	0.174137	75000	0.021153	23.053088
503	0.173262	75000	0.021088	23.074176
504	0.172390	75000	0.021080	23.095256
505	0.171521	75000	0.020877	23.116133
506	0.170654	75000	0.020843	23.136976
507	0.169790	75000	0.020698	23.157674
508	0.168929	75000	0.020474	23.178149
509	0.168070	75000	0.020653	23.198802
510	0.167214	75000	0.020432	23.219233
511	0.166360	75000	0.020471	23.239704
512	0.165509	75000	0.020324	23.260028
513	0.164661	75000	0.020310	23.280338
514	0.163815	75000	0.020089	23.300427
515	0.162972	75000	0.019850	23.320277
516	0.162132	75000	0.019928	23.340204
517	0.161294	75000	0.019782	23.359986
518	0.160458	75000	0.019843	23.379829
519	0.159626	75000	0.019656	23.399484
520	0.158796	75000	0.019525	23.419009
521	0.157968	75000	0.019552	23.438561
522	0.157143	75000	0.019372	23.457933
523	0.156321	75000	0.019126	23.477059
524	0.155501	75000	0.019153	23.496213
525	0.154684	75000	0.019134	23.515346
526	0.153870	75000	0.018951	23.534297
527	0.153058	75000	0.018819	23.553116
528	0.152248	75000	0.018742	23.571858
529	0.151441	75000	0.018725	23.590583
530	0.150637	75000	0.018625	23.609208
531	0.149835	75000	0.018532	23.627740
532	0.149036	75000	0.018445	23.646185
533	0.148240	75000	0.018391	23.664576
534	0.147446	75000	0.018389	23.682965
535	0.146654	75000	0.018128	23.701093
536	0.145865	75000	0.018079	23.719171
537	0.145079	75000	0.017890	23.737061
538	0.144295	75000	0.017973	23.755034
539	0.143514	75000	0.017786	23.772820
540	0.142735	75000	0.017519	23.790338
541	0.141959	75000	0.017661	23.807999
542	0.141186	75000	0.017552	23.825552
543	0.140415	75000	0.017468	23.843020
544	0.139646	75000	0.017248	23.860268
545	0.138880	75000	0.017250	23.877518
546	0.138116	75000	0.017212	23.894731
547	0.137356	75000	0.017085	23.911816
548	0.136597	75000	0.016950	23.928766
549	0.135841	75000	0.016867	23.945633
550	0.135088	75000	0.016774	23.962407
551	0.134337	75000	0.016728	23.979135
552	0.133588	75000	0.016568	23.995703
553	0.132843	75000	0.016603	24.012306
554	0.132099	75000	0.016506	24.028812
555	0.131358	75000	0.016355	24.045167
556	0.130620	75000	0.016308	24.061475
557	0.129884	75000	0.016241	24.077716
558	0.129151	75000	0.016036	24.093752
559	0.128420	75000	0.015943	24.109696
560	0.127691	75000	0.015918	24.125614
561	0.126965	75000	0.015892	24.141505
562	0.126242	75000	0.015699	24.157205
563	0.125521	75000	0.015691	24.172895
564	0.124802	75000	0.015697	24.188592
565	0.124086	75000	0.015438	24.204030
566	0.123373	75000	0.015464	24.219494
567	0.122662	75000	0.015208	24.234702
568	0.121953	75000	0.015264	24.249966
569	0.121247	75000	0.015130	24.265097
570	0.120543	75000	0.015148	24.280244
571	0.119842	75000	0.014794	24.295038
572	0.119143	75000	0.014964	24.310003
573	0.118447	75000	0.014654	24.324657
574	0.117753	75000	0.014668	24.339325
575	0.117062	75000	0.014664	24.353989
576	0.116373	75000	0.014411	24.368400
577	0.115686	75000	0.014374	24.382774
578	0.115002	75000	0.014271	24.397044
579	0.114320	75000	0.014271	24.411315
580	0.113641	75000	0.014195	24.425510
581	0.112964	75000	0.014120	24.439630
582	0.112290	75000	0.014002	24.453632
583	0.111618	75000	0.013837	24.467469
584	0.110948	75000	0.013972	24.481440
585	0.110281	75000	0.013583	24.495023
586	0.109616	75000	0.013452	24.508475
587	0.108954	75000	0.013457	24.521932
588	0.108294	75000	0.013310	24.535242
589	0.107637	75000	0.013274	24.548516
590	0.106981	75000	0.013260	24.561776
591	0.106329	75000	0.013159	24.574934
592	0.105678	75000	0.013101	24.588036
593	0.105030	75000	0.012989	24.601025
594	0.104385	75000	0.012839	24.613863
595	0.103742	75000	0.012631	24.626495
596	0.103101	75000	0.012610	24.639104
597	0.102463	75000	0.012519	24.651623
598	0.101827	75000	0.012461	24.664084
599	0.101193	75000	0.012578	24.676662
600	0.100562	75000	0.012302	24.688964
601	0.099933	75000	0.012103	24.701067
602	0.099306	75000	0.012129	24.713197
603	0.098682	75000	0.012031	24.725228
604	0.098060	75000	0.011858	24.737086
605	0.097441	75000	0.011909	24.748995
606	0.096824	75000	0.011792	24.760788
607	0.096209	75000	0.011645	24.772433
608	0.095596	75000	0.011443	24.783876
609	0.094986	75000	0.011458	24.795334
610	0.094379	75000	0.011461	24.806795
611	0.093773	75000	0.011320	24.818114
612	0.093170	75000	0.011265	24.829379
613	0.092570	75000	0.011167	24.840547
614	0.091971	75000	0.010977	24.851524
615	0.091375	75000	0.011084	24.862608
616	0.090781	75000	0.010944	24.873552
617	0.090190	75000	0.010709	24.884261
618	0.089601	75000	0.010744	24.895006
619	0.089014	75000	0.010633	24.905639
620	0.088430	75000	0.010490	24.916129
621	0.087848	75000	0.010280	24.926409
622	0.087268	75000	0.010360	24.936769
623	0.086690	75000	0.010176	24.946946
624	0.086115	75000	0.010088	24.957034
625	0.085542	75000	0.010190	24.967224
626	0.084971	75000	0.009810	24.977034
627	0.084403	75000	0.009862	24.986896
628	0.083837	75000	0.009710	24.996605
629	0.083273	75000	0.009691	25.006296
630	0.082712	75000	0.009639	25.015935
631	0.082152	75000	0.009561	25.025497
632	0.081595	75000	0.009361	25.034857
633	0.081041	75000	0.009231	25.044088
634	0.080488	75000	0.009212	25.053300
635	0.079938	75000	0.009140	25.062440
636	0.079390	75000	0.009102	25.071542
637	0.078845	75000	0.008814	25.080356
638	0.078301	75000	0.008767	25.089123
639	0.077760	75000	0.008843	25.097967
640	0.077221	75000	0.008629	25.106596
641	0.076684	75000	0.008451	25.115047
642	0.076150	75000	0.008476	25.123523
643	0.075618	75000	0.008253	25.131776
644	0.075088	75000	0.008184	25.139960
645	0.074560	75000	0.008237	25.148197
646	0.074035	75000	0.008127	25.156324
647	0.073512	75000	0.008060	25.164384
648	0.072991	75000	0.007892	25.172276
649	0.072472	75000	0.007800	25.180076
650	0.071955	75000	0.007629	25.187705
651	0.071441	75000	0.007649	25.195354
652	0.070929	75000	0.007418	25.202773
653	0.070419	75000	0.007569	25.210342
654	0.069911	75000	0.007094	25.217436
655	0.069406	75000	0.007171	25.224607
656	0.068903	75000	0.007124	25.231731
657	0.068401	75000	0.007076	25.238807
658	0.067903	75000	0.006674	25.245481
659	0.067406	75000	0.006854	25.252335
660	0.066911	75000	0.006630	25.258965
661	0.066419	75000	0.006739	25.265704
662	0.065929	75000	0.006384	25.272088
663	0.065441	75000	0.006438	25.278526
664	0.064955	75000	0.006465	25.284991
665	0.064471	75000	0.006356	25.291348
666	0.063990	75000	0.006260	25.297607
667	0.063510	75000	0.006018	25.303625
668	0.063033	75000	0.006064	25.309689
669	0.062558	75000	0.005928	25.315617
670	0.062085	75000	0.005870	25.321487
671	0.061615	75000	0.005753	25.327240
672	0.061146	75000	0.005589	25.332829
673	0.060680	75000	0.005501	25.338330
674	0.060216	75000	0.005563	25.343893
675	0.059753	75000	0.005332	25.349224
676	0.059293	75000	0.005447	25.354671
677	0.058836	75000	0.005130	25.359801
678	0.058380	75000	0.005184	25.364985
679	0.057926	75000	0.004749	25.369734
680	0.057475	75000	0.004818	25.374552
681	0.057025	75000	0.004531	25.379083
682	0.056578	75000	0.004561	25.383644
683	0.056133	75000	0.004491	25.388135
684	0.055690	75000	0.004406	25.392541
685	0.055249	75000	0.004402	25.396943
686	0.054810	75000	0.004121	25.401064
687	0.054373	75000	0.004101	25.405165
688	0.053939	75000	0.004174	25.409339
689	0.053506	75000	0.003983	25.413322
690	0.053076	75000	0.003806	25.417128
691	0.052647	75000	0.003733	25.420861
692	0.052221	75000	0.003797	25.424658
693	0.051797	75000	0.003525	25.428183
694	0.051375	75000	0.003389	25.431571
695	0.050955	75000	0.003416	25.434988
696	0.050537	75000	0.003296	25.438284
697	0.050121	75000	0.003203	25.441487
698	0.049707	75000	0.003081	25.444567
699	0.049295	75000	0.002842	25.447410
700	0.048885	75000	0.002782	25.450191
701	0.048478	75000	0.002617	25.452809
702	0.048072	75000	0.002530	25.455338
703	0.047668	75000	0.002573	25.457912
704	0.047267	75000	0.002536	25.460448
705	0.046867	75000	0.002489	25.462936
706	0.046470	75000	0.002276	25.465212
707	0.046074	75000	0.002093	25.467305
708	0.045681	75000	0.001806	25.469111
709	0.045289	75000	0.001789	25.470900
710	0.044900	75000	0.001796	25.472696
711	0.044512	75000	0.001761	25.474457
712	0.044127	75000	0.001270	25.475727
713	0.043744	75000	0.001261	25.476988
714	0.043362	75000	0.001301	25.478290
715	0.042983	75000	0.001294	25.479584
716	0.042606	75000	0.001161	25.480745
717	0.042230	75000	0.000664	25.481409
718	0.041857	75000	0.000819	25.482229
719	0.041485	75000	0.000836	25.483065
720	0.041116	75000	0.000602	25.483667
721	0.040749	75000	0.000510	25.484177
722	0.040383	75000	0.000417	25.484594
723	0.040020	75000	0.000247	25.484841
724	0.039658	75000	0.000142	25.484983
725	0.039299	75000	0.000061	25.485044
726	0.038941	75000	0.000195	25.485239
727	0.038585	75000	-0.000155	25.485083
728	0.038232	75000	-0.000087	25.484996
729	0.037880	75000	-0.000634	25.484363
730	0.037530	75000	-0.000342	25.484020
731	0.037182	75000	-0.000299	25.483721
732	0.036836	75000	-0.000815	25.482906
733	0.036493	75000	-0.000816	25.482090
734	0.036151	75000	-0.000941	25.481150
735	0.035810	75000	-0.000961	25.480188
736	0.035472	75000	-0.001073	25.479115
737	0.035136	75000	-0.001367	25.477749
738	0.034802	75000	-0.001704	25.476045
739	0.034469	75000	-0.001567	25.474477
740	0.034139	75000	-0.001669	25.472809
741	0.033810	75000	-0.001613	25.471196
742	0.033484	75000	-0.001805	25.469391
743	0.033159	75000	-0.002443	25.466948
744	0.032836	75000	-0.002448	25.464500
745	0.032515	75000	-0.002519	25.461981
746	0.032196	75000	-0.002472	25.459509
747	0.031879	75000	-0.002647	25.456863
748	0.031563	75000	-0.002791	25.454071
749	0.031250	75000	-0.003021	25.451050
750	0.030938	75000	-0.002853	25.448197
751	0.030629	75000	-0.003263	25.444934
752	0.030321	75000	-0.003186	25.441747
753	0.030015	75000	-0.003281	25.438466
754	0.029711	75000	-0.003360	25.435106
755	0.029409	75000	-0.003501	25.431605
756	0.029108	75000	-0.003878	25.427727
757	0.028810	75000	-0.003637	25.424090
758	0.028513	75000	-0.004287	25.419804
759	0.028218	75000	-0.004247	25.415556
760	0.027925	75000	-0.004288	25.411269
761	0.027634	75000	-0.004768	25.406501
762	0.027345	75000	-0.004454	25.402047
763	0.027057	75000	-0.004998	25.397048
764	0.026771	75000	-0.004975	25.392073
765	0.026487	75000	-0.005165	25.386908
766	0.026205	75000	-0.005260	25.381648
767	0.025925	75000	-0.005448	25.376200
768	0.025647	75000	-0.005788	25.370412
769	0.025370	75000	-0.005914	25.364498
770	0.025095	75000	-0.006040	25.358457
771	0.024822	75000	-0.006111	25.352346
772	0.024551	75000	-0.006360	25.345986
773	0.024281	75000	-0.006303	25.339682
774	0.024014	75000	-0.006644	25.333039
775	0.023748	75000	-0.006944	25.326095
776	0.023483	75000	-0.006930	25.319165
777	0.023221	75000	-0.007175	25.311990
778	0.022960	75000	-0.007472	25.304517
779	0.022702	75000	-0.007827	25.296690
780	0.022445	75000	-0.008033	25.288656
781	0.022189	75000	-0.007780	25.280876
782	0.021936	75000	-0.007853	25.273023
783	0.021684	75000	-0.008494	25.264529
784	0.021434	75000	-0.008348	25.256181
785	0.021185	75000	-0.009145	25.247036
786	0.020939	75000	-0.009046	25.237989
787	0.020694	75000	-0.009132	25.228857
788	0.020451	75000	-0.009049	25.219809
789	0.020209	75000	-0.009791	25.210018
790	0.019969	75000	-0.009645	25.200373
791	0.019731	75000	-0.009822	25.190551
792	0.019495	75000	-0.010036	25.180514
793	0.019261	75000	-0.010883	25.169631
794	0.019028	75000	-0.010784	25.158847
795	0.018796	75000	-0.010611	25.148236
796	0.018567	75000	-0.011323	25.136913
797	0.018339	75000	-0.011455	25.125458
798	0.018113	75000	-0.011339	25.114119
799	0.017889	75000	-0.011402	25.102717
800	0.017666	75000	-0.011803	25.090914
801	0.017445	75000	-0.011895	25.079019
802	0.017225	75000	-0.012690	25.066329
803	0.017007	75000	-0.012696	25.053633
804	0.016791	75000	-0.013061	25.040572
805	0.016577	75000	-0.013312	25.027260
806	0.016364	75000	-0.013748	25.013512
807	0.016153	75000	-0.013759	24.999754
808	0.015943	75000	-0.014126	24.985628
809	0.015736	75000	-0.014433	24.971195
810	0.015529	75000	-0.014298	24.956897
811	0.015325	75000	-0.014516	24.942380
812	0.015122	75000	-0.016160	24.926220
813	0.014920	75000	-0.015418	24.910802
814	0.014721	75000	-0.017400	24.893402
815	0.014523	75000	-0.015883	24.877519
816	0.014326	75000	-0.017074	24.860445
817	0.014131	75000	-0.016755	24.843690
818	0.013938	75000	-0.017881	24.825809
819	0.013746	75000	-0.017814	24.807995
820	0.013556	75000	-0.018292	24.789703
821	0.013367	75000	-0.017947	24.771756
822	0.013181	75000	-0.020415	24.751341
823	0.012995	75000	-0.019204	24.732137
824	0.012811	75000	-0.019577	24.712559
825	0.012629	75000	-0.020137	24.692423
826	0.012448	75000	-0.020833	24.671589
827	0.012269	75000	-0.021562	24.650028
828	0.012092	75000	-0.021363	24.628664
829	0.011916	75000	-0.022769	24.605895
830	0.011741	75000	-0.022894	24.583001
831	0.011568	75000	-0.022110	24.560891
832	0.011397	75000	-0.022578	24.538313
833	0.011227	75000	-0.024521	24.513792
834	0.011059	75000	-0.025153	24.488639
835	0.010892	75000	-0.023773	24.464866
836	0.010727	75000	-0.025149	24.439717
837	0.010563	75000	-0.026551	24.413166
838	0.010401	75000	-0.025777	24.387389
839	0.010240	75000	-0.027775	24.359614
840	0.010081	75000	-0.028449	24.331165
841	0.009923	75000	-0.029849	24.301315
842	0.009767	75000	-0.030902	24.270414
843	0.009612	75000	-0.029849	24.240565
844	0.009459	75000	-0.032417	24.208148
845	0.009307	75000	-0.036579	24.171569
846	0.009156	75000	-0.033216	24.138353
847	0.009008	75000	-0.036223	24.102131
848	0.008860	75000	-0.036139	24.065991
849	0.008714	75000	-0.035191	24.030800
850	0.008570	75000	-0.037904	23.992896
851	0.008427	75000	-0.038865	23.954031
852	0.008285	75000	-0.041105	23.912926
853	0.008145	75000	-0.040715	23.872212
854	0.008006	75000	-0.043104	23.829107
855	0.007869	75000	-0.042504	23.786603
856	0.007733	75000	-0.044239	23.742364
857	0.007598	75000	-0.046919	23.695445
858	0.007465	75000	-0.048912	23.646533
859	0.007334	75000	-0.048150	23.598384
860	0.007203	75000	-0.053224	23.545159
861	0.007075	75000	-0.050549	23.494610
862	0.006947	75000	-0.054873	23.439737
863	0.006821	75000	-0.053864	23.385872
864	0.006696	75000	-0.054846	23.331026
865	0.006573	75000	-0.056327	23.274700
866	0.006451	75000	-0.058583	23.216117
867	0.006330	75000	-0.063766	23.152351
868	0.006211	75000	-0.062948	23.089403
869	0.006093	75000	-0.062011	23.027392
870	0.005977	75000	-0.066761	22.960631
871	0.005862	75000	-0.066998	22.893633
872	0.005748	75000	-0.068003	22.825630
873	0.005635	75000	-0.069974	22.755656
874	0.005524	75000	-0.072796	22.682860
875	0.005414	75000	-0.074399	22.608461
876	0.005306	75000	-0.074250	22.534211
877	0.005199	75000	-0.077921	22.456290
878	0.005093	75000	-0.078343	22.377947
879	0.004988	75000	-0.079298	22.298649
880	0.004885	75000	-0.081079	22.217570
881	0.004783	75000	-0.084325	22.133245
882	0.004682	75000	-0.084354	22.048891
883	0.004583	75000	-0.085343	21.963548
884	0.004485	75000	-0.087572	21.875975
885	0.004388	75000	-0.088106	21.787869
886	0.004292	75000	-0.090431	21.697438
887	0.004198	75000	-0.090944	21.606493
888	0.004105	75000	-0.090324	21.516170
889	0.004013	75000	-0.094026	21.422144
890	0.003923	75000	-0.093691	21.328452
891	0.003833	75000	-0.094090	21.234362
892	0.003745	75000	-0.094584	21.139778
893	0.003658	75000	-0.094588	21.045190
894	0.003573	75000	-0.096484	20.948706
895	0.003488	75000	-0.096904	20.851803
896	0.003405	75000	-0.098505	20.753298
897	0.003323	75000	-0.096438	20.656860
898	0.003242	75000	-0.097525	20.559335
899	0.003162	75000	-0.097532	20.461803
900	0.003084	75000	-0.098551	20.363252
901	0.003007	75000	-0.097174	20.266077
902	0.002930	75000	-0.096324	20.169754
903	0.002855	75000	-0.098623	20.071131
904	0.002782	75000	-0.098494	19.972636
905	0.002709	75000	-0.095922	19.876714
906	0.002638	75000	-0.097025	19.779689
907	0.002567	75000	-0.097412	19.682277
908	0.002498	75000	-0.096478	19.585798
909	0.002430	75000	-0.095731	19.490067
910	0.002363	75000	-0.095049	19.395018
911	0.002297	75000	-0.095568	19.299449
912	0.002233	75000	-0.094336	19.205114
913	0.002169	75000	-0.092717	19.112397
914	0.002106	75000	-0.092175	19.020221
915	0.002045	75000	-0.092360	18.927861
916	0.001985	75000	-0.090880	18.836981
917	0.001925	75000	-0.089209	18.747772
918	0.001867	75000	-0.089148	18.658624
919	0.001810	75000	-0.088123	18.570500
920	0.001754	75000	-0.086702	18.483798
921	0.001699	75000	-0.085452	18.398347
922	0.001645	75000	-0.084679	18.313668
923	0.001592	75000	-0.083672	18.229996
924	0.001540	75000	-0.082715	18.147281
925	0.001490	75000	-0.081424	18.065857
926	0.001440	75000	-0.079947	17.985910
927	0.001391	75000	-0.078823	17.907087
928	0.001343	75000	-0.077272	17.829815
929	0.001296	75000	-0.076726	17.753089
930	0.001251	75000	-0.075473	17.677616
931	0.001206	75000	-0.074313	17.603303
932	0.001162	75000	-0.072134	17.531169
933	0.001119	75000	-0.071340	17.459829
934	0.001077	75000	-0.070211	17.389619
935	0.001036	75000	-0.068458	17.321161
936	0.000996	75000	-0.067141	17.254020
937	0.000957	75000	-0.065973	17.188047
938	0.000919	75000	-0.064447	17.123601
939	0.000882	75000	-0.063234	17.060367
940	0.000846	75000	-0.061798	16.998569
941	0.000810	75000	-0.060392	16.938177
942	0.000776	75000	-0.059110	16.879067
943	0.000742	75000	-0.057451	16.821616
944	0.000709	75000	-0.056182	16.765433
945	0.000678	75000	-0.054700	16.710734
946	0.000647	75000	-0.053490	16.657244
947	0.000617	75000	-0.052177	16.605067
948	0.000587	75000	-0.050961	16.554105
949	0.000559	75000	-0.049609	16.504496
950	0.000531	75000	-0.048053	16.456443
951	0.000505	75000	-0.046883	16.409560
952	0.000479	75000	-0.045453	16.364107
953	0.000454	75000	-0.044132	16.319975
954	0.000430	75000	-0.042805	16.277169
955	0.000406	75000	-0.041364	16.235805
956	0.000383	75000	-0.040034	16.195771
957	0.000362	75000	-0.038912	16.156860
958	0.000340	75000	-0.037258	16.119601
959	0.000320	75000	-0.036000	16.083602
960	0.000300	75000	-0.034865	16.048736
961	0.000281	75000	-0.033671	16.015065
962	0.000263	75000	-0.032275	15.982791
963	0.000246	75000	-0.031156	15.951635
964	0.000229	75000	-0.029828	15.921806
965	0.000213	75000	-0.028634	15.893172
966	0.000198	75000	-0.027470	15.865703
967	0.000183	75000	-0.026188	15.839515
968	0.000169	75000	-0.025032	15.814483
969	0.000156	75000	-0.023874	15.790609
970	0.000143	75000	-0.022736	15.767873
971	0.000131	75000	-0.021573	15.746299
972	0.000120	75000	-0.020443	15.725857
973	0.000109	75000	-0.019447	15.706410
974	0.000099	75000	-0.018283	15.688127
975	0.000089	75000	-0.017247	15.670880
976	0.000080	75000	-0.016227	15.654654
977	0.000072	75000	-0.015227	15.639427
978	0.000064	75000	-0.014196	15.625230
979	0.000057	75000	-0.013259	15.611972
980	0.000050	75000	-0.012295	15.599676
981	0.000043	75000	-0.011397	15.588280
982	0.000038	75000	-0.010462	15.577817
983	0.000032	75000	-0.009597	15.568220
984	0.000028	75000	-0.008706	15.559514
985	0.000023	75000	-0.007886	15.551629
986	0.000019	75000	-0.007113	15.544515
987	0.000016	75000	-0.006335	15.538180
988	0.000013	75000	-0.005569	15.532612
989	0.000010	75000	-0.004860	15.527752
990	0.000008	75000	-0.004171	15.523581
991	0.000006	75000	-0.003545	15.520036
992	0.000004	75000	-0.002935	15.517101
993	0.000003	75000	-0.002380	15.514721
994	0.000002	75000	-0.001844	15.512877
995	0.000001	75000	-0.001371	15.511506
996	0.000000	75000	-0.000941	15.510565
997	0.000000	75000	-0.000569	15.509996
998	0.000000	75000	-0.000267	15.509729
999	0.000000	75000	-0.000057	15.509672
Log marginal likelihood:	15.509672
