Steppingstone sampler:
        No Stones:                  1000
        Start It:                   10000001
        It Per Stone:               100000
        Sample Freq:                1
        Dist:                       Beta(0.400000,1.000000)
Stone No	Power	N	Stone MLh	Running MLh
0	0.997502	75000	-0.275749	-0.275749
1	0.995007	75000	-0.275358	-0.551107
2	0.992517	75000	-0.274987	-0.826094
3	0.990030	75000	-0.274589	-1.100683
4	0.987547	75000	-0.274212	-1.374895
5	0.985067	75000	-0.273752	-1.648646
6	0.982592	75000	-0.273287	-1.921933
7	0.980120	75000	-0.272929	-2.194862
8	0.977652	75000	-0.272549	-2.467411
9	0.975187	75000	-0.272104	-2.739515
10	0.972726	75000	-0.271690	-3.011204
11	0.970269	75000	-0.271315	-3.282519
12	0.967816	75000	-0.270916	-3.553435
13	0.965367	75000	-0.270445	-3.823881
14	0.962921	75000	-0.270052	-4.093933
15	0.960479	75000	-0.269727	-4.363660
16	0.958040	75000	-0.269319	-4.632979
17	0.955606	75000	-0.268872	-4.901851
18	0.953175	75000	-0.268511	-5.170361
19	0.950747	75000	-0.268064	-5.438425
20	0.948324	75000	-0.267598	-5.706023
21	0.945904	75000	-0.267261	-5.973284
22	0.943488	75000	-0.266809	-6.240093
23	0.941076	75000	-0.266480	-6.506572
24	0.938667	75000	-0.266098	-6.772671
25	0.936262	75000	-0.265694	-7.038365
26	0.933861	75000	-0.265250	-7.303615
27	0.931463	75000	-0.264821	-7.568436
28	0.929069	75000	-0.264426	-7.832863
29	0.926679	75000	-0.264059	-8.096921
30	0.924293	75000	-0.263640	-8.360562
31	0.921910	75000	-0.263238	-8.623799
32	0.919531	75000	-0.262842	-8.886641
33	0.917155	75000	-0.262470	-9.149112
34	0.914783	75000	-0.262071	-9.411183
35	0.912415	75000	-0.261675	-9.672858
36	0.910051	75000	-0.261217	-9.934075
37	0.907690	75000	-0.260763	-10.194838
38	0.905333	75000	-0.260428	-10.455267
39	0.902980	75000	-0.260080	-10.715347
40	0.900630	75000	-0.259614	-10.974962
41	0.898284	75000	-0.259294	-11.234255
42	0.895942	75000	-0.258881	-11.493137
43	0.893603	75000	-0.258417	-11.751554
44	0.891268	75000	-0.258074	-12.009628
45	0.888937	75000	-0.257655	-12.267283
46	0.886609	75000	-0.257292	-12.524575
47	0.884285	75000	-0.256857	-12.781432
48	0.881965	75000	-0.256459	-13.037891
49	0.879648	75000	-0.256036	-13.293927
50	0.877335	75000	-0.255678	-13.549604
51	0.875026	75000	-0.255242	-13.804847
52	0.872720	75000	-0.254875	-14.059722
53	0.870418	75000	-0.254413	-14.314136
54	0.868120	75000	-0.254138	-14.568273
55	0.865825	75000	-0.253716	-14.821990
56	0.863534	75000	-0.253284	-15.075274
57	0.861246	75000	-0.252891	-15.328165
58	0.858962	75000	-0.252450	-15.580614
59	0.856682	75000	-0.252074	-15.832688
60	0.854405	75000	-0.251712	-16.084400
61	0.852132	75000	-0.251321	-16.335721
62	0.849863	75000	-0.250928	-16.586650
63	0.847597	75000	-0.250556	-16.837205
64	0.845335	75000	-0.250175	-17.087381
65	0.843077	75000	-0.249790	-17.337170
66	0.840822	75000	-0.249415	-17.586585
67	0.838571	75000	-0.249014	-17.835598
68	0.836323	75000	-0.248607	-18.084205
69	0.834079	75000	-0.248115	-18.332320
70	0.831839	75000	-0.247702	-18.580022
71	0.829602	75000	-0.247393	-18.827415
72	0.827369	75000	-0.246966	-19.074381
73	0.825140	75000	-0.246626	-19.321007
74	0.822914	75000	-0.246210	-19.567217
75	0.820691	75000	-0.245829	-19.813046
76	0.818473	75000	-0.245354	-20.058400
77	0.816258	75000	-0.244981	-20.303381
78	0.814046	75000	-0.244608	-20.547989
79	0.811838	75000	-0.244253	-20.792243
80	0.809634	75000	-0.243820	-21.036063
81	0.807433	75000	-0.243432	-21.279495
82	0.805236	75000	-0.243034	-21.522529
83	0.803043	75000	-0.242709	-21.765238
84	0.800853	75000	-0.242379	-22.007617
85	0.798667	75000	-0.241885	-22.249502
86	0.796484	75000	-0.241507	-22.491009
87	0.794305	75000	-0.241147	-22.732156
88	0.792129	75000	-0.240730	-22.972886
89	0.789957	75000	-0.240322	-23.213208
90	0.787789	75000	-0.239988	-23.453196
91	0.785624	75000	-0.239620	-23.692816
92	0.783463	75000	-0.239180	-23.931995
93	0.781305	75000	-0.238766	-24.170762
94	0.779151	75000	-0.238411	-24.409173
95	0.777000	75000	-0.238018	-24.647191
96	0.774853	75000	-0.237601	-24.884792
97	0.772710	75000	-0.237243	-25.122035
98	0.770570	75000	-0.236839	-25.358874
99	0.768433	75000	-0.236444	-25.595318
100	0.766301	75000	-0.236094	-25.831412
101	0.764172	75000	-0.235698	-26.067110
102	0.762046	75000	-0.235352	-26.302462
103	0.759924	75000	-0.234931	-26.537393
104	0.757805	75000	-0.234579	-26.771972
105	0.755690	75000	-0.234178	-27.006149
106	0.753579	75000	-0.233785	-27.239934
107	0.751471	75000	-0.233438	-27.473372
108	0.749366	75000	-0.232986	-27.706359
109	0.747266	75000	-0.232618	-27.938976
110	0.745168	75000	-0.232292	-28.171269
111	0.743075	75000	-0.231894	-28.403162
112	0.740984	75000	-0.231444	-28.634607
113	0.738898	75000	-0.231117	-28.865724
114	0.736815	75000	-0.230736	-29.096459
115	0.734735	75000	-0.230289	-29.326748
116	0.732659	75000	-0.229936	-29.556684
117	0.730586	75000	-0.229513	-29.786197
118	0.728517	75000	-0.229232	-30.015429
119	0.726452	75000	-0.228786	-30.244215
120	0.724390	75000	-0.228463	-30.472678
121	0.722331	75000	-0.227999	-30.700676
122	0.720276	75000	-0.227691	-30.928367
123	0.718225	75000	-0.227263	-31.155630
124	0.716177	75000	-0.226941	-31.382571
125	0.714132	75000	-0.226541	-31.609111
126	0.712091	75000	-0.226150	-31.835262
127	0.710054	75000	-0.225755	-32.061016
128	0.708020	75000	-0.225392	-32.286408
129	0.705989	75000	-0.225003	-32.511411
130	0.703962	75000	-0.224590	-32.736001
131	0.701939	75000	-0.224188	-32.960189
132	0.699919	75000	-0.223870	-33.184059
133	0.697902	75000	-0.223558	-33.407618
134	0.695889	75000	-0.223111	-33.630728
135	0.693880	75000	-0.222725	-33.853453
136	0.691874	75000	-0.222328	-34.075781
137	0.689871	75000	-0.221919	-34.297701
138	0.687872	75000	-0.221625	-34.519326
139	0.685877	75000	-0.221161	-34.740487
140	0.683885	75000	-0.220805	-34.961292
141	0.681896	75000	-0.220520	-35.181811
142	0.679911	75000	-0.220080	-35.401892
143	0.677929	75000	-0.219650	-35.621542
144	0.675951	75000	-0.219367	-35.840909
145	0.673976	75000	-0.218985	-36.059894
146	0.672005	75000	-0.218578	-36.278473
147	0.670037	75000	-0.218192	-36.496665
148	0.668073	75000	-0.217830	-36.714495
149	0.666112	75000	-0.217477	-36.931973
150	0.664155	75000	-0.217106	-37.149079
151	0.662201	75000	-0.216681	-37.365760
152	0.660250	75000	-0.216374	-37.582134
153	0.658303	75000	-0.216016	-37.798150
154	0.656359	75000	-0.215615	-38.013765
155	0.654419	75000	-0.215267	-38.229032
156	0.652483	75000	-0.214818	-38.443850
157	0.650549	75000	-0.214454	-38.658305
158	0.648619	75000	-0.214064	-38.872368
159	0.646693	75000	-0.213687	-39.086056
160	0.644770	75000	-0.213400	-39.299455
161	0.642851	75000	-0.213001	-39.512457
162	0.640934	75000	-0.212658	-39.725115
163	0.639022	75000	-0.212269	-39.937383
164	0.637113	75000	-0.211845	-40.149228
165	0.635207	75000	-0.211487	-40.360715
166	0.633304	75000	-0.211098	-40.571813
167	0.631405	75000	-0.210697	-40.782510
168	0.629510	75000	-0.210381	-40.992890
169	0.627618	75000	-0.210004	-41.202895
170	0.625729	75000	-0.209683	-41.412578
171	0.623844	75000	-0.209259	-41.621837
172	0.621962	75000	-0.208906	-41.830743
173	0.620083	75000	-0.208523	-42.039266
174	0.618208	75000	-0.208177	-42.247444
175	0.616337	75000	-0.207791	-42.455234
176	0.614468	75000	-0.207451	-42.662686
177	0.612604	75000	-0.207101	-42.869787
178	0.610742	75000	-0.206695	-43.076482
179	0.608884	75000	-0.206403	-43.282885
180	0.607029	75000	-0.205960	-43.488845
181	0.605178	75000	-0.205587	-43.694431
182	0.603330	75000	-0.205203	-43.899634
183	0.601486	75000	-0.204831	-44.104465
184	0.599645	75000	-0.204412	-44.308876
185	0.597807	75000	-0.204146	-44.513022
186	0.595973	75000	-0.203789	-44.716812
187	0.594142	75000	-0.203404	-44.920216
188	0.592314	75000	-0.203038	-45.123253
189	0.590490	75000	-0.202609	-45.325862
190	0.588669	75000	-0.202320	-45.528183
191	0.586852	75000	-0.201900	-45.730082
192	0.585038	75000	-0.201597	-45.931679
193	0.583227	75000	-0.201296	-46.132975
194	0.581420	75000	-0.200899	-46.333874
195	0.579616	75000	-0.200527	-46.534402
196	0.577815	75000	-0.200103	-46.734505
197	0.576018	75000	-0.199745	-46.934249
198	0.574224	75000	-0.199431	-47.133681
199	0.572433	75000	-0.199073	-47.332753
200	0.570646	75000	-0.198671	-47.531424
201	0.568862	75000	-0.198303	-47.729727
202	0.567082	75000	-0.197958	-47.927686
203	0.565305	75000	-0.197558	-48.125244
204	0.563531	75000	-0.197206	-48.322450
205	0.561761	75000	-0.196863	-48.519313
206	0.559993	75000	-0.196564	-48.715877
207	0.558230	75000	-0.196180	-48.912057
208	0.556469	75000	-0.195749	-49.107806
209	0.554712	75000	-0.195433	-49.303239
210	0.552958	75000	-0.195055	-49.498294
211	0.551208	75000	-0.194653	-49.692946
212	0.549461	75000	-0.194317	-49.887263
213	0.547717	75000	-0.193918	-50.081181
214	0.545977	75000	-0.193646	-50.274827
215	0.544240	75000	-0.193229	-50.468056
216	0.542506	75000	-0.192855	-50.660911
217	0.540775	75000	-0.192648	-50.853560
218	0.539048	75000	-0.192144	-51.045704
219	0.537324	75000	-0.191748	-51.237452
220	0.535604	75000	-0.191476	-51.428928
221	0.533887	75000	-0.191070	-51.619998
222	0.532173	75000	-0.190728	-51.810726
223	0.530462	75000	-0.190416	-52.001142
224	0.528755	75000	-0.190041	-52.191183
225	0.527051	75000	-0.189706	-52.380888
226	0.525350	75000	-0.189321	-52.570209
227	0.523653	75000	-0.189000	-52.759209
228	0.521958	75000	-0.188677	-52.947886
229	0.520268	75000	-0.188196	-53.136082
230	0.518580	75000	-0.187816	-53.323899
231	0.516896	75000	-0.187459	-53.511358
232	0.515215	75000	-0.187133	-53.698491
233	0.513537	75000	-0.186843	-53.885334
234	0.511863	75000	-0.186460	-54.071794
235	0.510192	75000	-0.186095	-54.257888
236	0.508524	75000	-0.185721	-54.443609
237	0.506859	75000	-0.185297	-54.628906
238	0.505198	75000	-0.184983	-54.813889
239	0.503540	75000	-0.184705	-54.998594
240	0.501885	75000	-0.184346	-55.182940
241	0.500234	75000	-0.184058	-55.366999
242	0.498586	75000	-0.183664	-55.550662
243	0.496941	75000	-0.183268	-55.733930
244	0.495299	75000	-0.183014	-55.916944
245	0.493660	75000	-0.182562	-56.099505
246	0.492025	75000	-0.182284	-56.281790
247	0.490393	75000	-0.181922	-56.463712
248	0.488765	75000	-0.181561	-56.645273
249	0.487139	75000	-0.181136	-56.826409
250	0.485517	75000	-0.180875	-57.007285
251	0.483898	75000	-0.180499	-57.187784
252	0.482283	75000	-0.180097	-57.367881
253	0.480670	75000	-0.179856	-57.547737
254	0.479061	75000	-0.179408	-57.727146
255	0.477455	75000	-0.179076	-57.906221
256	0.475852	75000	-0.178741	-58.084962
257	0.474253	75000	-0.178349	-58.263311
258	0.472656	75000	-0.178071	-58.441382
259	0.471063	75000	-0.177724	-58.619106
260	0.469474	75000	-0.177351	-58.796457
261	0.467887	75000	-0.177041	-58.973497
262	0.466304	75000	-0.176634	-59.150131
263	0.464723	75000	-0.176284	-59.326415
264	0.463146	75000	-0.175907	-59.502321
265	0.461573	75000	-0.175643	-59.677964
266	0.460002	75000	-0.175286	-59.853250
267	0.458435	75000	-0.174810	-60.028061
268	0.456871	75000	-0.174595	-60.202656
269	0.455310	75000	-0.174151	-60.376806
270	0.453752	75000	-0.173791	-60.550597
271	0.452198	75000	-0.173508	-60.724105
272	0.450647	75000	-0.173242	-60.897347
273	0.449098	75000	-0.172833	-61.070180
274	0.447554	75000	-0.172512	-61.242692
275	0.446012	75000	-0.172104	-61.414796
276	0.444473	75000	-0.171700	-61.586496
277	0.442938	75000	-0.171519	-61.758015
278	0.441406	75000	-0.171156	-61.929171
279	0.439877	75000	-0.170714	-62.099884
280	0.438351	75000	-0.170428	-62.270313
281	0.436829	75000	-0.170023	-62.440336
282	0.435309	75000	-0.169751	-62.610087
283	0.433793	75000	-0.169388	-62.779475
284	0.432280	75000	-0.169044	-62.948519
285	0.430770	75000	-0.168721	-63.117239
286	0.429263	75000	-0.168447	-63.285687
287	0.427760	75000	-0.168044	-63.453731
288	0.426259	75000	-0.167783	-63.621514
289	0.424762	75000	-0.167353	-63.788866
290	0.423268	75000	-0.167084	-63.955950
291	0.421777	75000	-0.166710	-64.122660
292	0.420289	75000	-0.166329	-64.288989
293	0.418805	75000	-0.166000	-64.454989
294	0.417323	75000	-0.165771	-64.620760
295	0.415845	75000	-0.165291	-64.786051
296	0.414370	75000	-0.164950	-64.951001
297	0.412898	75000	-0.164492	-65.115493
298	0.411429	75000	-0.164318	-65.279811
299	0.409963	75000	-0.163952	-65.443763
300	0.408501	75000	-0.163637	-65.607400
301	0.407041	75000	-0.163243	-65.770643
302	0.405585	75000	-0.162939	-65.933582
303	0.404132	75000	-0.162626	-66.096208
304	0.402682	75000	-0.162288	-66.258495
305	0.401235	75000	-0.162001	-66.420496
306	0.399791	75000	-0.161645	-66.582141
307	0.398350	75000	-0.161259	-66.743400
308	0.396913	75000	-0.160878	-66.904278
309	0.395478	75000	-0.160610	-67.064888
310	0.394047	75000	-0.160289	-67.225177
311	0.392619	75000	-0.159966	-67.385143
312	0.391194	75000	-0.159576	-67.544719
313	0.389772	75000	-0.159296	-67.704015
314	0.388353	75000	-0.159007	-67.863021
315	0.386937	75000	-0.158555	-68.021577
316	0.385524	75000	-0.158272	-68.179849
317	0.384115	75000	-0.157865	-68.337713
318	0.382708	75000	-0.157634	-68.495348
319	0.381305	75000	-0.157184	-68.652532
320	0.379904	75000	-0.156934	-68.809466
321	0.378507	75000	-0.156585	-68.966051
322	0.377113	75000	-0.156200	-69.122251
323	0.375722	75000	-0.155956	-69.278208
324	0.374334	75000	-0.155668	-69.433875
325	0.372949	75000	-0.155275	-69.589150
326	0.371567	75000	-0.154988	-69.744138
327	0.370189	75000	-0.154580	-69.898718
328	0.368813	75000	-0.154292	-70.053010
329	0.367440	75000	-0.153902	-70.206913
330	0.366071	75000	-0.153560	-70.360473
331	0.364705	75000	-0.153292	-70.513765
332	0.363341	75000	-0.152966	-70.666731
333	0.361981	75000	-0.152633	-70.819364
334	0.360624	75000	-0.152332	-70.971696
335	0.359269	75000	-0.152080	-71.123776
336	0.357918	75000	-0.151625	-71.275401
337	0.356570	75000	-0.151304	-71.426705
338	0.355225	75000	-0.150949	-71.577654
339	0.353883	75000	-0.150698	-71.728352
340	0.352544	75000	-0.150353	-71.878705
341	0.351208	75000	-0.150055	-72.028760
342	0.349875	75000	-0.149675	-72.178435
343	0.348546	75000	-0.149322	-72.327756
344	0.347219	75000	-0.148958	-72.476714
345	0.345895	75000	-0.148597	-72.625312
346	0.344574	75000	-0.148417	-72.773729
347	0.343257	75000	-0.148094	-72.921823
348	0.341942	75000	-0.147772	-73.069595
349	0.340630	75000	-0.147492	-73.217086
350	0.339322	75000	-0.147048	-73.364134
351	0.338016	75000	-0.146787	-73.510922
352	0.336714	75000	-0.146400	-73.657322
353	0.335414	75000	-0.146192	-73.803514
354	0.334118	75000	-0.145895	-73.949409
355	0.332824	75000	-0.145449	-74.094858
356	0.331534	75000	-0.145146	-74.240004
357	0.330246	75000	-0.144775	-74.384779
358	0.328962	75000	-0.144501	-74.529280
359	0.327680	75000	-0.144136	-74.673417
360	0.326401	75000	-0.143812	-74.817229
361	0.325126	75000	-0.143500	-74.960729
362	0.323853	75000	-0.143138	-75.103867
363	0.322584	75000	-0.142942	-75.246809
364	0.321317	75000	-0.142580	-75.389389
365	0.320054	75000	-0.142253	-75.531642
366	0.318793	75000	-0.141941	-75.673583
367	0.317536	75000	-0.141580	-75.815163
368	0.316281	75000	-0.141243	-75.956406
369	0.315030	75000	-0.140969	-76.097375
370	0.313781	75000	-0.140716	-76.238091
371	0.312535	75000	-0.140344	-76.378435
372	0.311293	75000	-0.140032	-76.518467
373	0.310053	75000	-0.139684	-76.658151
374	0.308816	75000	-0.139334	-76.797485
375	0.307582	75000	-0.139079	-76.936565
376	0.306352	75000	-0.138845	-77.075410
377	0.305124	75000	-0.138445	-77.213855
378	0.303899	75000	-0.138140	-77.351994
379	0.302677	75000	-0.137744	-77.489738
380	0.301458	75000	-0.137541	-77.627280
381	0.300242	75000	-0.137236	-77.764515
382	0.299029	75000	-0.136788	-77.901304
383	0.297819	75000	-0.136534	-78.037838
384	0.296611	75000	-0.136106	-78.173944
385	0.295407	75000	-0.136016	-78.309960
386	0.294206	75000	-0.135591	-78.445551
387	0.293007	75000	-0.135298	-78.580848
388	0.291812	75000	-0.134949	-78.715797
389	0.290619	75000	-0.134707	-78.850505
390	0.289430	75000	-0.134333	-78.984838
391	0.288243	75000	-0.134043	-79.118881
392	0.287059	75000	-0.133735	-79.252617
393	0.285879	75000	-0.133431	-79.386047
394	0.284701	75000	-0.133127	-79.519175
395	0.283526	75000	-0.132846	-79.652020
396	0.282354	75000	-0.132418	-79.784438
397	0.281184	75000	-0.132135	-79.916573
398	0.280018	75000	-0.131834	-80.048407
399	0.278855	75000	-0.131560	-80.179967
400	0.277694	75000	-0.131253	-80.311221
401	0.276537	75000	-0.130820	-80.442041
402	0.275382	75000	-0.130601	-80.572642
403	0.274230	75000	-0.130325	-80.702967
404	0.273082	75000	-0.129922	-80.832890
405	0.271936	75000	-0.129606	-80.962496
406	0.270793	75000	-0.129360	-81.091856
407	0.269652	75000	-0.129001	-81.220857
408	0.268515	75000	-0.128743	-81.349600
409	0.267381	75000	-0.128406	-81.478006
410	0.266249	75000	-0.128155	-81.606161
411	0.265121	75000	-0.127782	-81.733943
412	0.263995	75000	-0.127441	-81.861384
413	0.262872	75000	-0.127270	-81.988654
414	0.261752	75000	-0.126878	-82.115531
415	0.260635	75000	-0.126628	-82.242160
416	0.259520	75000	-0.126186	-82.368345
417	0.258409	75000	-0.125978	-82.494323
418	0.257300	75000	-0.125767	-82.620090
419	0.256195	75000	-0.125365	-82.745455
420	0.255092	75000	-0.125099	-82.870554
421	0.253992	75000	-0.124727	-82.995281
422	0.252895	75000	-0.124474	-83.119755
423	0.251800	75000	-0.124194	-83.243950
424	0.250709	75000	-0.123780	-83.367729
425	0.249620	75000	-0.123395	-83.491124
426	0.248534	75000	-0.123260	-83.614384
427	0.247451	75000	-0.122978	-83.737361
428	0.246371	75000	-0.122722	-83.860083
429	0.245294	75000	-0.122360	-83.982444
430	0.244220	75000	-0.122022	-84.104466
431	0.243148	75000	-0.121740	-84.226206
432	0.242079	75000	-0.121502	-84.347707
433	0.241013	75000	-0.121235	-84.468942
434	0.239950	75000	-0.120811	-84.589754
435	0.238890	75000	-0.120690	-84.710444
436	0.237832	75000	-0.120326	-84.830770
437	0.236778	75000	-0.120065	-84.950835
438	0.235726	75000	-0.119672	-85.070507
439	0.234677	75000	-0.119348	-85.189855
440	0.233630	75000	-0.119165	-85.309021
441	0.232587	75000	-0.118851	-85.427872
442	0.231546	75000	-0.118436	-85.546308
443	0.230509	75000	-0.118083	-85.664391
444	0.229473	75000	-0.117871	-85.782262
445	0.228441	75000	-0.117661	-85.899923
446	0.227412	75000	-0.117235	-86.017158
447	0.226385	75000	-0.116975	-86.134134
448	0.225361	75000	-0.116513	-86.250647
449	0.224340	75000	-0.116521	-86.367168
450	0.223322	75000	-0.116036	-86.483204
451	0.222306	75000	-0.115768	-86.598972
452	0.221293	75000	-0.115550	-86.714523
453	0.220283	75000	-0.115199	-86.829721
454	0.219276	75000	-0.114913	-86.944634
455	0.218272	75000	-0.114698	-87.059333
456	0.217270	75000	-0.114376	-87.173709
457	0.216271	75000	-0.113982	-87.287691
458	0.215275	75000	-0.113774	-87.401464
459	0.214281	75000	-0.113489	-87.514953
460	0.213291	75000	-0.113190	-87.628143
461	0.212303	75000	-0.112921	-87.741064
462	0.211318	75000	-0.112520	-87.853584
463	0.210335	75000	-0.112304	-87.965887
464	0.209356	75000	-0.111999	-88.077887
465	0.208379	75000	-0.111735	-88.189622
466	0.207404	75000	-0.111383	-88.301005
467	0.206433	75000	-0.111168	-88.412172
468	0.205464	75000	-0.110902	-88.523074
469	0.204498	75000	-0.110573	-88.633647
470	0.203535	75000	-0.110274	-88.743921
471	0.202575	75000	-0.109968	-88.853890
472	0.201617	75000	-0.109722	-88.963612
473	0.200662	75000	-0.109449	-89.073061
474	0.199709	75000	-0.109092	-89.182152
475	0.198760	75000	-0.108903	-89.291056
476	0.197813	75000	-0.108581	-89.399637
477	0.196869	75000	-0.108177	-89.507814
478	0.195927	75000	-0.107968	-89.615781
479	0.194988	75000	-0.107738	-89.723519
480	0.194052	75000	-0.107284	-89.830803
481	0.193119	75000	-0.107043	-89.937847
482	0.192188	75000	-0.106777	-90.044623
483	0.191260	75000	-0.106620	-90.151243
484	0.190335	75000	-0.106245	-90.257488
485	0.189412	75000	-0.106019	-90.363507
486	0.188492	75000	-0.105670	-90.469177
487	0.187575	75000	-0.105456	-90.574633
488	0.186660	75000	-0.105198	-90.679831
489	0.185749	75000	-0.104935	-90.784766
490	0.184839	75000	-0.104589	-90.889356
491	0.183933	75000	-0.104289	-90.993645
492	0.183029	75000	-0.103877	-91.097522
493	0.182128	75000	-0.103789	-91.201310
494	0.181229	75000	-0.103455	-91.304765
495	0.180333	75000	-0.103140	-91.407906
496	0.179440	75000	-0.102832	-91.510737
497	0.178550	75000	-0.102662	-91.613399
498	0.177662	75000	-0.102403	-91.715802
499	0.176777	75000	-0.101953	-91.817755
500	0.175894	75000	-0.101804	-91.919559
501	0.175014	75000	-0.101478	-92.021037
502	0.174137	75000	-0.101193	-92.122230
503	0.173262	75000	-0.100947	-92.223177
504	0.172390	75000	-0.100694	-92.323871
505	0.171521	75000	-0.100410	-92.424281
506	0.170654	75000	-0.100158	-92.524439
507	0.169790	75000	-0.099704	-92.624143
508	0.168929	75000	-0.099455	-92.723597
509	0.168070	75000	-0.099260	-92.822857
510	0.167214	75000	-0.098976	-92.921833
511	0.166360	75000	-0.098806	-93.020639
512	0.165509	75000	-0.098568	-93.119207
513	0.164661	75000	-0.098164	-93.217371
514	0.163815	75000	-0.097891	-93.315262
515	0.162972	75000	-0.097697	-93.412959
516	0.162132	75000	-0.097436	-93.510395
517	0.161294	75000	-0.097030	-93.607425
518	0.160458	75000	-0.096804	-93.704229
519	0.159626	75000	-0.096431	-93.800660
520	0.158796	75000	-0.096269	-93.896929
521	0.157968	75000	-0.096029	-93.992959
522	0.157143	75000	-0.095822	-94.088781
523	0.156321	75000	-0.095375	-94.184155
524	0.155501	75000	-0.095137	-94.279293
525	0.154684	75000	-0.094858	-94.374151
526	0.153870	75000	-0.094661	-94.468813
527	0.153058	75000	-0.094402	-94.563215
528	0.152248	75000	-0.094181	-94.657396
529	0.151441	75000	-0.093777	-94.751173
530	0.150637	75000	-0.093686	-94.844859
531	0.149835	75000	-0.093309	-94.938168
532	0.149036	75000	-0.093004	-95.031172
533	0.148240	75000	-0.092959	-95.124131
534	0.147446	75000	-0.092500	-95.216631
535	0.146654	75000	-0.092142	-95.308773
536	0.145865	75000	-0.092029	-95.400802
537	0.145079	75000	-0.091834	-95.492636
538	0.144295	75000	-0.091401	-95.584037
539	0.143514	75000	-0.091266	-95.675302
540	0.142735	75000	-0.090988	-95.766290
541	0.141959	75000	-0.090623	-95.856913
542	0.141186	75000	-0.090376	-95.947289
543	0.140415	75000	-0.090155	-96.037444
544	0.139646	75000	-0.089729	-96.127173
545	0.138880	75000	-0.089588	-96.216761
546	0.138116	75000	-0.089224	-96.305985
547	0.137356	75000	-0.089139	-96.395124
548	0.136597	75000	-0.088847	-96.483971
549	0.135841	75000	-0.088605	-96.572576
550	0.135088	75000	-0.088283	-96.660859
551	0.134337	75000	-0.087968	-96.748827
552	0.133588	75000	-0.087763	-96.836590
553	0.132843	75000	-0.087578	-96.924168
554	0.132099	75000	-0.087221	-97.011389
555	0.131358	75000	-0.086956	-97.098345
556	0.130620	75000	-0.086806	-97.185151
557	0.129884	75000	-0.086510	-97.271661
558	0.129151	75000	-0.086417	-97.358078
559	0.128420	75000	-0.086205	-97.444283
560	0.127691	75000	-0.085761	-97.530044
561	0.126965	75000	-0.085532	-97.615575
562	0.126242	75000	-0.085260	-97.700835
563	0.125521	75000	-0.084980	-97.785815
564	0.124802	75000	-0.084811	-97.870626
565	0.124086	75000	-0.084483	-97.955110
566	0.123373	75000	-0.084186	-98.039296
567	0.122662	75000	-0.083905	-98.123200
568	0.121953	75000	-0.083844	-98.207045
569	0.121247	75000	-0.083389	-98.290434
570	0.120543	75000	-0.083221	-98.373655
571	0.119842	75000	-0.083068	-98.456723
572	0.119143	75000	-0.082626	-98.539349
573	0.118447	75000	-0.082528	-98.621877
574	0.117753	75000	-0.082107	-98.703984
575	0.117062	75000	-0.081981	-98.785964
576	0.116373	75000	-0.081835	-98.867800
577	0.115686	75000	-0.081441	-98.949241
578	0.115002	75000	-0.081179	-99.030420
579	0.114320	75000	-0.080980	-99.111400
580	0.113641	75000	-0.080675	-99.192075
581	0.112964	75000	-0.080513	-99.272587
582	0.112290	75000	-0.080208	-99.352795
583	0.111618	75000	-0.079982	-99.432778
584	0.110948	75000	-0.079607	-99.512385
585	0.110281	75000	-0.079521	-99.591906
586	0.109616	75000	-0.079297	-99.671203
587	0.108954	75000	-0.079012	-99.750214
588	0.108294	75000	-0.078727	-99.828941
589	0.107637	75000	-0.078425	-99.907366
590	0.106981	75000	-0.078262	-99.985628
591	0.106329	75000	-0.077988	-100.063615
592	0.105678	75000	-0.077873	-100.141488
593	0.105030	75000	-0.077539	-100.219028
594	0.104385	75000	-0.077376	-100.296404
595	0.103742	75000	-0.077059	-100.373463
596	0.103101	75000	-0.076888	-100.450351
597	0.102463	75000	-0.076783	-100.527134
598	0.101827	75000	-0.076456	-100.603590
599	0.101193	75000	-0.076225	-100.679815
600	0.100562	75000	-0.075845	-100.755660
601	0.099933	75000	-0.075564	-100.831223
602	0.099306	75000	-0.075444	-100.906668
603	0.098682	75000	-0.075159	-100.981827
604	0.098060	75000	-0.074943	-101.056770
605	0.097441	75000	-0.074692	-101.131462
606	0.096824	75000	-0.074340	-101.205802
607	0.096209	75000	-0.074251	-101.280054
608	0.095596	75000	-0.074017	-101.354071
609	0.094986	75000	-0.073675	-101.427746
610	0.094379	75000	-0.073615	-101.501361
611	0.093773	75000	-0.073238	-101.574599
612	0.093170	75000	-0.073011	-101.647610
613	0.092570	75000	-0.072773	-101.720383
614	0.091971	75000	-0.072523	-101.792906
615	0.091375	75000	-0.072385	-101.865291
616	0.090781	75000	-0.072071	-101.937362
617	0.090190	75000	-0.071897	-102.009259
618	0.089601	75000	-0.071455	-102.080715
619	0.089014	75000	-0.071498	-102.152212
620	0.088430	75000	-0.071248	-102.223461
621	0.087848	75000	-0.071105	-102.294565
622	0.087268	75000	-0.070843	-102.365409
623	0.086690	75000	-0.070459	-102.435868
624	0.086115	75000	-0.070368	-102.506235
625	0.085542	75000	-0.070068	-102.576303
626	0.084971	75000	-0.069909	-102.646212
627	0.084403	75000	-0.069676	-102.715888
628	0.083837	75000	-0.069503	-102.785391
629	0.083273	75000	-0.069170	-102.854562
630	0.082712	75000	-0.068865	-102.923427
631	0.082152	75000	-0.068705	-102.992132
632	0.081595	75000	-0.068458	-103.060589
633	0.081041	75000	-0.068381	-103.128971
634	0.080488	75000	-0.068069	-103.197040
635	0.079938	75000	-0.067793	-103.264833
636	0.079390	75000	-0.067608	-103.332441
637	0.078845	75000	-0.067609	-103.400050
638	0.078301	75000	-0.067194	-103.467245
639	0.077760	75000	-0.066871	-103.534116
640	0.077221	75000	-0.066641	-103.600757
641	0.076684	75000	-0.066465	-103.667222
642	0.076150	75000	-0.066261	-103.733483
643	0.075618	75000	-0.065985	-103.799468
644	0.075088	75000	-0.065852	-103.865320
645	0.074560	75000	-0.065709	-103.931029
646	0.074035	75000	-0.065404	-103.996433
647	0.073512	75000	-0.065256	-104.061689
648	0.072991	75000	-0.064811	-104.126500
649	0.072472	75000	-0.064895	-104.191395
650	0.071955	75000	-0.064697	-104.256092
651	0.071441	75000	-0.064342	-104.320434
652	0.070929	75000	-0.064095	-104.384529
653	0.070419	75000	-0.064016	-104.448545
654	0.069911	75000	-0.063563	-104.512109
655	0.069406	75000	-0.063529	-104.575637
656	0.068903	75000	-0.063351	-104.638988
657	0.068401	75000	-0.063213	-104.702201
658	0.067903	75000	-0.062981	-104.765183
659	0.067406	75000	-0.062627	-104.827810
660	0.066911	75000	-0.062341	-104.890151
661	0.066419	75000	-0.062394	-104.952545
662	0.065929	75000	-0.062150	-105.014695
663	0.065441	75000	-0.061821	-105.076516
664	0.064955	75000	-0.061585	-105.138102
665	0.064471	75000	-0.061520	-105.199622
666	0.063990	75000	-0.061221	-105.260843
667	0.063510	75000	-0.061158	-105.322001
668	0.063033	75000	-0.060696	-105.382697
669	0.062558	75000	-0.060778	-105.443475
670	0.062085	75000	-0.060304	-105.503778
671	0.061615	75000	-0.060041	-105.563819
672	0.061146	75000	-0.060098	-105.623917
673	0.060680	75000	-0.059904	-105.683821
674	0.060216	75000	-0.059504	-105.743325
675	0.059753	75000	-0.059358	-105.802682
676	0.059293	75000	-0.059412	-105.862094
677	0.058836	75000	-0.059226	-105.921319
678	0.058380	75000	-0.058906	-105.980226
679	0.057926	75000	-0.058550	-106.038775
680	0.057475	75000	-0.058444	-106.097219
681	0.057025	75000	-0.058429	-106.155648
682	0.056578	75000	-0.058044	-106.213691
683	0.056133	75000	-0.057912	-106.271603
684	0.055690	75000	-0.057600	-106.329204
685	0.055249	75000	-0.057376	-106.386579
686	0.054810	75000	-0.057273	-106.443853
687	0.054373	75000	-0.057341	-106.501193
688	0.053939	75000	-0.056702	-106.557896
689	0.053506	75000	-0.056629	-106.614525
690	0.053076	75000	-0.056493	-106.671018
691	0.052647	75000	-0.056414	-106.727432
692	0.052221	75000	-0.056394	-106.783826
693	0.051797	75000	-0.056093	-106.839919
694	0.051375	75000	-0.055914	-106.895833
695	0.050955	75000	-0.055571	-106.951404
696	0.050537	75000	-0.055490	-107.006894
697	0.050121	75000	-0.055664	-107.062558
698	0.049707	75000	-0.055028	-107.117586
699	0.049295	75000	-0.054934	-107.172520
700	0.048885	75000	-0.054779	-107.227299
701	0.048478	75000	-0.054607	-107.281906
702	0.048072	75000	-0.054630	-107.336536
703	0.047668	75000	-0.054447	-107.390983
704	0.047267	75000	-0.054124	-107.445107
705	0.046867	75000	-0.054044	-107.499152
706	0.046470	75000	-0.053875	-107.553026
707	0.046074	75000	-0.053671	-107.606698
708	0.045681	75000	-0.053623	-107.660321
709	0.045289	75000	-0.053389	-107.713710
710	0.044900	75000	-0.053145	-107.766855
711	0.044512	75000	-0.053059	-107.819914
712	0.044127	75000	-0.052799	-107.872713
713	0.043744	75000	-0.052801	-107.925514
714	0.043362	75000	-0.052540	-107.978054
715	0.042983	75000	-0.052252	-108.030306
716	0.042606	75000	-0.052318	-108.082624
717	0.042230	75000	-0.052104	-108.134728
718	0.041857	75000	-0.051854	-108.186582
719	0.041485	75000	-0.051872	-108.238453
720	0.041116	75000	-0.051726	-108.290179
721	0.040749	75000	-0.051393	-108.341572
722	0.040383	75000	-0.051178	-108.392750
723	0.040020	75000	-0.050965	-108.443716
724	0.039658	75000	-0.050701	-108.494416
725	0.039299	75000	-0.050935	-108.545352
726	0.038941	75000	-0.050907	-108.596259
727	0.038585	75000	-0.050575	-108.646834
728	0.038232	75000	-0.050671	-108.697505
729	0.037880	75000	-0.050236	-108.747741
730	0.037530	75000	-0.049903	-108.797644
731	0.037182	75000	-0.050167	-108.847812
732	0.036836	75000	-0.049471	-108.897282
733	0.036493	75000	-0.049614	-108.946896
734	0.036151	75000	-0.049675	-108.996571
735	0.035810	75000	-0.049614	-109.046185
736	0.035472	75000	-0.049312	-109.095498
737	0.035136	75000	-0.049262	-109.144759
738	0.034802	75000	-0.049213	-109.193973
739	0.034469	75000	-0.048543	-109.242516
740	0.034139	75000	-0.049011	-109.291526
741	0.033810	75000	-0.048482	-109.340008
742	0.033484	75000	-0.048426	-109.388434
743	0.033159	75000	-0.048587	-109.437021
744	0.032836	75000	-0.048511	-109.485532
745	0.032515	75000	-0.048280	-109.533812
746	0.032196	75000	-0.048118	-109.581930
747	0.031879	75000	-0.047967	-109.629896
748	0.031563	75000	-0.047928	-109.677825
749	0.031250	75000	-0.047938	-109.725762
750	0.030938	75000	-0.047677	-109.773440
751	0.030629	75000	-0.047150	-109.820590
752	0.030321	75000	-0.047396	-109.867986
753	0.030015	75000	-0.047457	-109.915443
754	0.029711	75000	-0.047335	-109.962778
755	0.029409	75000	-0.047158	-110.009936
756	0.029108	75000	-0.047099	-110.057035
757	0.028810	75000	-0.047199	-110.104234
758	0.028513	75000	-0.046941	-110.151175
759	0.028218	75000	-0.047004	-110.198179
760	0.027925	75000	-0.046801	-110.244980
761	0.027634	75000	-0.046694	-110.291674
762	0.027345	75000	-0.046258	-110.337932
763	0.027057	75000	-0.046741	-110.384673
764	0.026771	75000	-0.046403	-110.431076
765	0.026487	75000	-0.046319	-110.477395
766	0.026205	75000	-0.046015	-110.523410
767	0.025925	75000	-0.045995	-110.569405
768	0.025647	75000	-0.046254	-110.615659
769	0.025370	75000	-0.046323	-110.661982
770	0.025095	75000	-0.045631	-110.707613
771	0.024822	75000	-0.045989	-110.753602
772	0.024551	75000	-0.045597	-110.799199
773	0.024281	75000	-0.046282	-110.845481
774	0.024014	75000	-0.045736	-110.891217
775	0.023748	75000	-0.045809	-110.937026
776	0.023483	75000	-0.046486	-110.983512
777	0.023221	75000	-0.046249	-111.029761
778	0.022960	75000	-0.046255	-111.076016
779	0.022702	75000	-0.046066	-111.122082
780	0.022445	75000	-0.046041	-111.168123
781	0.022189	75000	-0.046226	-111.214349
782	0.021936	75000	-0.046110	-111.260459
783	0.021684	75000	-0.046044	-111.306503
784	0.021434	75000	-0.045885	-111.352388
785	0.021185	75000	-0.045511	-111.397899
786	0.020939	75000	-0.046090	-111.443989
787	0.020694	75000	-0.046174	-111.490163
788	0.020451	75000	-0.046468	-111.536631
789	0.020209	75000	-0.045864	-111.582495
790	0.019969	75000	-0.046345	-111.628840
791	0.019731	75000	-0.046208	-111.675047
792	0.019495	75000	-0.046223	-111.721270
793	0.019261	75000	-0.046241	-111.767511
794	0.019028	75000	-0.046756	-111.814267
795	0.018796	75000	-0.046439	-111.860706
796	0.018567	75000	-0.046362	-111.907069
797	0.018339	75000	-0.046261	-111.953329
798	0.018113	75000	-0.047639	-112.000968
799	0.017889	75000	-0.047287	-112.048256
800	0.017666	75000	-0.047272	-112.095527
801	0.017445	75000	-0.047823	-112.143350
802	0.017225	75000	-0.048191	-112.191541
803	0.017007	75000	-0.050162	-112.241703
804	0.016791	75000	-0.048203	-112.289906
805	0.016577	75000	-0.049060	-112.338966
806	0.016364	75000	-0.049126	-112.388092
807	0.016153	75000	-0.048365	-112.436457
808	0.015943	75000	-0.048511	-112.484967
809	0.015736	75000	-0.047745	-112.532712
810	0.015529	75000	-0.051382	-112.584095
811	0.015325	75000	-0.049891	-112.633986
812	0.015122	75000	-0.049889	-112.683875
813	0.014920	75000	-0.051521	-112.735396
814	0.014721	75000	-0.050713	-112.786109
815	0.014523	75000	-0.052648	-112.838757
816	0.014326	75000	-0.053943	-112.892700
817	0.014131	75000	-0.053115	-112.945815
818	0.013938	75000	-0.053496	-112.999312
819	0.013746	75000	-0.054111	-113.053422
820	0.013556	75000	-0.055101	-113.108523
821	0.013367	75000	-0.053337	-113.161860
822	0.013181	75000	-0.055898	-113.217759
823	0.012995	75000	-0.056856	-113.274615
824	0.012811	75000	-0.059356	-113.333970
825	0.012629	75000	-0.056928	-113.390898
826	0.012448	75000	-0.061697	-113.452595
827	0.012269	75000	-0.063894	-113.516489
828	0.012092	75000	-0.061627	-113.578116
829	0.011916	75000	-0.060948	-113.639064
830	0.011741	75000	-0.062643	-113.701707
831	0.011568	75000	-0.066910	-113.768617
832	0.011397	75000	-0.066863	-113.835479
833	0.011227	75000	-0.068388	-113.903867
834	0.011059	75000	-0.067182	-113.971049
835	0.010892	75000	-0.069330	-114.040379
836	0.010727	75000	-0.070986	-114.111365
837	0.010563	75000	-0.073122	-114.184487
838	0.010401	75000	-0.075033	-114.259520
839	0.010240	75000	-0.072171	-114.331691
840	0.010081	75000	-0.076510	-114.408201
841	0.009923	75000	-0.079122	-114.487324
842	0.009767	75000	-0.076982	-114.564305
843	0.009612	75000	-0.083196	-114.647501
844	0.009459	75000	-0.082544	-114.730045
845	0.009307	75000	-0.082499	-114.812544
846	0.009156	75000	-0.082109	-114.894653
847	0.009008	75000	-0.084124	-114.978777
848	0.008860	75000	-0.086866	-115.065643
849	0.008714	75000	-0.087576	-115.153219
850	0.008570	75000	-0.087983	-115.241202
851	0.008427	75000	-0.090824	-115.332026
852	0.008285	75000	-0.095025	-115.427051
853	0.008145	75000	-0.089846	-115.516898
854	0.008006	75000	-0.094630	-115.611528
855	0.007869	75000	-0.097306	-115.708833
856	0.007733	75000	-0.093264	-115.802097
857	0.007598	75000	-0.096965	-115.899062
858	0.007465	75000	-0.098671	-115.997733
859	0.007334	75000	-0.095376	-116.093110
860	0.007203	75000	-0.098933	-116.192043
861	0.007075	75000	-0.101043	-116.293086
862	0.006947	75000	-0.100360	-116.393446
863	0.006821	75000	-0.099301	-116.492747
864	0.006696	75000	-0.103467	-116.596213
865	0.006573	75000	-0.102661	-116.698875
866	0.006451	75000	-0.103752	-116.802626
867	0.006330	75000	-0.099482	-116.902108
868	0.006211	75000	-0.103432	-117.005541
869	0.006093	75000	-0.099346	-117.104886
870	0.005977	75000	-0.104106	-117.208992
871	0.005862	75000	-0.101813	-117.310805
872	0.005748	75000	-0.101656	-117.412461
873	0.005635	75000	-0.101011	-117.513472
874	0.005524	75000	-0.099952	-117.613424
875	0.005414	75000	-0.100923	-117.714347
876	0.005306	75000	-0.099954	-117.814301
877	0.005199	75000	-0.098067	-117.912368
878	0.005093	75000	-0.100370	-118.012737
879	0.004988	75000	-0.097319	-118.110056
880	0.004885	75000	-0.098376	-118.208432
881	0.004783	75000	-0.098539	-118.306971
882	0.004682	75000	-0.097414	-118.404385
883	0.004583	75000	-0.096635	-118.501021
884	0.004485	75000	-0.096304	-118.597325
885	0.004388	75000	-0.095117	-118.692442
886	0.004292	75000	-0.093924	-118.786366
887	0.004198	75000	-0.093166	-118.879532
888	0.004105	75000	-0.092469	-118.972001
889	0.004013	75000	-0.091798	-119.063799
890	0.003923	75000	-0.090764	-119.154563
891	0.003833	75000	-0.090383	-119.244945
892	0.003745	75000	-0.088898	-119.333844
893	0.003658	75000	-0.088449	-119.422293
894	0.003573	75000	-0.087210	-119.509502
895	0.003488	75000	-0.086022	-119.595524
896	0.003405	75000	-0.085701	-119.681225
897	0.003323	75000	-0.084899	-119.766124
898	0.003242	75000	-0.083493	-119.849617
899	0.003162	75000	-0.082413	-119.932030
900	0.003084	75000	-0.081681	-120.013711
901	0.003007	75000	-0.080750	-120.094462
902	0.002930	75000	-0.079473	-120.173935
903	0.002855	75000	-0.078515	-120.252450
904	0.002782	75000	-0.077237	-120.329687
905	0.002709	75000	-0.076602	-120.406289
906	0.002638	75000	-0.075016	-120.481304
907	0.002567	75000	-0.074451	-120.555756
908	0.002498	75000	-0.073354	-120.629109
909	0.002430	75000	-0.072305	-120.701414
910	0.002363	75000	-0.071347	-120.772761
911	0.002297	75000	-0.069884	-120.842646
912	0.002233	75000	-0.069029	-120.911675
913	0.002169	75000	-0.068088	-120.979763
914	0.002106	75000	-0.066950	-121.046713
915	0.002045	75000	-0.065951	-121.112664
916	0.001985	75000	-0.064928	-121.177592
917	0.001925	75000	-0.063815	-121.241407
918	0.001867	75000	-0.062847	-121.304254
919	0.001810	75000	-0.061546	-121.365800
920	0.001754	75000	-0.060579	-121.426378
921	0.001699	75000	-0.059514	-121.485892
922	0.001645	75000	-0.058361	-121.544253
923	0.001592	75000	-0.057241	-121.601494
924	0.001540	75000	-0.056378	-121.657873
925	0.001490	75000	-0.055537	-121.713409
926	0.001440	75000	-0.054209	-121.767618
927	0.001391	75000	-0.053081	-121.820699
928	0.001343	75000	-0.052252	-121.872951
929	0.001296	75000	-0.051170	-121.924120
930	0.001251	75000	-0.050131	-121.974251
931	0.001206	75000	-0.049078	-122.023330
932	0.001162	75000	-0.047934	-122.071264
933	0.001119	75000	-0.047004	-122.118268
934	0.001077	75000	-0.046048	-122.164316
935	0.001036	75000	-0.044815	-122.209131
936	0.000996	75000	-0.043914	-122.253044
937	0.000957	75000	-0.042881	-122.295925
938	0.000919	75000	-0.042029	-122.337954
939	0.000882	75000	-0.041082	-122.379036
940	0.000846	75000	-0.040076	-122.419112
941	0.000810	75000	-0.039007	-122.458120
942	0.000776	75000	-0.037922	-122.496042
943	0.000742	75000	-0.037046	-122.533088
944	0.000709	75000	-0.036091	-122.569179
945	0.000678	75000	-0.035180	-122.604358
946	0.000647	75000	-0.034213	-122.638571
947	0.000617	75000	-0.033257	-122.671828
948	0.000587	75000	-0.032365	-122.704193
949	0.000559	75000	-0.031392	-122.735585
950	0.000531	75000	-0.030503	-122.766088
951	0.000505	75000	-0.029579	-122.795667
952	0.000479	75000	-0.028735	-122.824402
953	0.000454	75000	-0.027785	-122.852187
954	0.000430	75000	-0.026972	-122.879159
955	0.000406	75000	-0.026007	-122.905167
956	0.000383	75000	-0.025137	-122.930304
957	0.000362	75000	-0.024353	-122.954656
958	0.000340	75000	-0.023550	-122.978207
959	0.000320	75000	-0.022720	-123.000927
960	0.000300	75000	-0.021819	-123.022746
961	0.000281	75000	-0.020977	-123.043723
962	0.000263	75000	-0.020238	-123.063960
963	0.000246	75000	-0.019473	-123.083434
964	0.000229	75000	-0.018620	-123.102054
965	0.000213	75000	-0.017864	-123.119918
966	0.000198	75000	-0.017055	-123.136973
967	0.000183	75000	-0.016334	-123.153307
968	0.000169	75000	-0.015599	-123.168906
969	0.000156	75000	-0.014854	-123.183760
970	0.000143	75000	-0.014140	-123.197901
971	0.000131	75000	-0.013434	-123.211335
972	0.000120	75000	-0.012742	-123.224077
973	0.000109	75000	-0.012020	-123.236098
974	0.000099	75000	-0.011352	-123.247449
975	0.000089	75000	-0.010717	-123.258166
976	0.000080	75000	-0.010057	-123.268223
977	0.000072	75000	-0.009435	-123.277658
978	0.000064	75000	-0.008815	-123.286473
979	0.000057	75000	-0.008188	-123.294660
980	0.000050	75000	-0.007598	-123.302258
981	0.000043	75000	-0.007033	-123.309291
982	0.000038	75000	-0.006486	-123.315777
983	0.000032	75000	-0.005925	-123.321702
984	0.000028	75000	-0.005408	-123.327110
985	0.000023	75000	-0.004885	-123.331995
986	0.000019	75000	-0.004376	-123.336371
987	0.000016	75000	-0.003904	-123.340275
988	0.000013	75000	-0.003451	-123.343725
989	0.000010	75000	-0.003011	-123.346736
990	0.000008	75000	-0.002582	-123.349318
991	0.000006	75000	-0.002189	-123.351507
992	0.000004	75000	-0.001816	-123.353323
993	0.000003	75000	-0.001464	-123.354787
994	0.000002	75000	-0.001140	-123.355928
995	0.000001	75000	-0.000844	-123.356772
996	0.000000	75000	-0.000581	-123.357353
997	0.000000	75000	-0.000352	-123.357704
998	0.000000	75000	-0.000164	-123.357869
999	0.000000	75000	-0.000035	-123.357904
Log marginal likelihood:	-123.357904
