Steppingstone sampler:
        No Stones:                  1000
        Start It:                   10000001
        It Per Stone:               100000
        Sample Freq:                1
        Dist:                       Beta(0.400000,1.000000)
Stone No	Power	N	Stone MLh	Running MLh
0	0.997502	75000	-0.602147	-0.602147
1	0.995007	75000	-0.601314	-1.203461
2	0.992517	75000	-0.600388	-1.803849
3	0.990030	75000	-0.599467	-2.403317
4	0.987547	75000	-0.598640	-3.001956
5	0.985067	75000	-0.597772	-3.599729
6	0.982592	75000	-0.596843	-4.196571
7	0.980120	75000	-0.596014	-4.792585
8	0.977652	75000	-0.595046	-5.387631
9	0.975187	75000	-0.594176	-5.981807
10	0.972726	75000	-0.593219	-6.575026
11	0.970269	75000	-0.592334	-7.167360
12	0.967816	75000	-0.591506	-7.758866
13	0.965367	75000	-0.590596	-8.349462
14	0.962921	75000	-0.589690	-8.939152
15	0.960479	75000	-0.588803	-9.527955
16	0.958040	75000	-0.587914	-10.115869
17	0.955606	75000	-0.586967	-10.702836
18	0.953175	75000	-0.586125	-11.288961
19	0.950747	75000	-0.585218	-11.874179
20	0.948324	75000	-0.584305	-12.458484
21	0.945904	75000	-0.583493	-13.041976
22	0.943488	75000	-0.582544	-13.624520
23	0.941076	75000	-0.581746	-14.206266
24	0.938667	75000	-0.580790	-14.787056
25	0.936262	75000	-0.579921	-15.366978
26	0.933861	75000	-0.579023	-15.946001
27	0.931463	75000	-0.578102	-16.524103
28	0.929069	75000	-0.577310	-17.101413
29	0.926679	75000	-0.576368	-17.677781
30	0.924293	75000	-0.575453	-18.253235
31	0.921910	75000	-0.574590	-18.827825
32	0.919531	75000	-0.573681	-19.401506
33	0.917155	75000	-0.572860	-19.974366
34	0.914783	75000	-0.571937	-20.546303
35	0.912415	75000	-0.571081	-21.117384
36	0.910051	75000	-0.570144	-21.687528
37	0.907690	75000	-0.569338	-22.256867
38	0.905333	75000	-0.568391	-22.825257
39	0.902980	75000	-0.567524	-23.392781
40	0.900630	75000	-0.566665	-23.959447
41	0.898284	75000	-0.565833	-24.525280
42	0.895942	75000	-0.564913	-25.090193
43	0.893603	75000	-0.564042	-25.654235
44	0.891268	75000	-0.563144	-26.217379
45	0.888937	75000	-0.562335	-26.779714
46	0.886609	75000	-0.561461	-27.341175
47	0.884285	75000	-0.560521	-27.901696
48	0.881965	75000	-0.559691	-28.461387
49	0.879648	75000	-0.558755	-29.020143
50	0.877335	75000	-0.557888	-29.578030
51	0.875026	75000	-0.557023	-30.135054
52	0.872720	75000	-0.556206	-30.691260
53	0.870418	75000	-0.555312	-31.246572
54	0.868120	75000	-0.554370	-31.800942
55	0.865825	75000	-0.553559	-32.354501
56	0.863534	75000	-0.552621	-32.907122
57	0.861246	75000	-0.551782	-33.458904
58	0.858962	75000	-0.550869	-34.009773
59	0.856682	75000	-0.550109	-34.559882
60	0.854405	75000	-0.549157	-35.109039
61	0.852132	75000	-0.548302	-35.657340
62	0.849863	75000	-0.547531	-36.204871
63	0.847597	75000	-0.546601	-36.751472
64	0.845335	75000	-0.545703	-37.297176
65	0.843077	75000	-0.544802	-37.841978
66	0.840822	75000	-0.543965	-38.385943
67	0.838571	75000	-0.543104	-38.929047
68	0.836323	75000	-0.542259	-39.471305
69	0.834079	75000	-0.541366	-40.012671
70	0.831839	75000	-0.540527	-40.553198
71	0.829602	75000	-0.539652	-41.092851
72	0.827369	75000	-0.538799	-41.631650
73	0.825140	75000	-0.537897	-42.169547
74	0.822914	75000	-0.537065	-42.706612
75	0.820691	75000	-0.536202	-43.242814
76	0.818473	75000	-0.535370	-43.778185
77	0.816258	75000	-0.534517	-44.312702
78	0.814046	75000	-0.533557	-44.846259
79	0.811838	75000	-0.532804	-45.379063
80	0.809634	75000	-0.531912	-45.910974
81	0.807433	75000	-0.531009	-46.441983
82	0.805236	75000	-0.530209	-46.972193
83	0.803043	75000	-0.529269	-47.501462
84	0.800853	75000	-0.528497	-48.029959
85	0.798667	75000	-0.527569	-48.557528
86	0.796484	75000	-0.526644	-49.084172
87	0.794305	75000	-0.525849	-49.610021
88	0.792129	75000	-0.524978	-50.134999
89	0.789957	75000	-0.524122	-50.659121
90	0.787789	75000	-0.523390	-51.182511
91	0.785624	75000	-0.522442	-51.704953
92	0.783463	75000	-0.521598	-52.226551
93	0.781305	75000	-0.520732	-52.747283
94	0.779151	75000	-0.519900	-53.267183
95	0.777000	75000	-0.519043	-53.786226
96	0.774853	75000	-0.518128	-54.304354
97	0.772710	75000	-0.517303	-54.821657
98	0.770570	75000	-0.516483	-55.338140
99	0.768433	75000	-0.515621	-55.853761
100	0.766301	75000	-0.514761	-56.368523
101	0.764172	75000	-0.513906	-56.882428
102	0.762046	75000	-0.513121	-57.395549
103	0.759924	75000	-0.512278	-57.907827
104	0.757805	75000	-0.511400	-58.419227
105	0.755690	75000	-0.510528	-58.929754
106	0.753579	75000	-0.509726	-59.439480
107	0.751471	75000	-0.508903	-59.948384
108	0.749366	75000	-0.508031	-60.456415
109	0.747266	75000	-0.507148	-60.963563
110	0.745168	75000	-0.506270	-61.469833
111	0.743075	75000	-0.505528	-61.975361
112	0.740984	75000	-0.504600	-62.479961
113	0.738898	75000	-0.503812	-62.983773
114	0.736815	75000	-0.502864	-63.486637
115	0.734735	75000	-0.502061	-63.988698
116	0.732659	75000	-0.501248	-64.489946
117	0.730586	75000	-0.500434	-64.990380
118	0.728517	75000	-0.499469	-65.489849
119	0.726452	75000	-0.498677	-65.988526
120	0.724390	75000	-0.497805	-66.486331
121	0.722331	75000	-0.497030	-66.983361
122	0.720276	75000	-0.496133	-67.479494
123	0.718225	75000	-0.495321	-67.974815
124	0.716177	75000	-0.494547	-68.469362
125	0.714132	75000	-0.493706	-68.963068
126	0.712091	75000	-0.492903	-69.455972
127	0.710054	75000	-0.492037	-69.948008
128	0.708020	75000	-0.491181	-70.439190
129	0.705989	75000	-0.490358	-70.929548
130	0.703962	75000	-0.489467	-71.419015
131	0.701939	75000	-0.488662	-71.907677
132	0.699919	75000	-0.487778	-72.395456
133	0.697902	75000	-0.486954	-72.882409
134	0.695889	75000	-0.486134	-73.368543
135	0.693880	75000	-0.485358	-73.853902
136	0.691874	75000	-0.484544	-74.338446
137	0.689871	75000	-0.483646	-74.822092
138	0.687872	75000	-0.482750	-75.304842
139	0.685877	75000	-0.482022	-75.786864
140	0.683885	75000	-0.481112	-76.267976
141	0.681896	75000	-0.480309	-76.748285
142	0.679911	75000	-0.479475	-77.227760
143	0.677929	75000	-0.478587	-77.706346
144	0.675951	75000	-0.477885	-78.184232
145	0.673976	75000	-0.476932	-78.661164
146	0.672005	75000	-0.476192	-79.137355
147	0.670037	75000	-0.475324	-79.612679
148	0.668073	75000	-0.474480	-80.087159
149	0.666112	75000	-0.473691	-80.560850
150	0.664155	75000	-0.472902	-81.033752
151	0.662201	75000	-0.472006	-81.505758
152	0.660250	75000	-0.471228	-81.976986
153	0.658303	75000	-0.470369	-82.447355
154	0.656359	75000	-0.469551	-82.916906
155	0.654419	75000	-0.468715	-83.385620
156	0.652483	75000	-0.467912	-83.853532
157	0.650549	75000	-0.467050	-84.320582
158	0.648619	75000	-0.466232	-84.786814
159	0.646693	75000	-0.465395	-85.252208
160	0.644770	75000	-0.464627	-85.716835
161	0.642851	75000	-0.463805	-86.180640
162	0.640934	75000	-0.462924	-86.643564
163	0.639022	75000	-0.462198	-87.105762
164	0.637113	75000	-0.461348	-87.567110
165	0.635207	75000	-0.460546	-88.027656
166	0.633304	75000	-0.459744	-88.487400
167	0.631405	75000	-0.458894	-88.946294
168	0.629510	75000	-0.458079	-89.404373
169	0.627618	75000	-0.457234	-89.861606
170	0.625729	75000	-0.456426	-90.318033
171	0.623844	75000	-0.455629	-90.773662
172	0.621962	75000	-0.454814	-91.228476
173	0.620083	75000	-0.453967	-91.682443
174	0.618208	75000	-0.453179	-92.135623
175	0.616337	75000	-0.452363	-92.587986
176	0.614468	75000	-0.451530	-93.039516
177	0.612604	75000	-0.450743	-93.490259
178	0.610742	75000	-0.449898	-93.940158
179	0.608884	75000	-0.449114	-94.389272
180	0.607029	75000	-0.448276	-94.837548
181	0.605178	75000	-0.447488	-95.285036
182	0.603330	75000	-0.446675	-95.731711
183	0.601486	75000	-0.445858	-96.177569
184	0.599645	75000	-0.445069	-96.622638
185	0.597807	75000	-0.444250	-97.066889
186	0.595973	75000	-0.443427	-97.510316
187	0.594142	75000	-0.442654	-97.952970
188	0.592314	75000	-0.441889	-98.394858
189	0.590490	75000	-0.441033	-98.835891
190	0.588669	75000	-0.440123	-99.276014
191	0.586852	75000	-0.439376	-99.715390
192	0.585038	75000	-0.438618	-100.154008
193	0.583227	75000	-0.437842	-100.591850
194	0.581420	75000	-0.437019	-101.028869
195	0.579616	75000	-0.436203	-101.465071
196	0.577815	75000	-0.435368	-101.900439
197	0.576018	75000	-0.434579	-102.335018
198	0.574224	75000	-0.433797	-102.768814
199	0.572433	75000	-0.433042	-103.201856
200	0.570646	75000	-0.432144	-103.634001
201	0.568862	75000	-0.431297	-104.065298
202	0.567082	75000	-0.430595	-104.495893
203	0.565305	75000	-0.429737	-104.925630
204	0.563531	75000	-0.428911	-105.354541
205	0.561761	75000	-0.428190	-105.782731
206	0.559993	75000	-0.427380	-106.210111
207	0.558230	75000	-0.426662	-106.636773
208	0.556469	75000	-0.425791	-107.062564
209	0.554712	75000	-0.424997	-107.487561
210	0.552958	75000	-0.424228	-107.911789
211	0.551208	75000	-0.423424	-108.335213
212	0.549461	75000	-0.422611	-108.757824
213	0.547717	75000	-0.421840	-109.179664
214	0.545977	75000	-0.421015	-109.600680
215	0.544240	75000	-0.420270	-110.020949
216	0.542506	75000	-0.419470	-110.440419
217	0.540775	75000	-0.418621	-110.859040
218	0.539048	75000	-0.417943	-111.276983
219	0.537324	75000	-0.417056	-111.694039
220	0.535604	75000	-0.416280	-112.110320
221	0.533887	75000	-0.415540	-112.525860
222	0.532173	75000	-0.414685	-112.940545
223	0.530462	75000	-0.413930	-113.354475
224	0.528755	75000	-0.413171	-113.767647
225	0.527051	75000	-0.412343	-114.179990
226	0.525350	75000	-0.411531	-114.591521
227	0.523653	75000	-0.410730	-115.002251
228	0.521958	75000	-0.410020	-115.412271
229	0.520268	75000	-0.409202	-115.821473
230	0.518580	75000	-0.408308	-116.229780
231	0.516896	75000	-0.407618	-116.637399
232	0.515215	75000	-0.406859	-117.044258
233	0.513537	75000	-0.406070	-117.450328
234	0.511863	75000	-0.405206	-117.855534
235	0.510192	75000	-0.404531	-118.260064
236	0.508524	75000	-0.403721	-118.663785
237	0.506859	75000	-0.402872	-119.066657
238	0.505198	75000	-0.402191	-119.468848
239	0.503540	75000	-0.401412	-119.870260
240	0.501885	75000	-0.400469	-120.270729
241	0.500234	75000	-0.399868	-120.670597
242	0.498586	75000	-0.399069	-121.069666
243	0.496941	75000	-0.398240	-121.467906
244	0.495299	75000	-0.397463	-121.865369
245	0.493660	75000	-0.396763	-122.262132
246	0.492025	75000	-0.395956	-122.658088
247	0.490393	75000	-0.395074	-123.053162
248	0.488765	75000	-0.394295	-123.447458
249	0.487139	75000	-0.393632	-123.841089
250	0.485517	75000	-0.392731	-124.233820
251	0.483898	75000	-0.391979	-124.625799
252	0.482283	75000	-0.391286	-125.017085
253	0.480670	75000	-0.390469	-125.407554
254	0.479061	75000	-0.389759	-125.797313
255	0.477455	75000	-0.388931	-126.186244
256	0.475852	75000	-0.388241	-126.574485
257	0.474253	75000	-0.387384	-126.961870
258	0.472656	75000	-0.386652	-127.348521
259	0.471063	75000	-0.385864	-127.734385
260	0.469474	75000	-0.385100	-128.119485
261	0.467887	75000	-0.384299	-128.503784
262	0.466304	75000	-0.383499	-128.887283
263	0.464723	75000	-0.382789	-129.270072
264	0.463146	75000	-0.381928	-129.652000
265	0.461573	75000	-0.381170	-130.033170
266	0.460002	75000	-0.380439	-130.413609
267	0.458435	75000	-0.379710	-130.793319
268	0.456871	75000	-0.378886	-131.172205
269	0.455310	75000	-0.378183	-131.550388
270	0.453752	75000	-0.377424	-131.927812
271	0.452198	75000	-0.376613	-132.304425
272	0.450647	75000	-0.375940	-132.680365
273	0.449098	75000	-0.375145	-133.055511
274	0.447554	75000	-0.374369	-133.429880
275	0.446012	75000	-0.373627	-133.803507
276	0.444473	75000	-0.372866	-134.176373
277	0.442938	75000	-0.372063	-134.548436
278	0.441406	75000	-0.371335	-134.919771
279	0.439877	75000	-0.370621	-135.290392
280	0.438351	75000	-0.369791	-135.660183
281	0.436829	75000	-0.369046	-136.029229
282	0.435309	75000	-0.368271	-136.397500
283	0.433793	75000	-0.367575	-136.765075
284	0.432280	75000	-0.366754	-137.131829
285	0.430770	75000	-0.366072	-137.497901
286	0.429263	75000	-0.365243	-137.863144
287	0.427760	75000	-0.364475	-138.227618
288	0.426259	75000	-0.363760	-138.591378
289	0.424762	75000	-0.363043	-138.954422
290	0.423268	75000	-0.362275	-139.316696
291	0.421777	75000	-0.361429	-139.678125
292	0.420289	75000	-0.360716	-140.038841
293	0.418805	75000	-0.360119	-140.398960
294	0.417323	75000	-0.359195	-140.758156
295	0.415845	75000	-0.358403	-141.116559
296	0.414370	75000	-0.357765	-141.474324
297	0.412898	75000	-0.356925	-141.831249
298	0.411429	75000	-0.356275	-142.187524
299	0.409963	75000	-0.355443	-142.542967
300	0.408501	75000	-0.354692	-142.897659
301	0.407041	75000	-0.354024	-143.251684
302	0.405585	75000	-0.353298	-143.604982
303	0.404132	75000	-0.352605	-143.957587
304	0.402682	75000	-0.351815	-144.309402
305	0.401235	75000	-0.350985	-144.660387
306	0.399791	75000	-0.350173	-145.010561
307	0.398350	75000	-0.349555	-145.360116
308	0.396913	75000	-0.348835	-145.708951
309	0.395478	75000	-0.348051	-146.057001
310	0.394047	75000	-0.347368	-146.404370
311	0.392619	75000	-0.346623	-146.750993
312	0.391194	75000	-0.345768	-147.096760
313	0.389772	75000	-0.345043	-147.441804
314	0.388353	75000	-0.344309	-147.786113
315	0.386937	75000	-0.343567	-148.129680
316	0.385524	75000	-0.342806	-148.472486
317	0.384115	75000	-0.342152	-148.814637
318	0.382708	75000	-0.341330	-149.155967
319	0.381305	75000	-0.340633	-149.496600
320	0.379904	75000	-0.339926	-149.836526
321	0.378507	75000	-0.339229	-150.175756
322	0.377113	75000	-0.338434	-150.514190
323	0.375722	75000	-0.337765	-150.851955
324	0.374334	75000	-0.336900	-151.188855
325	0.372949	75000	-0.336257	-151.525112
326	0.371567	75000	-0.335428	-151.860540
327	0.370189	75000	-0.334734	-152.195274
328	0.368813	75000	-0.334012	-152.529286
329	0.367440	75000	-0.333264	-152.862550
330	0.366071	75000	-0.332561	-153.195112
331	0.364705	75000	-0.331842	-153.526954
332	0.363341	75000	-0.331184	-153.858137
333	0.361981	75000	-0.330386	-154.188523
334	0.360624	75000	-0.329650	-154.518174
335	0.359269	75000	-0.328890	-154.847064
336	0.357918	75000	-0.328208	-155.175272
337	0.356570	75000	-0.327416	-155.502688
338	0.355225	75000	-0.326862	-155.829550
339	0.353883	75000	-0.326058	-156.155608
340	0.352544	75000	-0.325343	-156.480951
341	0.351208	75000	-0.324607	-156.805558
342	0.349875	75000	-0.323762	-157.129319
343	0.348546	75000	-0.323127	-157.452447
344	0.347219	75000	-0.322426	-157.774872
345	0.345895	75000	-0.321728	-158.096600
346	0.344574	75000	-0.321003	-158.417603
347	0.343257	75000	-0.320276	-158.737880
348	0.341942	75000	-0.319541	-159.057420
349	0.340630	75000	-0.318824	-159.376244
350	0.339322	75000	-0.318033	-159.694278
351	0.338016	75000	-0.317345	-160.011623
352	0.336714	75000	-0.316539	-160.328162
353	0.335414	75000	-0.315929	-160.644091
354	0.334118	75000	-0.315191	-160.959282
355	0.332824	75000	-0.314483	-161.273765
356	0.331534	75000	-0.313838	-161.587603
357	0.330246	75000	-0.313046	-161.900649
358	0.328962	75000	-0.312327	-162.212976
359	0.327680	75000	-0.311687	-162.524663
360	0.326401	75000	-0.310836	-162.835499
361	0.325126	75000	-0.310130	-163.145629
362	0.323853	75000	-0.309638	-163.455267
363	0.322584	75000	-0.308830	-163.764097
364	0.321317	75000	-0.308019	-164.072115
365	0.320054	75000	-0.307332	-164.379447
366	0.318793	75000	-0.306676	-164.686122
367	0.317536	75000	-0.305944	-164.992066
368	0.316281	75000	-0.305200	-165.297267
369	0.315030	75000	-0.304474	-165.601741
370	0.313781	75000	-0.303763	-165.905503
371	0.312535	75000	-0.303128	-166.208631
372	0.311293	75000	-0.302395	-166.511026
373	0.310053	75000	-0.301648	-166.812674
374	0.308816	75000	-0.301059	-167.113733
375	0.307582	75000	-0.300359	-167.414092
376	0.306352	75000	-0.299524	-167.713616
377	0.305124	75000	-0.298881	-168.012498
378	0.303899	75000	-0.298155	-168.310653
379	0.302677	75000	-0.297486	-168.608139
380	0.301458	75000	-0.296761	-168.904899
381	0.300242	75000	-0.296164	-169.201064
382	0.299029	75000	-0.295369	-169.496433
383	0.297819	75000	-0.294680	-169.791113
384	0.296611	75000	-0.293913	-170.085026
385	0.295407	75000	-0.293326	-170.378351
386	0.294206	75000	-0.292622	-170.670973
387	0.293007	75000	-0.291867	-170.962840
388	0.291812	75000	-0.291203	-171.254043
389	0.290619	75000	-0.290497	-171.544540
390	0.289430	75000	-0.289837	-171.834377
391	0.288243	75000	-0.289161	-172.123538
392	0.287059	75000	-0.288370	-172.411908
393	0.285879	75000	-0.287687	-172.699595
394	0.284701	75000	-0.286965	-172.986560
395	0.283526	75000	-0.286398	-173.272958
396	0.282354	75000	-0.285605	-173.558564
397	0.281184	75000	-0.284822	-173.843385
398	0.280018	75000	-0.284264	-174.127650
399	0.278855	75000	-0.283551	-174.411200
400	0.277694	75000	-0.282877	-174.694077
401	0.276537	75000	-0.282147	-174.976224
402	0.275382	75000	-0.281532	-175.257756
403	0.274230	75000	-0.280691	-175.538447
404	0.273082	75000	-0.280146	-175.818593
405	0.271936	75000	-0.279421	-176.098015
406	0.270793	75000	-0.278794	-176.376808
407	0.269652	75000	-0.277984	-176.654792
408	0.268515	75000	-0.277430	-176.932222
409	0.267381	75000	-0.276747	-177.208968
410	0.266249	75000	-0.275944	-177.484913
411	0.265121	75000	-0.275340	-177.760253
412	0.263995	75000	-0.274559	-178.034811
413	0.262872	75000	-0.273849	-178.308661
414	0.261752	75000	-0.273237	-178.581897
415	0.260635	75000	-0.272548	-178.854446
416	0.259520	75000	-0.271953	-179.126398
417	0.258409	75000	-0.271246	-179.397644
418	0.257300	75000	-0.270526	-179.668170
419	0.256195	75000	-0.269900	-179.938071
420	0.255092	75000	-0.269203	-180.207274
421	0.253992	75000	-0.268458	-180.475732
422	0.252895	75000	-0.267850	-180.743582
423	0.251800	75000	-0.267218	-181.010800
424	0.250709	75000	-0.266498	-181.277298
425	0.249620	75000	-0.265830	-181.543128
426	0.248534	75000	-0.265220	-181.808348
427	0.247451	75000	-0.264498	-182.072847
428	0.246371	75000	-0.263841	-182.336688
429	0.245294	75000	-0.263179	-182.599867
430	0.244220	75000	-0.262397	-182.862263
431	0.243148	75000	-0.261858	-183.124121
432	0.242079	75000	-0.261229	-183.385350
433	0.241013	75000	-0.260368	-183.645718
434	0.239950	75000	-0.259792	-183.905510
435	0.238890	75000	-0.259181	-184.164691
436	0.237832	75000	-0.258465	-184.423156
437	0.236778	75000	-0.257769	-184.680925
438	0.235726	75000	-0.257246	-184.938171
439	0.234677	75000	-0.256380	-185.194550
440	0.233630	75000	-0.255794	-185.450344
441	0.232587	75000	-0.255031	-185.705376
442	0.231546	75000	-0.254392	-185.959768
443	0.230509	75000	-0.253692	-186.213459
444	0.229473	75000	-0.253153	-186.466613
445	0.228441	75000	-0.252406	-186.719019
446	0.227412	75000	-0.251706	-186.970725
447	0.226385	75000	-0.251162	-187.221887
448	0.225361	75000	-0.250463	-187.472350
449	0.224340	75000	-0.249886	-187.722236
450	0.223322	75000	-0.249187	-187.971423
451	0.222306	75000	-0.248546	-188.219970
452	0.221293	75000	-0.247944	-188.467913
453	0.220283	75000	-0.247197	-188.715111
454	0.219276	75000	-0.246503	-188.961614
455	0.218272	75000	-0.245852	-189.207467
456	0.217270	75000	-0.245240	-189.452706
457	0.216271	75000	-0.244616	-189.697322
458	0.215275	75000	-0.243908	-189.941230
459	0.214281	75000	-0.243311	-190.184542
460	0.213291	75000	-0.242568	-190.427110
461	0.212303	75000	-0.242001	-190.669112
462	0.211318	75000	-0.241445	-190.910556
463	0.210335	75000	-0.240569	-191.151125
464	0.209356	75000	-0.240070	-191.391195
465	0.208379	75000	-0.239349	-191.630545
466	0.207404	75000	-0.238779	-191.869324
467	0.206433	75000	-0.238172	-192.107496
468	0.205464	75000	-0.237474	-192.344970
469	0.204498	75000	-0.236806	-192.581776
470	0.203535	75000	-0.236251	-192.818027
471	0.202575	75000	-0.235471	-193.053498
472	0.201617	75000	-0.234772	-193.288271
473	0.200662	75000	-0.234220	-193.522490
474	0.199709	75000	-0.233611	-193.756101
475	0.198760	75000	-0.232928	-193.989030
476	0.197813	75000	-0.232338	-194.221367
477	0.196869	75000	-0.231635	-194.453003
478	0.195927	75000	-0.231061	-194.684063
479	0.194988	75000	-0.230276	-194.914340
480	0.194052	75000	-0.229744	-195.144083
481	0.193119	75000	-0.229046	-195.373129
482	0.192188	75000	-0.228393	-195.601522
483	0.191260	75000	-0.227894	-195.829417
484	0.190335	75000	-0.227185	-196.056601
485	0.189412	75000	-0.226645	-196.283246
486	0.188492	75000	-0.226012	-196.509258
487	0.187575	75000	-0.225224	-196.734482
488	0.186660	75000	-0.224604	-196.959087
489	0.185749	75000	-0.223906	-197.182993
490	0.184839	75000	-0.223334	-197.406327
491	0.183933	75000	-0.222692	-197.629019
492	0.183029	75000	-0.222116	-197.851135
493	0.182128	75000	-0.221514	-198.072649
494	0.181229	75000	-0.220779	-198.293428
495	0.180333	75000	-0.220257	-198.513685
496	0.179440	75000	-0.219668	-198.733353
497	0.178550	75000	-0.218926	-198.952280
498	0.177662	75000	-0.218236	-199.170516
499	0.176777	75000	-0.217827	-199.388343
500	0.175894	75000	-0.217064	-199.605407
501	0.175014	75000	-0.216469	-199.821876
502	0.174137	75000	-0.215769	-200.037644
503	0.173262	75000	-0.215381	-200.253025
504	0.172390	75000	-0.214760	-200.467785
505	0.171521	75000	-0.214071	-200.681856
506	0.170654	75000	-0.213374	-200.895231
507	0.169790	75000	-0.212596	-201.107826
508	0.168929	75000	-0.212262	-201.320089
509	0.168070	75000	-0.211423	-201.531512
510	0.167214	75000	-0.210872	-201.742383
511	0.166360	75000	-0.210252	-201.952635
512	0.165509	75000	-0.209701	-202.162336
513	0.164661	75000	-0.209126	-202.371462
514	0.163815	75000	-0.208476	-202.579938
515	0.162972	75000	-0.207846	-202.787784
516	0.162132	75000	-0.207208	-202.994991
517	0.161294	75000	-0.206575	-203.201566
518	0.160458	75000	-0.205967	-203.407533
519	0.159626	75000	-0.205294	-203.612828
520	0.158796	75000	-0.204828	-203.817656
521	0.157968	75000	-0.204080	-204.021736
522	0.157143	75000	-0.203578	-204.225315
523	0.156321	75000	-0.203019	-204.428334
524	0.155501	75000	-0.202468	-204.630802
525	0.154684	75000	-0.201649	-204.832451
526	0.153870	75000	-0.201123	-205.033574
527	0.153058	75000	-0.200533	-205.234107
528	0.152248	75000	-0.199878	-205.433985
529	0.151441	75000	-0.199226	-205.633211
530	0.150637	75000	-0.198681	-205.831892
531	0.149835	75000	-0.198125	-206.030017
532	0.149036	75000	-0.197532	-206.227549
533	0.148240	75000	-0.196948	-206.424498
534	0.147446	75000	-0.196358	-206.620856
535	0.146654	75000	-0.195583	-206.816439
536	0.145865	75000	-0.195179	-207.011618
537	0.145079	75000	-0.194676	-207.206294
538	0.144295	75000	-0.193829	-207.400122
539	0.143514	75000	-0.193261	-207.593384
540	0.142735	75000	-0.192733	-207.786116
541	0.141959	75000	-0.192069	-207.978185
542	0.141186	75000	-0.191527	-208.169712
543	0.140415	75000	-0.190741	-208.360454
544	0.139646	75000	-0.190270	-208.550724
545	0.138880	75000	-0.189594	-208.740318
546	0.138116	75000	-0.189047	-208.929364
547	0.137356	75000	-0.188652	-209.118016
548	0.136597	75000	-0.187925	-209.305941
549	0.135841	75000	-0.187431	-209.493372
550	0.135088	75000	-0.186833	-209.680206
551	0.134337	75000	-0.186131	-209.866337
552	0.133588	75000	-0.185644	-210.051980
553	0.132843	75000	-0.185137	-210.237118
554	0.132099	75000	-0.184410	-210.421528
555	0.131358	75000	-0.183788	-210.605316
556	0.130620	75000	-0.183358	-210.788674
557	0.129884	75000	-0.182701	-210.971375
558	0.129151	75000	-0.182154	-211.153530
559	0.128420	75000	-0.181454	-211.334984
560	0.127691	75000	-0.180999	-211.515983
561	0.126965	75000	-0.180364	-211.696347
562	0.126242	75000	-0.179800	-211.876147
563	0.125521	75000	-0.179183	-212.055331
564	0.124802	75000	-0.178536	-212.233866
565	0.124086	75000	-0.177913	-212.411780
566	0.123373	75000	-0.177375	-212.589155
567	0.122662	75000	-0.176926	-212.766081
568	0.121953	75000	-0.176328	-212.942409
569	0.121247	75000	-0.175743	-213.118152
570	0.120543	75000	-0.175100	-213.293252
571	0.119842	75000	-0.174517	-213.467769
572	0.119143	75000	-0.174061	-213.641829
573	0.118447	75000	-0.173368	-213.815197
574	0.117753	75000	-0.172833	-213.988030
575	0.117062	75000	-0.172167	-214.160197
576	0.116373	75000	-0.171851	-214.332048
577	0.115686	75000	-0.171294	-214.503343
578	0.115002	75000	-0.170605	-214.673948
579	0.114320	75000	-0.170112	-214.844060
580	0.113641	75000	-0.169396	-215.013456
581	0.112964	75000	-0.168830	-215.182286
582	0.112290	75000	-0.168339	-215.350625
583	0.111618	75000	-0.167736	-215.518360
584	0.110948	75000	-0.167023	-215.685383
585	0.110281	75000	-0.166498	-215.851881
586	0.109616	75000	-0.166189	-216.018071
587	0.108954	75000	-0.165481	-216.183551
588	0.108294	75000	-0.164975	-216.348527
589	0.107637	75000	-0.164396	-216.512923
590	0.106981	75000	-0.163873	-216.676795
591	0.106329	75000	-0.163411	-216.840206
592	0.105678	75000	-0.162727	-217.002933
593	0.105030	75000	-0.162103	-217.165035
594	0.104385	75000	-0.161669	-217.326704
595	0.103742	75000	-0.161140	-217.487845
596	0.103101	75000	-0.160611	-217.648455
597	0.102463	75000	-0.160038	-217.808494
598	0.101827	75000	-0.159399	-217.967892
599	0.101193	75000	-0.158939	-218.126831
600	0.100562	75000	-0.158430	-218.285262
601	0.099933	75000	-0.157834	-218.443096
602	0.099306	75000	-0.157259	-218.600355
603	0.098682	75000	-0.156698	-218.757053
604	0.098060	75000	-0.156123	-218.913176
605	0.097441	75000	-0.155573	-219.068749
606	0.096824	75000	-0.155126	-219.223875
607	0.096209	75000	-0.154525	-219.378400
608	0.095596	75000	-0.154194	-219.532594
609	0.094986	75000	-0.153522	-219.686116
610	0.094379	75000	-0.152902	-219.839019
611	0.093773	75000	-0.152422	-219.991441
612	0.093170	75000	-0.151757	-220.143197
613	0.092570	75000	-0.151268	-220.294465
614	0.091971	75000	-0.150680	-220.445146
615	0.091375	75000	-0.150251	-220.595397
616	0.090781	75000	-0.149758	-220.745156
617	0.090190	75000	-0.149139	-220.894295
618	0.089601	75000	-0.148715	-221.043010
619	0.089014	75000	-0.148160	-221.191170
620	0.088430	75000	-0.147709	-221.338879
621	0.087848	75000	-0.147079	-221.485958
622	0.087268	75000	-0.146639	-221.632597
623	0.086690	75000	-0.145889	-221.778486
624	0.086115	75000	-0.145341	-221.923827
625	0.085542	75000	-0.145139	-222.068967
626	0.084971	75000	-0.144360	-222.213326
627	0.084403	75000	-0.143882	-222.357208
628	0.083837	75000	-0.143306	-222.500514
629	0.083273	75000	-0.142881	-222.643396
630	0.082712	75000	-0.142360	-222.785756
631	0.082152	75000	-0.141700	-222.927456
632	0.081595	75000	-0.141199	-223.068655
633	0.081041	75000	-0.140760	-223.209415
634	0.080488	75000	-0.140183	-223.349598
635	0.079938	75000	-0.139850	-223.489448
636	0.079390	75000	-0.139253	-223.628701
637	0.078845	75000	-0.138735	-223.767436
638	0.078301	75000	-0.138128	-223.905564
639	0.077760	75000	-0.137739	-224.043303
640	0.077221	75000	-0.137009	-224.180312
641	0.076684	75000	-0.136413	-224.316726
642	0.076150	75000	-0.136197	-224.452922
643	0.075618	75000	-0.135489	-224.588411
644	0.075088	75000	-0.135114	-224.723525
645	0.074560	75000	-0.134557	-224.858082
646	0.074035	75000	-0.134095	-224.992177
647	0.073512	75000	-0.133548	-225.125725
648	0.072991	75000	-0.133160	-225.258885
649	0.072472	75000	-0.132708	-225.391593
650	0.071955	75000	-0.131895	-225.523489
651	0.071441	75000	-0.131462	-225.654951
652	0.070929	75000	-0.130952	-225.785903
653	0.070419	75000	-0.130496	-225.916399
654	0.069911	75000	-0.130083	-226.046482
655	0.069406	75000	-0.129647	-226.176128
656	0.068903	75000	-0.129020	-226.305148
657	0.068401	75000	-0.128432	-226.433580
658	0.067903	75000	-0.127958	-226.561538
659	0.067406	75000	-0.127606	-226.689144
660	0.066911	75000	-0.127116	-226.816260
661	0.066419	75000	-0.126701	-226.942961
662	0.065929	75000	-0.126131	-227.069092
663	0.065441	75000	-0.125627	-227.194719
664	0.064955	75000	-0.125271	-227.319990
665	0.064471	75000	-0.124452	-227.444442
666	0.063990	75000	-0.124179	-227.568621
667	0.063510	75000	-0.123636	-227.692257
668	0.063033	75000	-0.123371	-227.815628
669	0.062558	75000	-0.122707	-227.938335
670	0.062085	75000	-0.122307	-228.060642
671	0.061615	75000	-0.121802	-228.182444
672	0.061146	75000	-0.121408	-228.303852
673	0.060680	75000	-0.120685	-228.424537
674	0.060216	75000	-0.120398	-228.544935
675	0.059753	75000	-0.119914	-228.664849
676	0.059293	75000	-0.119358	-228.784207
677	0.058836	75000	-0.118695	-228.902902
678	0.058380	75000	-0.118385	-229.021287
679	0.057926	75000	-0.118030	-229.139318
680	0.057475	75000	-0.117652	-229.256970
681	0.057025	75000	-0.116957	-229.373927
682	0.056578	75000	-0.116582	-229.490509
683	0.056133	75000	-0.116069	-229.606578
684	0.055690	75000	-0.115620	-229.722198
685	0.055249	75000	-0.115041	-229.837239
686	0.054810	75000	-0.114694	-229.951933
687	0.054373	75000	-0.114377	-230.066310
688	0.053939	75000	-0.113905	-230.180215
689	0.053506	75000	-0.113297	-230.293512
690	0.053076	75000	-0.112907	-230.406420
691	0.052647	75000	-0.112565	-230.518985
692	0.052221	75000	-0.111940	-230.630925
693	0.051797	75000	-0.111574	-230.742499
694	0.051375	75000	-0.111320	-230.853819
695	0.050955	75000	-0.110469	-230.964288
696	0.050537	75000	-0.110147	-231.074435
697	0.050121	75000	-0.109871	-231.184307
698	0.049707	75000	-0.109356	-231.293663
699	0.049295	75000	-0.108838	-231.402502
700	0.048885	75000	-0.108060	-231.510561
701	0.048478	75000	-0.107601	-231.618162
702	0.048072	75000	-0.107171	-231.725333
703	0.047668	75000	-0.107198	-231.832531
704	0.047267	75000	-0.106547	-231.939078
705	0.046867	75000	-0.106386	-232.045464
706	0.046470	75000	-0.105807	-232.151271
707	0.046074	75000	-0.105132	-232.256403
708	0.045681	75000	-0.105012	-232.361415
709	0.045289	75000	-0.104463	-232.465878
710	0.044900	75000	-0.103867	-232.569745
711	0.044512	75000	-0.103614	-232.673359
712	0.044127	75000	-0.103111	-232.776470
713	0.043744	75000	-0.102740	-232.879210
714	0.043362	75000	-0.102158	-232.981368
715	0.042983	75000	-0.101989	-233.083357
716	0.042606	75000	-0.101398	-233.184754
717	0.042230	75000	-0.100940	-233.285695
718	0.041857	75000	-0.100788	-233.386482
719	0.041485	75000	-0.100426	-233.486908
720	0.041116	75000	-0.099638	-233.586546
721	0.040749	75000	-0.099864	-233.686409
722	0.040383	75000	-0.098852	-233.785261
723	0.040020	75000	-0.098628	-233.883889
724	0.039658	75000	-0.098404	-233.982293
725	0.039299	75000	-0.097452	-234.079746
726	0.038941	75000	-0.097252	-234.176998
727	0.038585	75000	-0.097221	-234.274219
728	0.038232	75000	-0.096592	-234.370811
729	0.037880	75000	-0.096320	-234.467131
730	0.037530	75000	-0.095831	-234.562962
731	0.037182	75000	-0.095476	-234.658438
732	0.036836	75000	-0.095133	-234.753571
733	0.036493	75000	-0.094730	-234.848301
734	0.036151	75000	-0.094302	-234.942603
735	0.035810	75000	-0.093925	-235.036528
736	0.035472	75000	-0.093082	-235.129610
737	0.035136	75000	-0.093149	-235.222759
738	0.034802	75000	-0.092731	-235.315490
739	0.034469	75000	-0.091953	-235.407443
740	0.034139	75000	-0.091938	-235.499382
741	0.033810	75000	-0.091789	-235.591170
742	0.033484	75000	-0.090824	-235.681994
743	0.033159	75000	-0.090910	-235.772904
744	0.032836	75000	-0.090281	-235.863184
745	0.032515	75000	-0.090308	-235.953492
746	0.032196	75000	-0.089796	-236.043288
747	0.031879	75000	-0.089504	-236.132792
748	0.031563	75000	-0.089332	-236.222124
749	0.031250	75000	-0.088830	-236.310954
750	0.030938	75000	-0.088191	-236.399145
751	0.030629	75000	-0.087865	-236.487010
752	0.030321	75000	-0.087411	-236.574421
753	0.030015	75000	-0.087025	-236.661446
754	0.029711	75000	-0.087037	-236.748483
755	0.029409	75000	-0.086659	-236.835142
756	0.029108	75000	-0.086258	-236.921401
757	0.028810	75000	-0.085994	-237.007395
758	0.028513	75000	-0.085702	-237.093097
759	0.028218	75000	-0.085511	-237.178608
760	0.027925	75000	-0.085029	-237.263638
761	0.027634	75000	-0.085060	-237.348698
762	0.027345	75000	-0.084659	-237.433357
763	0.027057	75000	-0.084295	-237.517652
764	0.026771	75000	-0.084140	-237.601792
765	0.026487	75000	-0.083561	-237.685352
766	0.026205	75000	-0.083250	-237.768603
767	0.025925	75000	-0.082550	-237.851152
768	0.025647	75000	-0.082537	-237.933689
769	0.025370	75000	-0.082103	-238.015793
770	0.025095	75000	-0.082229	-238.098022
771	0.024822	75000	-0.081665	-238.179687
772	0.024551	75000	-0.081822	-238.261509
773	0.024281	75000	-0.081572	-238.343081
774	0.024014	75000	-0.081537	-238.424618
775	0.023748	75000	-0.080627	-238.505245
776	0.023483	75000	-0.080783	-238.586029
777	0.023221	75000	-0.080269	-238.666298
778	0.022960	75000	-0.080434	-238.746732
779	0.022702	75000	-0.079862	-238.826593
780	0.022445	75000	-0.079739	-238.906332
781	0.022189	75000	-0.079374	-238.985706
782	0.021936	75000	-0.079202	-239.064908
783	0.021684	75000	-0.079374	-239.144282
784	0.021434	75000	-0.078801	-239.223083
785	0.021185	75000	-0.078214	-239.301297
786	0.020939	75000	-0.078473	-239.379770
787	0.020694	75000	-0.078416	-239.458186
788	0.020451	75000	-0.078200	-239.536386
789	0.020209	75000	-0.077577	-239.613962
790	0.019969	75000	-0.077935	-239.691897
791	0.019731	75000	-0.077096	-239.768993
792	0.019495	75000	-0.077652	-239.846645
793	0.019261	75000	-0.076840	-239.923485
794	0.019028	75000	-0.077282	-240.000767
795	0.018796	75000	-0.076500	-240.077267
796	0.018567	75000	-0.077443	-240.154710
797	0.018339	75000	-0.076865	-240.231575
798	0.018113	75000	-0.077317	-240.308892
799	0.017889	75000	-0.078514	-240.387406
800	0.017666	75000	-0.076331	-240.463737
801	0.017445	75000	-0.076935	-240.540672
802	0.017225	75000	-0.077167	-240.617840
803	0.017007	75000	-0.076676	-240.694516
804	0.016791	75000	-0.075698	-240.770214
805	0.016577	75000	-0.075959	-240.846172
806	0.016364	75000	-0.075444	-240.921616
807	0.016153	75000	-0.075939	-240.997555
808	0.015943	75000	-0.076670	-241.074225
809	0.015736	75000	-0.076130	-241.150355
810	0.015529	75000	-0.077964	-241.228318
811	0.015325	75000	-0.077630	-241.305948
812	0.015122	75000	-0.077644	-241.383593
813	0.014920	75000	-0.077669	-241.461262
814	0.014721	75000	-0.077654	-241.538916
815	0.014523	75000	-0.079581	-241.618497
816	0.014326	75000	-0.077844	-241.696341
817	0.014131	75000	-0.079032	-241.775373
818	0.013938	75000	-0.081987	-241.857360
819	0.013746	75000	-0.077952	-241.935312
820	0.013556	75000	-0.080469	-242.015781
821	0.013367	75000	-0.079361	-242.095142
822	0.013181	75000	-0.080204	-242.175345
823	0.012995	75000	-0.079795	-242.255140
824	0.012811	75000	-0.080009	-242.335149
825	0.012629	75000	-0.080687	-242.415836
826	0.012448	75000	-0.083574	-242.499411
827	0.012269	75000	-0.083419	-242.582830
828	0.012092	75000	-0.084544	-242.667374
829	0.011916	75000	-0.082842	-242.750216
830	0.011741	75000	-0.084032	-242.834249
831	0.011568	75000	-0.085956	-242.920205
832	0.011397	75000	-0.086674	-243.006878
833	0.011227	75000	-0.085880	-243.092758
834	0.011059	75000	-0.091257	-243.184015
835	0.010892	75000	-0.089612	-243.273627
836	0.010727	75000	-0.089882	-243.363508
837	0.010563	75000	-0.091840	-243.455349
838	0.010401	75000	-0.089848	-243.545196
839	0.010240	75000	-0.091465	-243.636661
840	0.010081	75000	-0.095555	-243.732216
841	0.009923	75000	-0.096408	-243.828624
842	0.009767	75000	-0.095751	-243.924376
843	0.009612	75000	-0.096305	-244.020681
844	0.009459	75000	-0.097552	-244.118233
845	0.009307	75000	-0.100251	-244.218484
846	0.009156	75000	-0.104175	-244.322659
847	0.009008	75000	-0.100238	-244.422897
848	0.008860	75000	-0.100245	-244.523142
849	0.008714	75000	-0.102302	-244.625444
850	0.008570	75000	-0.105370	-244.730814
851	0.008427	75000	-0.106841	-244.837655
852	0.008285	75000	-0.107563	-244.945218
853	0.008145	75000	-0.108880	-245.054098
854	0.008006	75000	-0.111136	-245.165234
855	0.007869	75000	-0.107338	-245.272572
856	0.007733	75000	-0.110268	-245.382841
857	0.007598	75000	-0.111086	-245.493927
858	0.007465	75000	-0.112735	-245.606662
859	0.007334	75000	-0.108231	-245.714893
860	0.007203	75000	-0.112020	-245.826912
861	0.007075	75000	-0.111633	-245.938546
862	0.006947	75000	-0.112047	-246.050592
863	0.006821	75000	-0.112510	-246.163102
864	0.006696	75000	-0.111104	-246.274206
865	0.006573	75000	-0.110751	-246.384957
866	0.006451	75000	-0.111187	-246.496144
867	0.006330	75000	-0.109363	-246.605507
868	0.006211	75000	-0.111659	-246.717166
869	0.006093	75000	-0.111520	-246.828686
870	0.005977	75000	-0.109750	-246.938436
871	0.005862	75000	-0.112037	-247.050472
872	0.005748	75000	-0.108964	-247.159436
873	0.005635	75000	-0.108376	-247.267812
874	0.005524	75000	-0.108813	-247.376625
875	0.005414	75000	-0.107968	-247.484593
876	0.005306	75000	-0.107811	-247.592404
877	0.005199	75000	-0.108071	-247.700474
878	0.005093	75000	-0.106843	-247.807317
879	0.004988	75000	-0.107458	-247.914776
880	0.004885	75000	-0.104698	-248.019474
881	0.004783	75000	-0.104775	-248.124249
882	0.004682	75000	-0.104438	-248.228687
883	0.004583	75000	-0.104382	-248.333068
884	0.004485	75000	-0.101393	-248.434462
885	0.004388	75000	-0.101165	-248.535627
886	0.004292	75000	-0.100330	-248.635957
887	0.004198	75000	-0.100470	-248.736427
888	0.004105	75000	-0.098706	-248.835132
889	0.004013	75000	-0.098477	-248.933609
890	0.003923	75000	-0.096848	-249.030457
891	0.003833	75000	-0.095813	-249.126270
892	0.003745	75000	-0.095223	-249.221493
893	0.003658	75000	-0.094414	-249.315907
894	0.003573	75000	-0.092753	-249.408660
895	0.003488	75000	-0.091727	-249.500387
896	0.003405	75000	-0.091157	-249.591544
897	0.003323	75000	-0.089952	-249.681496
898	0.003242	75000	-0.089060	-249.770556
899	0.003162	75000	-0.088119	-249.858674
900	0.003084	75000	-0.086536	-249.945211
901	0.003007	75000	-0.085486	-250.030697
902	0.002930	75000	-0.084123	-250.114820
903	0.002855	75000	-0.083280	-250.198100
904	0.002782	75000	-0.082032	-250.280132
905	0.002709	75000	-0.081224	-250.361355
906	0.002638	75000	-0.079968	-250.441324
907	0.002567	75000	-0.078954	-250.520278
908	0.002498	75000	-0.077604	-250.597882
909	0.002430	75000	-0.076592	-250.674473
910	0.002363	75000	-0.075196	-250.749669
911	0.002297	75000	-0.074451	-250.824121
912	0.002233	75000	-0.072939	-250.897060
913	0.002169	75000	-0.071952	-250.969011
914	0.002106	75000	-0.070908	-251.039920
915	0.002045	75000	-0.069863	-251.109783
916	0.001985	75000	-0.068476	-251.178258
917	0.001925	75000	-0.067674	-251.245932
918	0.001867	75000	-0.066367	-251.312298
919	0.001810	75000	-0.065064	-251.377362
920	0.001754	75000	-0.064144	-251.441506
921	0.001699	75000	-0.062838	-251.504345
922	0.001645	75000	-0.061832	-251.566176
923	0.001592	75000	-0.060611	-251.626788
924	0.001540	75000	-0.059593	-251.686381
925	0.001490	75000	-0.058450	-251.744831
926	0.001440	75000	-0.057135	-251.801966
927	0.001391	75000	-0.056177	-251.858143
928	0.001343	75000	-0.055048	-251.913190
929	0.001296	75000	-0.053905	-251.967096
930	0.001251	75000	-0.052775	-252.019871
931	0.001206	75000	-0.051915	-252.071786
932	0.001162	75000	-0.050631	-252.122416
933	0.001119	75000	-0.049712	-252.172128
934	0.001077	75000	-0.048501	-252.220629
935	0.001036	75000	-0.047431	-252.268060
936	0.000996	75000	-0.046185	-252.314245
937	0.000957	75000	-0.045342	-252.359586
938	0.000919	75000	-0.044246	-252.403832
939	0.000882	75000	-0.043197	-252.447029
940	0.000846	75000	-0.042222	-252.489251
941	0.000810	75000	-0.041081	-252.530332
942	0.000776	75000	-0.039987	-252.570319
943	0.000742	75000	-0.039040	-252.609358
944	0.000709	75000	-0.038080	-252.647438
945	0.000678	75000	-0.037100	-252.684538
946	0.000647	75000	-0.036101	-252.720639
947	0.000617	75000	-0.035063	-252.755703
948	0.000587	75000	-0.034049	-252.789752
949	0.000559	75000	-0.033131	-252.822883
950	0.000531	75000	-0.032189	-252.855072
951	0.000505	75000	-0.031176	-252.886248
952	0.000479	75000	-0.030287	-252.916535
953	0.000454	75000	-0.029361	-252.945896
954	0.000430	75000	-0.028432	-252.974328
955	0.000406	75000	-0.027540	-253.001868
956	0.000383	75000	-0.026537	-253.028405
957	0.000362	75000	-0.025640	-253.054046
958	0.000340	75000	-0.024758	-253.078804
959	0.000320	75000	-0.023920	-253.102724
960	0.000300	75000	-0.022975	-253.125698
961	0.000281	75000	-0.022080	-253.147779
962	0.000263	75000	-0.021345	-253.169124
963	0.000246	75000	-0.020477	-253.189601
964	0.000229	75000	-0.019608	-253.209209
965	0.000213	75000	-0.018759	-253.227968
966	0.000198	75000	-0.017989	-253.245957
967	0.000183	75000	-0.017180	-253.263137
968	0.000169	75000	-0.016393	-253.279530
969	0.000156	75000	-0.015639	-253.295170
970	0.000143	75000	-0.014885	-253.310055
971	0.000131	75000	-0.014136	-253.324191
972	0.000120	75000	-0.013402	-253.337592
973	0.000109	75000	-0.012675	-253.350267
974	0.000099	75000	-0.011965	-253.362232
975	0.000089	75000	-0.011288	-253.373519
976	0.000080	75000	-0.010583	-253.384103
977	0.000072	75000	-0.009931	-253.394033
978	0.000064	75000	-0.009281	-253.403315
979	0.000057	75000	-0.008647	-253.411962
980	0.000050	75000	-0.008024	-253.419985
981	0.000043	75000	-0.007403	-253.427388
982	0.000038	75000	-0.006801	-253.434189
983	0.000032	75000	-0.006244	-253.440433
984	0.000028	75000	-0.005677	-253.446110
985	0.000023	75000	-0.005139	-253.451249
986	0.000019	75000	-0.004618	-253.455867
987	0.000016	75000	-0.004114	-253.459981
988	0.000013	75000	-0.003626	-253.463608
989	0.000010	75000	-0.003167	-253.466775
990	0.000008	75000	-0.002729	-253.469504
991	0.000006	75000	-0.002304	-253.471808
992	0.000004	75000	-0.001913	-253.473720
993	0.000003	75000	-0.001541	-253.475261
994	0.000002	75000	-0.001199	-253.476460
995	0.000001	75000	-0.000890	-253.477350
996	0.000000	75000	-0.000611	-253.477961
997	0.000000	75000	-0.000370	-253.478331
998	0.000000	75000	-0.000173	-253.478505
999	0.000000	75000	-0.000037	-253.478542
Log marginal likelihood:	-253.478542
