Steppingstone sampler:
        No Stones:                  1000
        Start It:                   10000001
        It Per Stone:               100000
        Sample Freq:                1
        Dist:                       Beta(0.400000,1.000000)
Stone No	Power	N	Stone MLh	Running MLh
0	0.997502	75000	-0.070632	-0.070632
1	0.995007	75000	-0.070510	-0.141142
2	0.992517	75000	-0.070387	-0.211529
3	0.990030	75000	-0.070267	-0.281796
4	0.987547	75000	-0.070249	-0.352045
5	0.985067	75000	-0.070033	-0.422078
6	0.982592	75000	-0.069975	-0.492053
7	0.980120	75000	-0.069914	-0.561966
8	0.977652	75000	-0.069829	-0.631796
9	0.975187	75000	-0.069667	-0.701463
10	0.972726	75000	-0.069614	-0.771076
11	0.970269	75000	-0.069598	-0.840675
12	0.967816	75000	-0.069382	-0.910056
13	0.965367	75000	-0.069283	-0.979339
14	0.962921	75000	-0.069206	-1.048546
15	0.960479	75000	-0.069112	-1.117658
16	0.958040	75000	-0.069005	-1.186663
17	0.955606	75000	-0.068839	-1.255502
18	0.953175	75000	-0.068869	-1.324371
19	0.950747	75000	-0.068695	-1.393066
20	0.948324	75000	-0.068611	-1.461677
21	0.945904	75000	-0.068500	-1.530176
22	0.943488	75000	-0.068479	-1.598656
23	0.941076	75000	-0.068317	-1.666973
24	0.938667	75000	-0.068175	-1.735148
25	0.936262	75000	-0.068110	-1.803259
26	0.933861	75000	-0.067999	-1.871258
27	0.931463	75000	-0.067915	-1.939173
28	0.929069	75000	-0.067841	-2.007013
29	0.926679	75000	-0.067676	-2.074689
30	0.924293	75000	-0.067612	-2.142301
31	0.921910	75000	-0.067514	-2.209814
32	0.919531	75000	-0.067424	-2.277238
33	0.917155	75000	-0.067371	-2.344609
34	0.914783	75000	-0.067298	-2.411907
35	0.912415	75000	-0.067160	-2.479067
36	0.910051	75000	-0.067067	-2.546134
37	0.907690	75000	-0.066979	-2.613113
38	0.905333	75000	-0.066796	-2.679910
39	0.902980	75000	-0.066741	-2.746651
40	0.900630	75000	-0.066652	-2.813303
41	0.898284	75000	-0.066574	-2.879877
42	0.895942	75000	-0.066505	-2.946382
43	0.893603	75000	-0.066355	-3.012737
44	0.891268	75000	-0.066282	-3.079019
45	0.888937	75000	-0.066138	-3.145157
46	0.886609	75000	-0.066063	-3.211220
47	0.884285	75000	-0.065999	-3.277219
48	0.881965	75000	-0.065867	-3.343086
49	0.879648	75000	-0.065832	-3.408918
50	0.877335	75000	-0.065670	-3.474589
51	0.875026	75000	-0.065532	-3.540121
52	0.872720	75000	-0.065496	-3.605616
53	0.870418	75000	-0.065375	-3.670991
54	0.868120	75000	-0.065327	-3.736318
55	0.865825	75000	-0.065201	-3.801518
56	0.863534	75000	-0.065106	-3.866624
57	0.861246	75000	-0.065102	-3.931726
58	0.858962	75000	-0.064931	-3.996657
59	0.856682	75000	-0.064807	-4.061464
60	0.854405	75000	-0.064717	-4.126181
61	0.852132	75000	-0.064694	-4.190875
62	0.849863	75000	-0.064483	-4.255359
63	0.847597	75000	-0.064440	-4.319798
64	0.845335	75000	-0.064338	-4.384136
65	0.843077	75000	-0.064268	-4.448404
66	0.840822	75000	-0.064150	-4.512554
67	0.838571	75000	-0.064044	-4.576598
68	0.836323	75000	-0.063993	-4.640592
69	0.834079	75000	-0.063807	-4.704399
70	0.831839	75000	-0.063812	-4.768210
71	0.829602	75000	-0.063662	-4.831872
72	0.827369	75000	-0.063534	-4.895406
73	0.825140	75000	-0.063441	-4.958846
74	0.822914	75000	-0.063415	-5.022261
75	0.820691	75000	-0.063283	-5.085544
76	0.818473	75000	-0.063138	-5.148682
77	0.816258	75000	-0.063116	-5.211797
78	0.814046	75000	-0.063059	-5.274856
79	0.811838	75000	-0.062887	-5.337744
80	0.809634	75000	-0.062870	-5.400614
81	0.807433	75000	-0.062683	-5.463297
82	0.805236	75000	-0.062610	-5.525907
83	0.803043	75000	-0.062493	-5.588400
84	0.800853	75000	-0.062411	-5.650810
85	0.798667	75000	-0.062336	-5.713147
86	0.796484	75000	-0.062217	-5.775364
87	0.794305	75000	-0.062107	-5.837471
88	0.792129	75000	-0.062030	-5.899501
89	0.789957	75000	-0.061955	-5.961456
90	0.787789	75000	-0.061865	-6.023320
91	0.785624	75000	-0.061743	-6.085063
92	0.783463	75000	-0.061645	-6.146709
93	0.781305	75000	-0.061642	-6.208350
94	0.779151	75000	-0.061522	-6.269872
95	0.777000	75000	-0.061394	-6.331266
96	0.774853	75000	-0.061307	-6.392573
97	0.772710	75000	-0.061254	-6.453827
98	0.770570	75000	-0.061118	-6.514945
99	0.768433	75000	-0.060964	-6.575909
100	0.766301	75000	-0.060942	-6.636850
101	0.764172	75000	-0.060862	-6.697713
102	0.762046	75000	-0.060692	-6.758405
103	0.759924	75000	-0.060686	-6.819091
104	0.757805	75000	-0.060569	-6.879660
105	0.755690	75000	-0.060431	-6.940091
106	0.753579	75000	-0.060311	-7.000402
107	0.751471	75000	-0.060206	-7.060608
108	0.749366	75000	-0.060170	-7.120778
109	0.747266	75000	-0.060028	-7.180806
110	0.745168	75000	-0.059980	-7.240786
111	0.743075	75000	-0.059944	-7.300730
112	0.740984	75000	-0.059797	-7.360527
113	0.738898	75000	-0.059713	-7.420240
114	0.736815	75000	-0.059632	-7.479871
115	0.734735	75000	-0.059522	-7.539393
116	0.732659	75000	-0.059490	-7.598883
117	0.730586	75000	-0.059373	-7.658256
118	0.728517	75000	-0.059214	-7.717470
119	0.726452	75000	-0.059183	-7.776653
120	0.724390	75000	-0.059092	-7.835745
121	0.722331	75000	-0.058973	-7.894718
122	0.720276	75000	-0.058882	-7.953599
123	0.718225	75000	-0.058746	-8.012345
124	0.716177	75000	-0.058634	-8.070979
125	0.714132	75000	-0.058678	-8.129658
126	0.712091	75000	-0.058478	-8.188135
127	0.710054	75000	-0.058445	-8.246580
128	0.708020	75000	-0.058367	-8.304947
129	0.705989	75000	-0.058201	-8.363148
130	0.703962	75000	-0.058174	-8.421322
131	0.701939	75000	-0.058075	-8.479397
132	0.699919	75000	-0.057895	-8.537292
133	0.697902	75000	-0.057842	-8.595134
134	0.695889	75000	-0.057789	-8.652923
135	0.693880	75000	-0.057721	-8.710644
136	0.691874	75000	-0.057579	-8.768223
137	0.689871	75000	-0.057552	-8.825775
138	0.687872	75000	-0.057437	-8.883212
139	0.685877	75000	-0.057432	-8.940644
140	0.683885	75000	-0.057224	-8.997869
141	0.681896	75000	-0.057139	-9.055007
142	0.679911	75000	-0.057060	-9.112067
143	0.677929	75000	-0.056949	-9.169016
144	0.675951	75000	-0.056932	-9.225947
145	0.673976	75000	-0.056832	-9.282779
146	0.672005	75000	-0.056647	-9.339426
147	0.670037	75000	-0.056525	-9.395952
148	0.668073	75000	-0.056497	-9.452448
149	0.666112	75000	-0.056446	-9.508894
150	0.664155	75000	-0.056306	-9.565201
151	0.662201	75000	-0.056207	-9.621408
152	0.660250	75000	-0.056099	-9.677506
153	0.658303	75000	-0.055981	-9.733487
154	0.656359	75000	-0.055868	-9.789355
155	0.654419	75000	-0.055889	-9.845244
156	0.652483	75000	-0.055754	-9.900998
157	0.650549	75000	-0.055751	-9.956749
158	0.648619	75000	-0.055588	-10.012337
159	0.646693	75000	-0.055550	-10.067887
160	0.644770	75000	-0.055380	-10.123267
161	0.642851	75000	-0.055379	-10.178645
162	0.640934	75000	-0.055237	-10.233882
163	0.639022	75000	-0.055192	-10.289075
164	0.637113	75000	-0.055037	-10.344112
165	0.635207	75000	-0.054948	-10.399060
166	0.633304	75000	-0.054845	-10.453905
167	0.631405	75000	-0.054789	-10.508694
168	0.629510	75000	-0.054698	-10.563392
169	0.627618	75000	-0.054592	-10.617984
170	0.625729	75000	-0.054569	-10.672553
171	0.623844	75000	-0.054469	-10.727022
172	0.621962	75000	-0.054349	-10.781371
173	0.620083	75000	-0.054255	-10.835626
174	0.618208	75000	-0.054123	-10.889749
175	0.616337	75000	-0.054116	-10.943865
176	0.614468	75000	-0.053960	-10.997825
177	0.612604	75000	-0.053975	-11.051800
178	0.610742	75000	-0.053822	-11.105622
179	0.608884	75000	-0.053730	-11.159352
180	0.607029	75000	-0.053609	-11.212961
181	0.605178	75000	-0.053546	-11.266507
182	0.603330	75000	-0.053440	-11.319947
183	0.601486	75000	-0.053399	-11.373346
184	0.599645	75000	-0.053254	-11.426600
185	0.597807	75000	-0.053189	-11.479789
186	0.595973	75000	-0.053114	-11.532902
187	0.594142	75000	-0.053016	-11.585919
188	0.592314	75000	-0.052927	-11.638845
189	0.590490	75000	-0.052779	-11.691625
190	0.588669	75000	-0.052781	-11.744405
191	0.586852	75000	-0.052641	-11.797046
192	0.585038	75000	-0.052576	-11.849623
193	0.583227	75000	-0.052518	-11.902140
194	0.581420	75000	-0.052400	-11.954541
195	0.579616	75000	-0.052323	-12.006864
196	0.577815	75000	-0.052191	-12.059055
197	0.576018	75000	-0.052147	-12.111202
198	0.574224	75000	-0.052083	-12.163285
199	0.572433	75000	-0.051895	-12.215179
200	0.570646	75000	-0.051890	-12.267069
201	0.568862	75000	-0.051740	-12.318810
202	0.567082	75000	-0.051710	-12.370520
203	0.565305	75000	-0.051542	-12.422062
204	0.563531	75000	-0.051574	-12.473636
205	0.561761	75000	-0.051397	-12.525033
206	0.559993	75000	-0.051364	-12.576397
207	0.558230	75000	-0.051217	-12.627614
208	0.556469	75000	-0.051129	-12.678743
209	0.554712	75000	-0.051086	-12.729829
210	0.552958	75000	-0.050953	-12.780782
211	0.551208	75000	-0.050946	-12.831728
212	0.549461	75000	-0.050841	-12.882569
213	0.547717	75000	-0.050703	-12.933272
214	0.545977	75000	-0.050659	-12.983931
215	0.544240	75000	-0.050569	-13.034499
216	0.542506	75000	-0.050478	-13.084978
217	0.540775	75000	-0.050382	-13.135360
218	0.539048	75000	-0.050307	-13.185667
219	0.537324	75000	-0.050176	-13.235843
220	0.535604	75000	-0.050133	-13.285976
221	0.533887	75000	-0.050075	-13.336052
222	0.532173	75000	-0.049927	-13.385979
223	0.530462	75000	-0.049895	-13.435874
224	0.528755	75000	-0.049821	-13.485695
225	0.527051	75000	-0.049738	-13.535433
226	0.525350	75000	-0.049582	-13.585014
227	0.523653	75000	-0.049520	-13.634534
228	0.521958	75000	-0.049384	-13.683918
229	0.520268	75000	-0.049341	-13.733259
230	0.518580	75000	-0.049297	-13.782556
231	0.516896	75000	-0.049175	-13.831731
232	0.515215	75000	-0.049060	-13.880792
233	0.513537	75000	-0.048975	-13.929767
234	0.511863	75000	-0.048903	-13.978670
235	0.510192	75000	-0.048903	-14.027573
236	0.508524	75000	-0.048776	-14.076349
237	0.506859	75000	-0.048705	-14.125054
238	0.505198	75000	-0.048587	-14.173641
239	0.503540	75000	-0.048575	-14.222216
240	0.501885	75000	-0.048446	-14.270662
241	0.500234	75000	-0.048358	-14.319020
242	0.498586	75000	-0.048319	-14.367339
243	0.496941	75000	-0.048208	-14.415547
244	0.495299	75000	-0.048073	-14.463620
245	0.493660	75000	-0.048049	-14.511669
246	0.492025	75000	-0.047883	-14.559552
247	0.490393	75000	-0.047848	-14.607401
248	0.488765	75000	-0.047837	-14.655238
249	0.487139	75000	-0.047681	-14.702919
250	0.485517	75000	-0.047631	-14.750549
251	0.483898	75000	-0.047501	-14.798051
252	0.482283	75000	-0.047367	-14.845418
253	0.480670	75000	-0.047332	-14.892750
254	0.479061	75000	-0.047249	-14.939999
255	0.477455	75000	-0.047139	-14.987138
256	0.475852	75000	-0.047062	-15.034201
257	0.474253	75000	-0.046970	-15.081170
258	0.472656	75000	-0.046919	-15.128089
259	0.471063	75000	-0.046854	-15.174943
260	0.469474	75000	-0.046794	-15.221737
261	0.467887	75000	-0.046684	-15.268420
262	0.466304	75000	-0.046585	-15.315005
263	0.464723	75000	-0.046515	-15.361520
264	0.463146	75000	-0.046371	-15.407891
265	0.461573	75000	-0.046338	-15.454229
266	0.460002	75000	-0.046219	-15.500448
267	0.458435	75000	-0.046153	-15.546601
268	0.456871	75000	-0.046156	-15.592757
269	0.455310	75000	-0.045978	-15.638735
270	0.453752	75000	-0.045986	-15.684721
271	0.452198	75000	-0.045868	-15.730588
272	0.450647	75000	-0.045753	-15.776341
273	0.449098	75000	-0.045663	-15.822005
274	0.447554	75000	-0.045645	-15.867650
275	0.446012	75000	-0.045486	-15.913136
276	0.444473	75000	-0.045423	-15.958559
277	0.442938	75000	-0.045330	-16.003889
278	0.441406	75000	-0.045255	-16.049143
279	0.439877	75000	-0.045178	-16.094321
280	0.438351	75000	-0.045051	-16.139373
281	0.436829	75000	-0.045003	-16.184376
282	0.435309	75000	-0.044924	-16.229300
283	0.433793	75000	-0.044737	-16.274037
284	0.432280	75000	-0.044712	-16.318748
285	0.430770	75000	-0.044772	-16.363520
286	0.429263	75000	-0.044537	-16.408057
287	0.427760	75000	-0.044578	-16.452635
288	0.426259	75000	-0.044374	-16.497009
289	0.424762	75000	-0.044356	-16.541364
290	0.423268	75000	-0.044318	-16.585682
291	0.421777	75000	-0.044226	-16.629908
292	0.420289	75000	-0.044091	-16.674000
293	0.418805	75000	-0.044090	-16.718089
294	0.417323	75000	-0.043995	-16.762084
295	0.415845	75000	-0.043867	-16.805950
296	0.414370	75000	-0.043805	-16.849755
297	0.412898	75000	-0.043803	-16.893558
298	0.411429	75000	-0.043550	-16.937108
299	0.409963	75000	-0.043547	-16.980656
300	0.408501	75000	-0.043461	-17.024117
301	0.407041	75000	-0.043421	-17.067538
302	0.405585	75000	-0.043261	-17.110799
303	0.404132	75000	-0.043181	-17.153980
304	0.402682	75000	-0.043159	-17.197139
305	0.401235	75000	-0.043078	-17.240217
306	0.399791	75000	-0.042992	-17.283210
307	0.398350	75000	-0.042905	-17.326115
308	0.396913	75000	-0.042831	-17.368946
309	0.395478	75000	-0.042762	-17.411708
310	0.394047	75000	-0.042811	-17.454519
311	0.392619	75000	-0.042656	-17.497175
312	0.391194	75000	-0.042501	-17.539676
313	0.389772	75000	-0.042471	-17.582147
314	0.388353	75000	-0.042436	-17.624583
315	0.386937	75000	-0.042249	-17.666832
316	0.385524	75000	-0.042207	-17.709038
317	0.384115	75000	-0.042220	-17.751258
318	0.382708	75000	-0.042071	-17.793329
319	0.381305	75000	-0.041997	-17.835326
320	0.379904	75000	-0.041953	-17.877278
321	0.378507	75000	-0.041890	-17.919168
322	0.377113	75000	-0.041790	-17.960959
323	0.375722	75000	-0.041609	-18.002567
324	0.374334	75000	-0.041590	-18.044157
325	0.372949	75000	-0.041468	-18.085625
326	0.371567	75000	-0.041478	-18.127103
327	0.370189	75000	-0.041296	-18.168399
328	0.368813	75000	-0.041271	-18.209670
329	0.367440	75000	-0.041158	-18.250828
330	0.366071	75000	-0.041053	-18.291881
331	0.364705	75000	-0.041013	-18.332893
332	0.363341	75000	-0.040968	-18.373862
333	0.361981	75000	-0.040845	-18.414706
334	0.360624	75000	-0.040713	-18.455419
335	0.359269	75000	-0.040770	-18.496189
336	0.357918	75000	-0.040523	-18.536712
337	0.356570	75000	-0.040631	-18.577343
338	0.355225	75000	-0.040401	-18.617743
339	0.353883	75000	-0.040385	-18.658128
340	0.352544	75000	-0.040364	-18.698492
341	0.351208	75000	-0.040285	-18.738777
342	0.349875	75000	-0.040208	-18.778985
343	0.348546	75000	-0.040223	-18.819208
344	0.347219	75000	-0.040099	-18.859307
345	0.345895	75000	-0.039900	-18.899207
346	0.344574	75000	-0.039933	-18.939140
347	0.343257	75000	-0.039879	-18.979019
348	0.341942	75000	-0.039663	-19.018682
349	0.340630	75000	-0.039649	-19.058331
350	0.339322	75000	-0.039664	-19.097995
351	0.338016	75000	-0.039518	-19.137513
352	0.336714	75000	-0.039375	-19.176888
353	0.335414	75000	-0.039339	-19.216227
354	0.334118	75000	-0.039234	-19.255462
355	0.332824	75000	-0.039209	-19.294671
356	0.331534	75000	-0.039082	-19.333753
357	0.330246	75000	-0.039016	-19.372769
358	0.328962	75000	-0.038853	-19.411621
359	0.327680	75000	-0.039018	-19.450639
360	0.326401	75000	-0.038840	-19.489479
361	0.325126	75000	-0.038786	-19.528265
362	0.323853	75000	-0.038671	-19.566937
363	0.322584	75000	-0.038651	-19.605588
364	0.321317	75000	-0.038579	-19.644167
365	0.320054	75000	-0.038538	-19.682704
366	0.318793	75000	-0.038432	-19.721137
367	0.317536	75000	-0.038310	-19.759447
368	0.316281	75000	-0.038174	-19.797621
369	0.315030	75000	-0.038146	-19.835768
370	0.313781	75000	-0.038093	-19.873860
371	0.312535	75000	-0.037987	-19.911847
372	0.311293	75000	-0.037840	-19.949687
373	0.310053	75000	-0.037860	-19.987546
374	0.308816	75000	-0.037850	-20.025396
375	0.307582	75000	-0.037716	-20.063112
376	0.306352	75000	-0.037659	-20.100771
377	0.305124	75000	-0.037503	-20.138274
378	0.303899	75000	-0.037468	-20.175742
379	0.302677	75000	-0.037415	-20.213157
380	0.301458	75000	-0.037271	-20.250428
381	0.300242	75000	-0.037273	-20.287701
382	0.299029	75000	-0.037240	-20.324941
383	0.297819	75000	-0.037115	-20.362056
384	0.296611	75000	-0.037038	-20.399095
385	0.295407	75000	-0.036918	-20.436013
386	0.294206	75000	-0.036848	-20.472861
387	0.293007	75000	-0.036833	-20.509694
388	0.291812	75000	-0.036688	-20.546382
389	0.290619	75000	-0.036686	-20.583068
390	0.289430	75000	-0.036566	-20.619634
391	0.288243	75000	-0.036509	-20.656143
392	0.287059	75000	-0.036471	-20.692614
393	0.285879	75000	-0.036457	-20.729071
394	0.284701	75000	-0.036285	-20.765356
395	0.283526	75000	-0.036259	-20.801615
396	0.282354	75000	-0.036236	-20.837851
397	0.281184	75000	-0.036117	-20.873967
398	0.280018	75000	-0.036063	-20.910030
399	0.278855	75000	-0.035887	-20.945918
400	0.277694	75000	-0.035851	-20.981769
401	0.276537	75000	-0.035807	-21.017576
402	0.275382	75000	-0.035773	-21.053349
403	0.274230	75000	-0.035687	-21.089037
404	0.273082	75000	-0.035586	-21.124623
405	0.271936	75000	-0.035508	-21.160131
406	0.270793	75000	-0.035455	-21.195586
407	0.269652	75000	-0.035409	-21.230994
408	0.268515	75000	-0.035393	-21.266388
409	0.267381	75000	-0.035193	-21.301580
410	0.266249	75000	-0.035139	-21.336720
411	0.265121	75000	-0.035216	-21.371936
412	0.263995	75000	-0.034959	-21.406895
413	0.262872	75000	-0.034906	-21.441801
414	0.261752	75000	-0.034925	-21.476725
415	0.260635	75000	-0.034800	-21.511526
416	0.259520	75000	-0.034806	-21.546332
417	0.258409	75000	-0.034658	-21.580989
418	0.257300	75000	-0.034636	-21.615625
419	0.256195	75000	-0.034549	-21.650174
420	0.255092	75000	-0.034510	-21.684684
421	0.253992	75000	-0.034355	-21.719039
422	0.252895	75000	-0.034313	-21.753352
423	0.251800	75000	-0.034202	-21.787554
424	0.250709	75000	-0.034157	-21.821711
425	0.249620	75000	-0.034157	-21.855868
426	0.248534	75000	-0.034129	-21.889997
427	0.247451	75000	-0.033989	-21.923986
428	0.246371	75000	-0.033903	-21.957889
429	0.245294	75000	-0.033835	-21.991724
430	0.244220	75000	-0.033693	-22.025417
431	0.243148	75000	-0.033733	-22.059151
432	0.242079	75000	-0.033612	-22.092763
433	0.241013	75000	-0.033618	-22.126381
434	0.239950	75000	-0.033421	-22.159803
435	0.238890	75000	-0.033421	-22.193223
436	0.237832	75000	-0.033436	-22.226659
437	0.236778	75000	-0.033383	-22.260042
438	0.235726	75000	-0.033160	-22.293202
439	0.234677	75000	-0.033205	-22.326407
440	0.233630	75000	-0.033044	-22.359451
441	0.232587	75000	-0.033122	-22.392574
442	0.231546	75000	-0.032945	-22.425518
443	0.230509	75000	-0.032851	-22.458370
444	0.229473	75000	-0.032921	-22.491290
445	0.228441	75000	-0.032751	-22.524041
446	0.227412	75000	-0.032678	-22.556719
447	0.226385	75000	-0.032472	-22.589191
448	0.225361	75000	-0.032675	-22.621866
449	0.224340	75000	-0.032594	-22.654460
450	0.223322	75000	-0.032412	-22.686872
451	0.222306	75000	-0.032396	-22.719268
452	0.221293	75000	-0.032295	-22.751563
453	0.220283	75000	-0.032275	-22.783838
454	0.219276	75000	-0.032180	-22.816018
455	0.218272	75000	-0.032092	-22.848110
456	0.217270	75000	-0.032127	-22.880237
457	0.216271	75000	-0.031927	-22.912164
458	0.215275	75000	-0.031816	-22.943980
459	0.214281	75000	-0.031806	-22.975787
460	0.213291	75000	-0.031858	-23.007645
461	0.212303	75000	-0.031679	-23.039324
462	0.211318	75000	-0.031745	-23.071069
463	0.210335	75000	-0.031606	-23.102675
464	0.209356	75000	-0.031435	-23.134110
465	0.208379	75000	-0.031368	-23.165478
466	0.207404	75000	-0.031463	-23.196941
467	0.206433	75000	-0.031389	-23.228330
468	0.205464	75000	-0.031367	-23.259698
469	0.204498	75000	-0.031260	-23.290957
470	0.203535	75000	-0.031198	-23.322156
471	0.202575	75000	-0.031035	-23.353190
472	0.201617	75000	-0.031054	-23.384244
473	0.200662	75000	-0.030870	-23.415114
474	0.199709	75000	-0.030884	-23.445997
475	0.198760	75000	-0.030959	-23.476956
476	0.197813	75000	-0.030768	-23.507724
477	0.196869	75000	-0.030599	-23.538322
478	0.195927	75000	-0.030644	-23.568966
479	0.194988	75000	-0.030529	-23.599495
480	0.194052	75000	-0.030430	-23.629924
481	0.193119	75000	-0.030554	-23.660479
482	0.192188	75000	-0.030249	-23.690728
483	0.191260	75000	-0.030348	-23.721076
484	0.190335	75000	-0.030066	-23.751142
485	0.189412	75000	-0.030027	-23.781169
486	0.188492	75000	-0.030216	-23.811384
487	0.187575	75000	-0.030221	-23.841605
488	0.186660	75000	-0.030037	-23.871643
489	0.185749	75000	-0.029795	-23.901437
490	0.184839	75000	-0.029830	-23.931267
491	0.183933	75000	-0.029864	-23.961132
492	0.183029	75000	-0.029669	-23.990801
493	0.182128	75000	-0.029701	-24.020503
494	0.181229	75000	-0.029527	-24.050030
495	0.180333	75000	-0.029547	-24.079577
496	0.179440	75000	-0.029434	-24.109011
497	0.178550	75000	-0.029374	-24.138385
498	0.177662	75000	-0.029387	-24.167772
499	0.176777	75000	-0.029341	-24.197114
500	0.175894	75000	-0.029184	-24.226297
501	0.175014	75000	-0.029205	-24.255502
502	0.174137	75000	-0.029122	-24.284624
503	0.173262	75000	-0.028987	-24.313611
504	0.172390	75000	-0.028964	-24.342575
505	0.171521	75000	-0.028848	-24.371423
506	0.170654	75000	-0.028920	-24.400343
507	0.169790	75000	-0.028710	-24.429053
508	0.168929	75000	-0.028699	-24.457752
509	0.168070	75000	-0.028753	-24.486505
510	0.167214	75000	-0.028675	-24.515180
511	0.166360	75000	-0.028584	-24.543764
512	0.165509	75000	-0.028616	-24.572380
513	0.164661	75000	-0.028355	-24.600735
514	0.163815	75000	-0.028344	-24.629079
515	0.162972	75000	-0.028326	-24.657405
516	0.162132	75000	-0.028289	-24.685694
517	0.161294	75000	-0.028246	-24.713940
518	0.160458	75000	-0.028255	-24.742195
519	0.159626	75000	-0.028129	-24.770324
520	0.158796	75000	-0.027986	-24.798310
521	0.157968	75000	-0.028023	-24.826332
522	0.157143	75000	-0.027898	-24.854230
523	0.156321	75000	-0.027972	-24.882202
524	0.155501	75000	-0.027797	-24.909999
525	0.154684	75000	-0.027701	-24.937700
526	0.153870	75000	-0.027636	-24.965336
527	0.153058	75000	-0.027600	-24.992936
528	0.152248	75000	-0.027486	-25.020422
529	0.151441	75000	-0.027508	-25.047930
530	0.150637	75000	-0.027445	-25.075375
531	0.149835	75000	-0.027345	-25.102720
532	0.149036	75000	-0.027385	-25.130105
533	0.148240	75000	-0.027302	-25.157408
534	0.147446	75000	-0.027226	-25.184634
535	0.146654	75000	-0.027169	-25.211803
536	0.145865	75000	-0.027212	-25.239015
537	0.145079	75000	-0.026979	-25.265994
538	0.144295	75000	-0.027007	-25.293001
539	0.143514	75000	-0.027091	-25.320092
540	0.142735	75000	-0.026865	-25.346958
541	0.141959	75000	-0.026764	-25.373722
542	0.141186	75000	-0.026795	-25.400517
543	0.140415	75000	-0.026752	-25.427269
544	0.139646	75000	-0.026716	-25.453985
545	0.138880	75000	-0.026642	-25.480626
546	0.138116	75000	-0.026599	-25.507226
547	0.137356	75000	-0.026528	-25.533754
548	0.136597	75000	-0.026524	-25.560277
549	0.135841	75000	-0.026428	-25.586706
550	0.135088	75000	-0.026305	-25.613011
551	0.134337	75000	-0.026369	-25.639380
552	0.133588	75000	-0.026232	-25.665612
553	0.132843	75000	-0.026242	-25.691854
554	0.132099	75000	-0.026136	-25.717990
555	0.131358	75000	-0.025902	-25.743892
556	0.130620	75000	-0.026020	-25.769912
557	0.129884	75000	-0.025997	-25.795909
558	0.129151	75000	-0.025869	-25.821778
559	0.128420	75000	-0.025857	-25.847635
560	0.127691	75000	-0.025879	-25.873514
561	0.126965	75000	-0.025746	-25.899260
562	0.126242	75000	-0.025712	-25.924972
563	0.125521	75000	-0.025723	-25.950695
564	0.124802	75000	-0.025640	-25.976335
565	0.124086	75000	-0.025624	-26.001959
566	0.123373	75000	-0.025500	-26.027459
567	0.122662	75000	-0.025470	-26.052929
568	0.121953	75000	-0.025397	-26.078326
569	0.121247	75000	-0.025141	-26.103468
570	0.120543	75000	-0.025194	-26.128661
571	0.119842	75000	-0.025252	-26.153913
572	0.119143	75000	-0.025244	-26.179157
573	0.118447	75000	-0.025181	-26.204338
574	0.117753	75000	-0.025032	-26.229370
575	0.117062	75000	-0.025068	-26.254438
576	0.116373	75000	-0.024872	-26.279310
577	0.115686	75000	-0.025149	-26.304458
578	0.115002	75000	-0.024979	-26.329438
579	0.114320	75000	-0.024705	-26.354143
580	0.113641	75000	-0.024872	-26.379015
581	0.112964	75000	-0.024711	-26.403726
582	0.112290	75000	-0.024762	-26.428488
583	0.111618	75000	-0.024703	-26.453191
584	0.110948	75000	-0.024661	-26.477853
585	0.110281	75000	-0.024619	-26.502472
586	0.109616	75000	-0.024419	-26.526891
587	0.108954	75000	-0.024569	-26.551460
588	0.108294	75000	-0.024479	-26.575939
589	0.107637	75000	-0.024458	-26.600398
590	0.106981	75000	-0.024344	-26.624742
591	0.106329	75000	-0.024225	-26.648967
592	0.105678	75000	-0.024176	-26.673142
593	0.105030	75000	-0.024180	-26.697322
594	0.104385	75000	-0.024216	-26.721538
595	0.103742	75000	-0.024131	-26.745668
596	0.103101	75000	-0.024091	-26.769759
597	0.102463	75000	-0.023882	-26.793641
598	0.101827	75000	-0.023766	-26.817407
599	0.101193	75000	-0.023886	-26.841293
600	0.100562	75000	-0.023870	-26.865163
601	0.099933	75000	-0.023895	-26.889058
602	0.099306	75000	-0.023826	-26.912884
603	0.098682	75000	-0.023608	-26.936492
604	0.098060	75000	-0.023700	-26.960192
605	0.097441	75000	-0.023730	-26.983923
606	0.096824	75000	-0.023514	-27.007437
607	0.096209	75000	-0.023383	-27.030820
608	0.095596	75000	-0.023526	-27.054346
609	0.094986	75000	-0.023513	-27.077859
610	0.094379	75000	-0.023316	-27.101175
611	0.093773	75000	-0.023329	-27.124504
612	0.093170	75000	-0.023462	-27.147966
613	0.092570	75000	-0.023442	-27.171408
614	0.091971	75000	-0.023208	-27.194616
615	0.091375	75000	-0.023115	-27.217731
616	0.090781	75000	-0.023305	-27.241036
617	0.090190	75000	-0.022988	-27.264025
618	0.089601	75000	-0.022969	-27.286994
619	0.089014	75000	-0.022882	-27.309876
620	0.088430	75000	-0.022974	-27.332850
621	0.087848	75000	-0.023030	-27.355880
622	0.087268	75000	-0.022943	-27.378823
623	0.086690	75000	-0.022986	-27.401809
624	0.086115	75000	-0.022901	-27.424710
625	0.085542	75000	-0.022982	-27.447692
626	0.084971	75000	-0.022644	-27.470336
627	0.084403	75000	-0.022862	-27.493198
628	0.083837	75000	-0.022630	-27.515828
629	0.083273	75000	-0.022723	-27.538551
630	0.082712	75000	-0.022628	-27.561179
631	0.082152	75000	-0.022618	-27.583797
632	0.081595	75000	-0.022474	-27.606271
633	0.081041	75000	-0.022540	-27.628811
634	0.080488	75000	-0.022420	-27.651231
635	0.079938	75000	-0.022334	-27.673564
636	0.079390	75000	-0.022594	-27.696158
637	0.078845	75000	-0.022328	-27.718486
638	0.078301	75000	-0.022305	-27.740791
639	0.077760	75000	-0.022451	-27.763242
640	0.077221	75000	-0.022346	-27.785588
641	0.076684	75000	-0.022171	-27.807759
642	0.076150	75000	-0.022266	-27.830025
643	0.075618	75000	-0.022256	-27.852282
644	0.075088	75000	-0.022282	-27.874563
645	0.074560	75000	-0.021973	-27.896537
646	0.074035	75000	-0.022106	-27.918643
647	0.073512	75000	-0.022084	-27.940727
648	0.072991	75000	-0.021921	-27.962647
649	0.072472	75000	-0.021991	-27.984638
650	0.071955	75000	-0.021905	-28.006544
651	0.071441	75000	-0.021897	-28.028440
652	0.070929	75000	-0.021800	-28.050240
653	0.070419	75000	-0.021739	-28.071979
654	0.069911	75000	-0.021757	-28.093736
655	0.069406	75000	-0.021750	-28.115486
656	0.068903	75000	-0.021783	-28.137269
657	0.068401	75000	-0.021638	-28.158907
658	0.067903	75000	-0.021682	-28.180589
659	0.067406	75000	-0.021655	-28.202244
660	0.066911	75000	-0.021577	-28.223821
661	0.066419	75000	-0.021346	-28.245167
662	0.065929	75000	-0.021593	-28.266760
663	0.065441	75000	-0.021557	-28.288317
664	0.064955	75000	-0.021437	-28.309754
665	0.064471	75000	-0.021364	-28.331118
666	0.063990	75000	-0.021298	-28.352416
667	0.063510	75000	-0.021475	-28.373891
668	0.063033	75000	-0.021369	-28.395260
669	0.062558	75000	-0.021164	-28.416424
670	0.062085	75000	-0.021196	-28.437620
671	0.061615	75000	-0.021562	-28.459182
672	0.061146	75000	-0.021352	-28.480534
673	0.060680	75000	-0.021251	-28.501785
674	0.060216	75000	-0.021349	-28.523134
675	0.059753	75000	-0.021155	-28.544289
676	0.059293	75000	-0.021268	-28.565557
677	0.058836	75000	-0.021230	-28.586787
678	0.058380	75000	-0.021028	-28.607815
679	0.057926	75000	-0.021086	-28.628901
680	0.057475	75000	-0.021197	-28.650098
681	0.057025	75000	-0.020929	-28.671027
682	0.056578	75000	-0.021120	-28.692147
683	0.056133	75000	-0.021017	-28.713164
684	0.055690	75000	-0.020598	-28.733763
685	0.055249	75000	-0.021067	-28.754829
686	0.054810	75000	-0.020998	-28.775827
687	0.054373	75000	-0.020868	-28.796695
688	0.053939	75000	-0.020911	-28.817606
689	0.053506	75000	-0.020702	-28.838307
690	0.053076	75000	-0.020887	-28.859195
691	0.052647	75000	-0.020789	-28.879984
692	0.052221	75000	-0.020894	-28.900878
693	0.051797	75000	-0.020900	-28.921779
694	0.051375	75000	-0.020707	-28.942485
695	0.050955	75000	-0.020713	-28.963198
696	0.050537	75000	-0.020650	-28.983849
697	0.050121	75000	-0.020689	-29.004538
698	0.049707	75000	-0.020767	-29.025305
699	0.049295	75000	-0.020638	-29.045943
700	0.048885	75000	-0.020595	-29.066538
701	0.048478	75000	-0.020645	-29.087184
702	0.048072	75000	-0.020721	-29.107905
703	0.047668	75000	-0.020770	-29.128675
704	0.047267	75000	-0.020744	-29.149419
705	0.046867	75000	-0.020549	-29.169968
706	0.046470	75000	-0.020739	-29.190707
707	0.046074	75000	-0.020622	-29.211329
708	0.045681	75000	-0.020667	-29.231996
709	0.045289	75000	-0.020760	-29.252755
710	0.044900	75000	-0.020529	-29.273285
711	0.044512	75000	-0.020611	-29.293896
712	0.044127	75000	-0.020481	-29.314377
713	0.043744	75000	-0.020174	-29.334551
714	0.043362	75000	-0.020462	-29.355013
715	0.042983	75000	-0.020486	-29.375499
716	0.042606	75000	-0.020737	-29.396236
717	0.042230	75000	-0.020550	-29.416786
718	0.041857	75000	-0.020474	-29.437260
719	0.041485	75000	-0.020503	-29.457763
720	0.041116	75000	-0.020615	-29.478378
721	0.040749	75000	-0.020404	-29.498782
722	0.040383	75000	-0.020514	-29.519296
723	0.040020	75000	-0.020459	-29.539754
724	0.039658	75000	-0.020557	-29.560311
725	0.039299	75000	-0.020428	-29.580738
726	0.038941	75000	-0.020807	-29.601545
727	0.038585	75000	-0.020507	-29.622052
728	0.038232	75000	-0.020469	-29.642522
729	0.037880	75000	-0.020242	-29.662764
730	0.037530	75000	-0.020298	-29.683062
731	0.037182	75000	-0.020773	-29.703835
732	0.036836	75000	-0.020622	-29.724457
733	0.036493	75000	-0.020542	-29.744999
734	0.036151	75000	-0.020610	-29.765609
735	0.035810	75000	-0.020721	-29.786330
736	0.035472	75000	-0.020425	-29.806755
737	0.035136	75000	-0.020782	-29.827537
738	0.034802	75000	-0.020598	-29.848135
739	0.034469	75000	-0.020700	-29.868834
740	0.034139	75000	-0.020792	-29.889627
741	0.033810	75000	-0.020958	-29.910584
742	0.033484	75000	-0.020727	-29.931311
743	0.033159	75000	-0.020879	-29.952189
744	0.032836	75000	-0.020558	-29.972748
745	0.032515	75000	-0.020864	-29.993611
746	0.032196	75000	-0.020694	-30.014306
747	0.031879	75000	-0.020964	-30.035269
748	0.031563	75000	-0.020686	-30.055955
749	0.031250	75000	-0.020809	-30.076764
750	0.030938	75000	-0.020967	-30.097732
751	0.030629	75000	-0.020692	-30.118424
752	0.030321	75000	-0.021204	-30.139628
753	0.030015	75000	-0.020734	-30.160362
754	0.029711	75000	-0.021109	-30.181471
755	0.029409	75000	-0.020836	-30.202307
756	0.029108	75000	-0.020829	-30.223136
757	0.028810	75000	-0.021319	-30.244455
758	0.028513	75000	-0.021369	-30.265824
759	0.028218	75000	-0.020940	-30.286764
760	0.027925	75000	-0.021285	-30.308049
761	0.027634	75000	-0.021141	-30.329190
762	0.027345	75000	-0.021080	-30.350270
763	0.027057	75000	-0.021445	-30.371715
764	0.026771	75000	-0.021269	-30.392984
765	0.026487	75000	-0.021115	-30.414099
766	0.026205	75000	-0.021701	-30.435801
767	0.025925	75000	-0.021321	-30.457122
768	0.025647	75000	-0.021731	-30.478853
769	0.025370	75000	-0.021682	-30.500534
770	0.025095	75000	-0.021893	-30.522427
771	0.024822	75000	-0.021920	-30.544347
772	0.024551	75000	-0.021997	-30.566344
773	0.024281	75000	-0.022098	-30.588442
774	0.024014	75000	-0.022122	-30.610564
775	0.023748	75000	-0.021946	-30.632510
776	0.023483	75000	-0.022252	-30.654763
777	0.023221	75000	-0.022402	-30.677165
778	0.022960	75000	-0.022149	-30.699314
779	0.022702	75000	-0.022258	-30.721573
780	0.022445	75000	-0.022772	-30.744345
781	0.022189	75000	-0.022620	-30.766965
782	0.021936	75000	-0.022724	-30.789689
783	0.021684	75000	-0.022395	-30.812084
784	0.021434	75000	-0.022717	-30.834801
785	0.021185	75000	-0.022694	-30.857495
786	0.020939	75000	-0.023367	-30.880862
787	0.020694	75000	-0.023199	-30.904061
788	0.020451	75000	-0.022998	-30.927059
789	0.020209	75000	-0.023492	-30.950552
790	0.019969	75000	-0.023407	-30.973959
791	0.019731	75000	-0.023778	-30.997738
792	0.019495	75000	-0.023174	-31.020911
793	0.019261	75000	-0.023576	-31.044488
794	0.019028	75000	-0.024076	-31.068563
795	0.018796	75000	-0.023848	-31.092411
796	0.018567	75000	-0.024279	-31.116690
797	0.018339	75000	-0.024217	-31.140907
798	0.018113	75000	-0.024062	-31.164970
799	0.017889	75000	-0.023888	-31.188857
800	0.017666	75000	-0.025047	-31.213904
801	0.017445	75000	-0.025114	-31.239018
802	0.017225	75000	-0.025356	-31.264374
803	0.017007	75000	-0.024740	-31.289113
804	0.016791	75000	-0.025299	-31.314412
805	0.016577	75000	-0.025971	-31.340384
806	0.016364	75000	-0.025158	-31.365542
807	0.016153	75000	-0.025709	-31.391251
808	0.015943	75000	-0.026332	-31.417582
809	0.015736	75000	-0.026575	-31.444157
810	0.015529	75000	-0.026568	-31.470725
811	0.015325	75000	-0.027264	-31.497989
812	0.015122	75000	-0.027187	-31.525176
813	0.014920	75000	-0.026179	-31.551356
814	0.014721	75000	-0.027752	-31.579107
815	0.014523	75000	-0.027527	-31.606634
816	0.014326	75000	-0.027623	-31.634257
817	0.014131	75000	-0.028257	-31.662514
818	0.013938	75000	-0.028265	-31.690779
819	0.013746	75000	-0.028572	-31.719351
820	0.013556	75000	-0.028870	-31.748221
821	0.013367	75000	-0.029522	-31.777743
822	0.013181	75000	-0.029052	-31.806795
823	0.012995	75000	-0.029140	-31.835936
824	0.012811	75000	-0.030409	-31.866345
825	0.012629	75000	-0.030710	-31.897055
826	0.012448	75000	-0.031172	-31.928227
827	0.012269	75000	-0.031023	-31.959250
828	0.012092	75000	-0.033022	-31.992272
829	0.011916	75000	-0.031967	-32.024240
830	0.011741	75000	-0.032845	-32.057084
831	0.011568	75000	-0.032466	-32.089551
832	0.011397	75000	-0.034461	-32.124012
833	0.011227	75000	-0.034465	-32.158476
834	0.011059	75000	-0.034136	-32.192612
835	0.010892	75000	-0.034628	-32.227240
836	0.010727	75000	-0.037281	-32.264521
837	0.010563	75000	-0.038337	-32.302857
838	0.010401	75000	-0.038807	-32.341665
839	0.010240	75000	-0.038853	-32.380518
840	0.010081	75000	-0.040729	-32.421246
841	0.009923	75000	-0.040020	-32.461267
842	0.009767	75000	-0.038598	-32.499865
843	0.009612	75000	-0.038605	-32.538469
844	0.009459	75000	-0.041205	-32.579674
845	0.009307	75000	-0.041785	-32.621459
846	0.009156	75000	-0.041414	-32.662873
847	0.009008	75000	-0.042724	-32.705597
848	0.008860	75000	-0.043135	-32.748732
849	0.008714	75000	-0.044773	-32.793505
850	0.008570	75000	-0.046157	-32.839662
851	0.008427	75000	-0.045852	-32.885513
852	0.008285	75000	-0.048561	-32.934074
853	0.008145	75000	-0.046387	-32.980460
854	0.008006	75000	-0.047925	-33.028385
855	0.007869	75000	-0.051832	-33.080217
856	0.007733	75000	-0.052718	-33.132935
857	0.007598	75000	-0.053796	-33.186731
858	0.007465	75000	-0.054778	-33.241509
859	0.007334	75000	-0.056676	-33.298185
860	0.007203	75000	-0.057455	-33.355640
861	0.007075	75000	-0.058844	-33.414484
862	0.006947	75000	-0.059032	-33.473516
863	0.006821	75000	-0.060274	-33.533790
864	0.006696	75000	-0.062782	-33.596573
865	0.006573	75000	-0.063531	-33.660104
866	0.006451	75000	-0.065557	-33.725661
867	0.006330	75000	-0.067759	-33.793419
868	0.006211	75000	-0.069254	-33.862673
869	0.006093	75000	-0.070496	-33.933168
870	0.005977	75000	-0.069770	-34.002938
871	0.005862	75000	-0.072829	-34.075767
872	0.005748	75000	-0.077659	-34.153426
873	0.005635	75000	-0.077291	-34.230717
874	0.005524	75000	-0.077400	-34.308117
875	0.005414	75000	-0.078758	-34.386875
876	0.005306	75000	-0.078892	-34.465768
877	0.005199	75000	-0.081020	-34.546788
878	0.005093	75000	-0.084167	-34.630954
879	0.004988	75000	-0.084620	-34.715574
880	0.004885	75000	-0.086503	-34.802077
881	0.004783	75000	-0.089436	-34.891513
882	0.004682	75000	-0.088669	-34.980182
883	0.004583	75000	-0.088433	-35.068615
884	0.004485	75000	-0.089073	-35.157688
885	0.004388	75000	-0.089713	-35.247401
886	0.004292	75000	-0.093190	-35.340592
887	0.004198	75000	-0.093684	-35.434276
888	0.004105	75000	-0.095478	-35.529754
889	0.004013	75000	-0.096275	-35.626030
890	0.003923	75000	-0.095147	-35.721177
891	0.003833	75000	-0.099671	-35.820847
892	0.003745	75000	-0.096706	-35.917553
893	0.003658	75000	-0.098380	-36.015933
894	0.003573	75000	-0.098108	-36.114041
895	0.003488	75000	-0.097597	-36.211638
896	0.003405	75000	-0.100012	-36.311650
897	0.003323	75000	-0.098143	-36.409793
898	0.003242	75000	-0.100112	-36.509905
899	0.003162	75000	-0.101177	-36.611082
900	0.003084	75000	-0.098746	-36.709828
901	0.003007	75000	-0.098812	-36.808639
902	0.002930	75000	-0.099705	-36.908345
903	0.002855	75000	-0.100828	-37.009173
904	0.002782	75000	-0.099430	-37.108603
905	0.002709	75000	-0.100034	-37.208636
906	0.002638	75000	-0.100001	-37.308637
907	0.002567	75000	-0.096946	-37.405583
908	0.002498	75000	-0.097981	-37.503564
909	0.002430	75000	-0.096546	-37.600110
910	0.002363	75000	-0.095836	-37.695946
911	0.002297	75000	-0.095917	-37.791863
912	0.002233	75000	-0.095911	-37.887774
913	0.002169	75000	-0.094147	-37.981921
914	0.002106	75000	-0.093006	-38.074927
915	0.002045	75000	-0.092463	-38.167390
916	0.001985	75000	-0.092207	-38.259597
917	0.001925	75000	-0.091398	-38.350994
918	0.001867	75000	-0.088803	-38.439797
919	0.001810	75000	-0.088145	-38.527943
920	0.001754	75000	-0.087148	-38.615091
921	0.001699	75000	-0.086475	-38.701566
922	0.001645	75000	-0.085701	-38.787266
923	0.001592	75000	-0.083603	-38.870870
924	0.001540	75000	-0.083286	-38.954156
925	0.001490	75000	-0.081480	-39.035636
926	0.001440	75000	-0.080580	-39.116216
927	0.001391	75000	-0.079183	-39.195398
928	0.001343	75000	-0.078169	-39.273567
929	0.001296	75000	-0.076855	-39.350422
930	0.001251	75000	-0.075089	-39.425511
931	0.001206	75000	-0.073595	-39.499107
932	0.001162	75000	-0.072707	-39.571814
933	0.001119	75000	-0.071916	-39.643729
934	0.001077	75000	-0.070265	-39.713994
935	0.001036	75000	-0.068305	-39.782299
936	0.000996	75000	-0.067335	-39.849634
937	0.000957	75000	-0.066163	-39.915797
938	0.000919	75000	-0.064396	-39.980193
939	0.000882	75000	-0.062889	-40.043082
940	0.000846	75000	-0.062021	-40.105103
941	0.000810	75000	-0.060330	-40.165433
942	0.000776	75000	-0.058762	-40.224194
943	0.000742	75000	-0.057710	-40.281904
944	0.000709	75000	-0.056339	-40.338244
945	0.000678	75000	-0.055014	-40.393258
946	0.000647	75000	-0.053619	-40.446877
947	0.000617	75000	-0.052249	-40.499126
948	0.000587	75000	-0.050634	-40.549760
949	0.000559	75000	-0.049514	-40.599274
950	0.000531	75000	-0.048187	-40.647461
951	0.000505	75000	-0.046895	-40.694356
952	0.000479	75000	-0.045314	-40.739671
953	0.000454	75000	-0.044086	-40.783757
954	0.000430	75000	-0.042578	-40.826335
955	0.000406	75000	-0.041494	-40.867829
956	0.000383	75000	-0.040140	-40.907969
957	0.000362	75000	-0.038925	-40.946895
958	0.000340	75000	-0.037488	-40.984383
959	0.000320	75000	-0.036160	-41.020542
960	0.000300	75000	-0.034836	-41.055379
961	0.000281	75000	-0.033628	-41.089007
962	0.000263	75000	-0.032234	-41.121241
963	0.000246	75000	-0.031134	-41.152374
964	0.000229	75000	-0.029856	-41.182230
965	0.000213	75000	-0.028581	-41.210812
966	0.000198	75000	-0.027415	-41.238227
967	0.000183	75000	-0.026124	-41.264351
968	0.000169	75000	-0.025071	-41.289421
969	0.000156	75000	-0.023846	-41.313268
970	0.000143	75000	-0.022794	-41.336061
971	0.000131	75000	-0.021610	-41.357671
972	0.000120	75000	-0.020526	-41.378197
973	0.000109	75000	-0.019432	-41.397629
974	0.000099	75000	-0.018294	-41.415923
975	0.000089	75000	-0.017216	-41.433139
976	0.000080	75000	-0.016157	-41.449296
977	0.000072	75000	-0.015288	-41.464583
978	0.000064	75000	-0.014209	-41.478792
979	0.000057	75000	-0.013250	-41.492042
980	0.000050	75000	-0.012311	-41.504352
981	0.000043	75000	-0.011370	-41.515722
982	0.000038	75000	-0.010466	-41.526189
983	0.000032	75000	-0.009584	-41.535773
984	0.000028	75000	-0.008714	-41.544487
985	0.000023	75000	-0.007919	-41.552406
986	0.000019	75000	-0.007129	-41.559534
987	0.000016	75000	-0.006347	-41.565882
988	0.000013	75000	-0.005579	-41.571460
989	0.000010	75000	-0.004866	-41.576326
990	0.000008	75000	-0.004186	-41.580513
991	0.000006	75000	-0.003545	-41.584058
992	0.000004	75000	-0.002935	-41.586993
993	0.000003	75000	-0.002380	-41.589373
994	0.000002	75000	-0.001845	-41.591218
995	0.000001	75000	-0.001366	-41.592584
996	0.000000	75000	-0.000943	-41.593527
997	0.000000	75000	-0.000570	-41.594097
998	0.000000	75000	-0.000266	-41.594363
999	0.000000	75000	-0.000057	-41.594420
Log marginal likelihood:	-41.594420
