Steppingstone sampler:
        No Stones:                  1000
        Start It:                   10000001
        It Per Stone:               100000
        Sample Freq:                1
        Dist:                       Beta(0.400000,1.000000)
Stone No	Power	N	Stone MLh	Running MLh
0	0.997502	75000	-0.139589	-0.139589
1	0.995007	75000	-0.139395	-0.278984
2	0.992517	75000	-0.139168	-0.418152
3	0.990030	75000	-0.138966	-0.557118
4	0.987547	75000	-0.138792	-0.695910
5	0.985067	75000	-0.138609	-0.834519
6	0.982592	75000	-0.138329	-0.972847
7	0.980120	75000	-0.138173	-1.111020
8	0.977652	75000	-0.137927	-1.248947
9	0.975187	75000	-0.137823	-1.386771
10	0.972726	75000	-0.137537	-1.524307
11	0.970269	75000	-0.137312	-1.661620
12	0.967816	75000	-0.137065	-1.798685
13	0.965367	75000	-0.136925	-1.935609
14	0.962921	75000	-0.136698	-2.072307
15	0.960479	75000	-0.136496	-2.208804
16	0.958040	75000	-0.136346	-2.345149
17	0.955606	75000	-0.136216	-2.481366
18	0.953175	75000	-0.135878	-2.617243
19	0.950747	75000	-0.135765	-2.753008
20	0.948324	75000	-0.135538	-2.888546
21	0.945904	75000	-0.135329	-3.023875
22	0.943488	75000	-0.135122	-3.158997
23	0.941076	75000	-0.134946	-3.293943
24	0.938667	75000	-0.134715	-3.428659
25	0.936262	75000	-0.134539	-3.563198
26	0.933861	75000	-0.134301	-3.697499
27	0.931463	75000	-0.134175	-3.831674
28	0.929069	75000	-0.133932	-3.965606
29	0.926679	75000	-0.133698	-4.099304
30	0.924293	75000	-0.133529	-4.232833
31	0.921910	75000	-0.133331	-4.366164
32	0.919531	75000	-0.133155	-4.499319
33	0.917155	75000	-0.132962	-4.632281
34	0.914783	75000	-0.132746	-4.765027
35	0.912415	75000	-0.132482	-4.897508
36	0.910051	75000	-0.132379	-5.029887
37	0.907690	75000	-0.132128	-5.162015
38	0.905333	75000	-0.131991	-5.294006
39	0.902980	75000	-0.131790	-5.425796
40	0.900630	75000	-0.131573	-5.557369
41	0.898284	75000	-0.131365	-5.688734
42	0.895942	75000	-0.131149	-5.819883
43	0.893603	75000	-0.130927	-5.950810
44	0.891268	75000	-0.130757	-6.081568
45	0.888937	75000	-0.130530	-6.212098
46	0.886609	75000	-0.130382	-6.342480
47	0.884285	75000	-0.130116	-6.472595
48	0.881965	75000	-0.129980	-6.602575
49	0.879648	75000	-0.129755	-6.732331
50	0.877335	75000	-0.129603	-6.861934
51	0.875026	75000	-0.129325	-6.991259
52	0.872720	75000	-0.129181	-7.120439
53	0.870418	75000	-0.128987	-7.249426
54	0.868120	75000	-0.128804	-7.378230
55	0.865825	75000	-0.128588	-7.506818
56	0.863534	75000	-0.128299	-7.635117
57	0.861246	75000	-0.128159	-7.763276
58	0.858962	75000	-0.127906	-7.891182
59	0.856682	75000	-0.127839	-8.019020
60	0.854405	75000	-0.127640	-8.146660
61	0.852132	75000	-0.127407	-8.274067
62	0.849863	75000	-0.127153	-8.401220
63	0.847597	75000	-0.127008	-8.528228
64	0.845335	75000	-0.126844	-8.655072
65	0.843077	75000	-0.126626	-8.781699
66	0.840822	75000	-0.126395	-8.908094
67	0.838571	75000	-0.126206	-9.034299
68	0.836323	75000	-0.126045	-9.160344
69	0.834079	75000	-0.125793	-9.286137
70	0.831839	75000	-0.125580	-9.411717
71	0.829602	75000	-0.125393	-9.537109
72	0.827369	75000	-0.125204	-9.662313
73	0.825140	75000	-0.125045	-9.787359
74	0.822914	75000	-0.124869	-9.912228
75	0.820691	75000	-0.124622	-10.036849
76	0.818473	75000	-0.124476	-10.161325
77	0.816258	75000	-0.124244	-10.285569
78	0.814046	75000	-0.124057	-10.409626
79	0.811838	75000	-0.123862	-10.533488
80	0.809634	75000	-0.123574	-10.657062
81	0.807433	75000	-0.123456	-10.780518
82	0.805236	75000	-0.123265	-10.903783
83	0.803043	75000	-0.123171	-11.026954
84	0.800853	75000	-0.122898	-11.149852
85	0.798667	75000	-0.122702	-11.272554
86	0.796484	75000	-0.122543	-11.395097
87	0.794305	75000	-0.122282	-11.517379
88	0.792129	75000	-0.122141	-11.639520
89	0.789957	75000	-0.121949	-11.761469
90	0.787789	75000	-0.121753	-11.883222
91	0.785624	75000	-0.121583	-12.004805
92	0.783463	75000	-0.121350	-12.126155
93	0.781305	75000	-0.121159	-12.247314
94	0.779151	75000	-0.120961	-12.368275
95	0.777000	75000	-0.120832	-12.489107
96	0.774853	75000	-0.120572	-12.609680
97	0.772710	75000	-0.120438	-12.730118
98	0.770570	75000	-0.120168	-12.850286
99	0.768433	75000	-0.120056	-12.970342
100	0.766301	75000	-0.119773	-13.090115
101	0.764172	75000	-0.119516	-13.209631
102	0.762046	75000	-0.119435	-13.329066
103	0.759924	75000	-0.119227	-13.448293
104	0.757805	75000	-0.119078	-13.567371
105	0.755690	75000	-0.118925	-13.686295
106	0.753579	75000	-0.118614	-13.804909
107	0.751471	75000	-0.118494	-13.923403
108	0.749366	75000	-0.118253	-14.041656
109	0.747266	75000	-0.118099	-14.159755
110	0.745168	75000	-0.117915	-14.277670
111	0.743075	75000	-0.117657	-14.395328
112	0.740984	75000	-0.117556	-14.512884
113	0.738898	75000	-0.117289	-14.630173
114	0.736815	75000	-0.117101	-14.747274
115	0.734735	75000	-0.116903	-14.864177
116	0.732659	75000	-0.116782	-14.980959
117	0.730586	75000	-0.116610	-15.097569
118	0.728517	75000	-0.116370	-15.213940
119	0.726452	75000	-0.116218	-15.330157
120	0.724390	75000	-0.115988	-15.446145
121	0.722331	75000	-0.115884	-15.562029
122	0.720276	75000	-0.115668	-15.677697
123	0.718225	75000	-0.115386	-15.793082
124	0.716177	75000	-0.115310	-15.908392
125	0.714132	75000	-0.114983	-16.023375
126	0.712091	75000	-0.114848	-16.138223
127	0.710054	75000	-0.114705	-16.252928
128	0.708020	75000	-0.114442	-16.367370
129	0.705989	75000	-0.114315	-16.481685
130	0.703962	75000	-0.114081	-16.595766
131	0.701939	75000	-0.113890	-16.709656
132	0.699919	75000	-0.113728	-16.823384
133	0.697902	75000	-0.113545	-16.936929
134	0.695889	75000	-0.113330	-17.050259
135	0.693880	75000	-0.113130	-17.163389
136	0.691874	75000	-0.112933	-17.276322
137	0.689871	75000	-0.112750	-17.389072
138	0.687872	75000	-0.112564	-17.501636
139	0.685877	75000	-0.112421	-17.614057
140	0.683885	75000	-0.112218	-17.726275
141	0.681896	75000	-0.112011	-17.838286
142	0.679911	75000	-0.111825	-17.950111
143	0.677929	75000	-0.111741	-18.061852
144	0.675951	75000	-0.111526	-18.173378
145	0.673976	75000	-0.111258	-18.284636
146	0.672005	75000	-0.111158	-18.395794
147	0.670037	75000	-0.110906	-18.506700
148	0.668073	75000	-0.110753	-18.617454
149	0.666112	75000	-0.110512	-18.727966
150	0.664155	75000	-0.110369	-18.838335
151	0.662201	75000	-0.110252	-18.948587
152	0.660250	75000	-0.110029	-19.058616
153	0.658303	75000	-0.109852	-19.168468
154	0.656359	75000	-0.109633	-19.278100
155	0.654419	75000	-0.109455	-19.387555
156	0.652483	75000	-0.109264	-19.496819
157	0.650549	75000	-0.109028	-19.605847
158	0.648619	75000	-0.108856	-19.714702
159	0.646693	75000	-0.108732	-19.823434
160	0.644770	75000	-0.108570	-19.932004
161	0.642851	75000	-0.108299	-20.040303
162	0.640934	75000	-0.108131	-20.148434
163	0.639022	75000	-0.107948	-20.256382
164	0.637113	75000	-0.107752	-20.364134
165	0.635207	75000	-0.107533	-20.471667
166	0.633304	75000	-0.107361	-20.579028
167	0.631405	75000	-0.107201	-20.686229
168	0.629510	75000	-0.107058	-20.793286
169	0.627618	75000	-0.106878	-20.900164
170	0.625729	75000	-0.106619	-21.006784
171	0.623844	75000	-0.106494	-21.113277
172	0.621962	75000	-0.106323	-21.219600
173	0.620083	75000	-0.106075	-21.325675
174	0.618208	75000	-0.105920	-21.431595
175	0.616337	75000	-0.105804	-21.537400
176	0.614468	75000	-0.105564	-21.642964
177	0.612604	75000	-0.105407	-21.748371
178	0.610742	75000	-0.105184	-21.853555
179	0.608884	75000	-0.104990	-21.958545
180	0.607029	75000	-0.104768	-22.063313
181	0.605178	75000	-0.104636	-22.167949
182	0.603330	75000	-0.104439	-22.272388
183	0.601486	75000	-0.104290	-22.376678
184	0.599645	75000	-0.104102	-22.480780
185	0.597807	75000	-0.104033	-22.584813
186	0.595973	75000	-0.103764	-22.688578
187	0.594142	75000	-0.103609	-22.792187
188	0.592314	75000	-0.103416	-22.895603
189	0.590490	75000	-0.103247	-22.998850
190	0.588669	75000	-0.103022	-23.101872
191	0.586852	75000	-0.102844	-23.204716
192	0.585038	75000	-0.102698	-23.307413
193	0.583227	75000	-0.102488	-23.409901
194	0.581420	75000	-0.102359	-23.512260
195	0.579616	75000	-0.102151	-23.614411
196	0.577815	75000	-0.102011	-23.716422
197	0.576018	75000	-0.101683	-23.818105
198	0.574224	75000	-0.101577	-23.919682
199	0.572433	75000	-0.101403	-24.021085
200	0.570646	75000	-0.101207	-24.122292
201	0.568862	75000	-0.100990	-24.223282
202	0.567082	75000	-0.100794	-24.324077
203	0.565305	75000	-0.100604	-24.424681
204	0.563531	75000	-0.100494	-24.525174
205	0.561761	75000	-0.100406	-24.625580
206	0.559993	75000	-0.100109	-24.725689
207	0.558230	75000	-0.099958	-24.825647
208	0.556469	75000	-0.099692	-24.925340
209	0.554712	75000	-0.099544	-25.024884
210	0.552958	75000	-0.099439	-25.124323
211	0.551208	75000	-0.099292	-25.223615
212	0.549461	75000	-0.099059	-25.322674
213	0.547717	75000	-0.098893	-25.421567
214	0.545977	75000	-0.098775	-25.520343
215	0.544240	75000	-0.098556	-25.618899
216	0.542506	75000	-0.098373	-25.717272
217	0.540775	75000	-0.098132	-25.815404
218	0.539048	75000	-0.097991	-25.913395
219	0.537324	75000	-0.097777	-26.011172
220	0.535604	75000	-0.097652	-26.108824
221	0.533887	75000	-0.097505	-26.206330
222	0.532173	75000	-0.097234	-26.303564
223	0.530462	75000	-0.097085	-26.400649
224	0.528755	75000	-0.096938	-26.497587
225	0.527051	75000	-0.096754	-26.594341
226	0.525350	75000	-0.096540	-26.690881
227	0.523653	75000	-0.096384	-26.787264
228	0.521958	75000	-0.096232	-26.883496
229	0.520268	75000	-0.095996	-26.979492
230	0.518580	75000	-0.095942	-27.075433
231	0.516896	75000	-0.095669	-27.171102
232	0.515215	75000	-0.095405	-27.266508
233	0.513537	75000	-0.095357	-27.361865
234	0.511863	75000	-0.095096	-27.456961
235	0.510192	75000	-0.095058	-27.552019
236	0.508524	75000	-0.094718	-27.646737
237	0.506859	75000	-0.094600	-27.741337
238	0.505198	75000	-0.094500	-27.835836
239	0.503540	75000	-0.094357	-27.930193
240	0.501885	75000	-0.094114	-28.024307
241	0.500234	75000	-0.093965	-28.118272
242	0.498586	75000	-0.093701	-28.211973
243	0.496941	75000	-0.093639	-28.305612
244	0.495299	75000	-0.093372	-28.398984
245	0.493660	75000	-0.093214	-28.492198
246	0.492025	75000	-0.092993	-28.585190
247	0.490393	75000	-0.092930	-28.678121
248	0.488765	75000	-0.092662	-28.770782
249	0.487139	75000	-0.092534	-28.863316
250	0.485517	75000	-0.092433	-28.955749
251	0.483898	75000	-0.092162	-29.047912
252	0.482283	75000	-0.091999	-29.139911
253	0.480670	75000	-0.091858	-29.231769
254	0.479061	75000	-0.091780	-29.323549
255	0.477455	75000	-0.091485	-29.415034
256	0.475852	75000	-0.091278	-29.506311
257	0.474253	75000	-0.091182	-29.597494
258	0.472656	75000	-0.091015	-29.688508
259	0.471063	75000	-0.090804	-29.779312
260	0.469474	75000	-0.090583	-29.869895
261	0.467887	75000	-0.090569	-29.960464
262	0.466304	75000	-0.090238	-30.050701
263	0.464723	75000	-0.090122	-30.140824
264	0.463146	75000	-0.089898	-30.230721
265	0.461573	75000	-0.089789	-30.320510
266	0.460002	75000	-0.089622	-30.410132
267	0.458435	75000	-0.089384	-30.499516
268	0.456871	75000	-0.089259	-30.588775
269	0.455310	75000	-0.089131	-30.677906
270	0.453752	75000	-0.089005	-30.766911
271	0.452198	75000	-0.088727	-30.855638
272	0.450647	75000	-0.088610	-30.944248
273	0.449098	75000	-0.088441	-31.032688
274	0.447554	75000	-0.088271	-31.120959
275	0.446012	75000	-0.088088	-31.209047
276	0.444473	75000	-0.087994	-31.297041
277	0.442938	75000	-0.087698	-31.384739
278	0.441406	75000	-0.087556	-31.472295
279	0.439877	75000	-0.087349	-31.559644
280	0.438351	75000	-0.087271	-31.646915
281	0.436829	75000	-0.087129	-31.734044
282	0.435309	75000	-0.086914	-31.820959
283	0.433793	75000	-0.086756	-31.907715
284	0.432280	75000	-0.086559	-31.994273
285	0.430770	75000	-0.086338	-32.080611
286	0.429263	75000	-0.086232	-32.166843
287	0.427760	75000	-0.085987	-32.252830
288	0.426259	75000	-0.085896	-32.338727
289	0.424762	75000	-0.085642	-32.424369
290	0.423268	75000	-0.085537	-32.509906
291	0.421777	75000	-0.085352	-32.595258
292	0.420289	75000	-0.085139	-32.680397
293	0.418805	75000	-0.085059	-32.765456
294	0.417323	75000	-0.084915	-32.850371
295	0.415845	75000	-0.084795	-32.935167
296	0.414370	75000	-0.084613	-33.019780
297	0.412898	75000	-0.084384	-33.104163
298	0.411429	75000	-0.084214	-33.188377
299	0.409963	75000	-0.084050	-33.272427
300	0.408501	75000	-0.083899	-33.356326
301	0.407041	75000	-0.083734	-33.440059
302	0.405585	75000	-0.083578	-33.523637
303	0.404132	75000	-0.083371	-33.607008
304	0.402682	75000	-0.083176	-33.690184
305	0.401235	75000	-0.083078	-33.773262
306	0.399791	75000	-0.082908	-33.856170
307	0.398350	75000	-0.082741	-33.938910
308	0.396913	75000	-0.082478	-34.021388
309	0.395478	75000	-0.082346	-34.103734
310	0.394047	75000	-0.082236	-34.185970
311	0.392619	75000	-0.081953	-34.267923
312	0.391194	75000	-0.081909	-34.349832
313	0.389772	75000	-0.081749	-34.431581
314	0.388353	75000	-0.081594	-34.513176
315	0.386937	75000	-0.081437	-34.594612
316	0.385524	75000	-0.081249	-34.675862
317	0.384115	75000	-0.081038	-34.756900
318	0.382708	75000	-0.080844	-34.837744
319	0.381305	75000	-0.080704	-34.918448
320	0.379904	75000	-0.080547	-34.998994
321	0.378507	75000	-0.080390	-35.079384
322	0.377113	75000	-0.080250	-35.159634
323	0.375722	75000	-0.080069	-35.239703
324	0.374334	75000	-0.079849	-35.319552
325	0.372949	75000	-0.079698	-35.399249
326	0.371567	75000	-0.079535	-35.478784
327	0.370189	75000	-0.079334	-35.558118
328	0.368813	75000	-0.079309	-35.637427
329	0.367440	75000	-0.079131	-35.716558
330	0.366071	75000	-0.078854	-35.795411
331	0.364705	75000	-0.078728	-35.874139
332	0.363341	75000	-0.078653	-35.952792
333	0.361981	75000	-0.078437	-36.031229
334	0.360624	75000	-0.078310	-36.109539
335	0.359269	75000	-0.078198	-36.187737
336	0.357918	75000	-0.077995	-36.265732
337	0.356570	75000	-0.077778	-36.343510
338	0.355225	75000	-0.077691	-36.421201
339	0.353883	75000	-0.077396	-36.498597
340	0.352544	75000	-0.077369	-36.575966
341	0.351208	75000	-0.077087	-36.653053
342	0.349875	75000	-0.076971	-36.730024
343	0.348546	75000	-0.076810	-36.806835
344	0.347219	75000	-0.076772	-36.883607
345	0.345895	75000	-0.076491	-36.960098
346	0.344574	75000	-0.076340	-37.036438
347	0.343257	75000	-0.076213	-37.112652
348	0.341942	75000	-0.076071	-37.188722
349	0.340630	75000	-0.075955	-37.264677
350	0.339322	75000	-0.075723	-37.340401
351	0.338016	75000	-0.075648	-37.416049
352	0.336714	75000	-0.075429	-37.491478
353	0.335414	75000	-0.075234	-37.566712
354	0.334118	75000	-0.075074	-37.641786
355	0.332824	75000	-0.074930	-37.716715
356	0.331534	75000	-0.074745	-37.791461
357	0.330246	75000	-0.074653	-37.866113
358	0.328962	75000	-0.074512	-37.940626
359	0.327680	75000	-0.074313	-38.014939
360	0.326401	75000	-0.074196	-38.089135
361	0.325126	75000	-0.073975	-38.163110
362	0.323853	75000	-0.073715	-38.236824
363	0.322584	75000	-0.073642	-38.310467
364	0.321317	75000	-0.073540	-38.384007
365	0.320054	75000	-0.073299	-38.457306
366	0.318793	75000	-0.073247	-38.530553
367	0.317536	75000	-0.073067	-38.603620
368	0.316281	75000	-0.072936	-38.676556
369	0.315030	75000	-0.072734	-38.749289
370	0.313781	75000	-0.072604	-38.821893
371	0.312535	75000	-0.072399	-38.894292
372	0.311293	75000	-0.072300	-38.966592
373	0.310053	75000	-0.072026	-39.038618
374	0.308816	75000	-0.071957	-39.110575
375	0.307582	75000	-0.071825	-39.182400
376	0.306352	75000	-0.071602	-39.254002
377	0.305124	75000	-0.071339	-39.325341
378	0.303899	75000	-0.071246	-39.396587
379	0.302677	75000	-0.071129	-39.467716
380	0.301458	75000	-0.071028	-39.538744
381	0.300242	75000	-0.070883	-39.609627
382	0.299029	75000	-0.070632	-39.680259
383	0.297819	75000	-0.070635	-39.750894
384	0.296611	75000	-0.070326	-39.821220
385	0.295407	75000	-0.070275	-39.891495
386	0.294206	75000	-0.070078	-39.961574
387	0.293007	75000	-0.069917	-40.031491
388	0.291812	75000	-0.069790	-40.101281
389	0.290619	75000	-0.069574	-40.170855
390	0.289430	75000	-0.069587	-40.240442
391	0.288243	75000	-0.069244	-40.309686
392	0.287059	75000	-0.069150	-40.378836
393	0.285879	75000	-0.068848	-40.447683
394	0.284701	75000	-0.068876	-40.516559
395	0.283526	75000	-0.068740	-40.585299
396	0.282354	75000	-0.068525	-40.653824
397	0.281184	75000	-0.068382	-40.722206
398	0.280018	75000	-0.068292	-40.790498
399	0.278855	75000	-0.068124	-40.858622
400	0.277694	75000	-0.067937	-40.926559
401	0.276537	75000	-0.067745	-40.994304
402	0.275382	75000	-0.067690	-41.061994
403	0.274230	75000	-0.067443	-41.129437
404	0.273082	75000	-0.067299	-41.196736
405	0.271936	75000	-0.067123	-41.263859
406	0.270793	75000	-0.067055	-41.330913
407	0.269652	75000	-0.066950	-41.397863
408	0.268515	75000	-0.066795	-41.464659
409	0.267381	75000	-0.066471	-41.531130
410	0.266249	75000	-0.066393	-41.597523
411	0.265121	75000	-0.066248	-41.663771
412	0.263995	75000	-0.066154	-41.729925
413	0.262872	75000	-0.065947	-41.795872
414	0.261752	75000	-0.065914	-41.861786
415	0.260635	75000	-0.065647	-41.927432
416	0.259520	75000	-0.065467	-41.992899
417	0.258409	75000	-0.065391	-42.058290
418	0.257300	75000	-0.065164	-42.123454
419	0.256195	75000	-0.065038	-42.188492
420	0.255092	75000	-0.064872	-42.253364
421	0.253992	75000	-0.064791	-42.318155
422	0.252895	75000	-0.064570	-42.382725
423	0.251800	75000	-0.064512	-42.447238
424	0.250709	75000	-0.064310	-42.511548
425	0.249620	75000	-0.064200	-42.575748
426	0.248534	75000	-0.064012	-42.639760
427	0.247451	75000	-0.063838	-42.703597
428	0.246371	75000	-0.063644	-42.767242
429	0.245294	75000	-0.063544	-42.830786
430	0.244220	75000	-0.063448	-42.894234
431	0.243148	75000	-0.063273	-42.957506
432	0.242079	75000	-0.063141	-43.020647
433	0.241013	75000	-0.062985	-43.083632
434	0.239950	75000	-0.062799	-43.146431
435	0.238890	75000	-0.062595	-43.209026
436	0.237832	75000	-0.062516	-43.271542
437	0.236778	75000	-0.062428	-43.333969
438	0.235726	75000	-0.062331	-43.396300
439	0.234677	75000	-0.062150	-43.458450
440	0.233630	75000	-0.061946	-43.520396
441	0.232587	75000	-0.061806	-43.582202
442	0.231546	75000	-0.061702	-43.643904
443	0.230509	75000	-0.061496	-43.705400
444	0.229473	75000	-0.061478	-43.766877
445	0.228441	75000	-0.061198	-43.828075
446	0.227412	75000	-0.061097	-43.889172
447	0.226385	75000	-0.061007	-43.950178
448	0.225361	75000	-0.060749	-44.010927
449	0.224340	75000	-0.060750	-44.071678
450	0.223322	75000	-0.060608	-44.132286
451	0.222306	75000	-0.060343	-44.192629
452	0.221293	75000	-0.060418	-44.253047
453	0.220283	75000	-0.060072	-44.313118
454	0.219276	75000	-0.059972	-44.373090
455	0.218272	75000	-0.059919	-44.433009
456	0.217270	75000	-0.059566	-44.492575
457	0.216271	75000	-0.059503	-44.552078
458	0.215275	75000	-0.059344	-44.611422
459	0.214281	75000	-0.059322	-44.670745
460	0.213291	75000	-0.059051	-44.729795
461	0.212303	75000	-0.059007	-44.788802
462	0.211318	75000	-0.058796	-44.847599
463	0.210335	75000	-0.058728	-44.906327
464	0.209356	75000	-0.058552	-44.964879
465	0.208379	75000	-0.058319	-45.023198
466	0.207404	75000	-0.058143	-45.081341
467	0.206433	75000	-0.058099	-45.139440
468	0.205464	75000	-0.057944	-45.197384
469	0.204498	75000	-0.057903	-45.255287
470	0.203535	75000	-0.057802	-45.313089
471	0.202575	75000	-0.057453	-45.370542
472	0.201617	75000	-0.057408	-45.427950
473	0.200662	75000	-0.057332	-45.485282
474	0.199709	75000	-0.057017	-45.542299
475	0.198760	75000	-0.057004	-45.599303
476	0.197813	75000	-0.056876	-45.656179
477	0.196869	75000	-0.056707	-45.712886
478	0.195927	75000	-0.056658	-45.769544
479	0.194988	75000	-0.056478	-45.826022
480	0.194052	75000	-0.056274	-45.882296
481	0.193119	75000	-0.056141	-45.938437
482	0.192188	75000	-0.056076	-45.994513
483	0.191260	75000	-0.055881	-46.050394
484	0.190335	75000	-0.055771	-46.106165
485	0.189412	75000	-0.055516	-46.161681
486	0.188492	75000	-0.055487	-46.217168
487	0.187575	75000	-0.055438	-46.272606
488	0.186660	75000	-0.055234	-46.327840
489	0.185749	75000	-0.055106	-46.382946
490	0.184839	75000	-0.054987	-46.437934
491	0.183933	75000	-0.054828	-46.492762
492	0.183029	75000	-0.054712	-46.547474
493	0.182128	75000	-0.054620	-46.602094
494	0.181229	75000	-0.054450	-46.656543
495	0.180333	75000	-0.054312	-46.710856
496	0.179440	75000	-0.054204	-46.765060
497	0.178550	75000	-0.054126	-46.819186
498	0.177662	75000	-0.053904	-46.873090
499	0.176777	75000	-0.053776	-46.926865
500	0.175894	75000	-0.053630	-46.980495
501	0.175014	75000	-0.053392	-47.033887
502	0.174137	75000	-0.053259	-47.087146
503	0.173262	75000	-0.053176	-47.140322
504	0.172390	75000	-0.053058	-47.193380
505	0.171521	75000	-0.052895	-47.246275
506	0.170654	75000	-0.052809	-47.299084
507	0.169790	75000	-0.052660	-47.351744
508	0.168929	75000	-0.052544	-47.404288
509	0.168070	75000	-0.052443	-47.456731
510	0.167214	75000	-0.052199	-47.508930
511	0.166360	75000	-0.052215	-47.561145
512	0.165509	75000	-0.052044	-47.613188
513	0.164661	75000	-0.051934	-47.665122
514	0.163815	75000	-0.051882	-47.717005
515	0.162972	75000	-0.051570	-47.768575
516	0.162132	75000	-0.051523	-47.820098
517	0.161294	75000	-0.051379	-47.871478
518	0.160458	75000	-0.051243	-47.922721
519	0.159626	75000	-0.051089	-47.973810
520	0.158796	75000	-0.051039	-48.024849
521	0.157968	75000	-0.050830	-48.075679
522	0.157143	75000	-0.050704	-48.126384
523	0.156321	75000	-0.050586	-48.176970
524	0.155501	75000	-0.050408	-48.227378
525	0.154684	75000	-0.050362	-48.277741
526	0.153870	75000	-0.050195	-48.327936
527	0.153058	75000	-0.050051	-48.377986
528	0.152248	75000	-0.050049	-48.428035
529	0.151441	75000	-0.049847	-48.477882
530	0.150637	75000	-0.049690	-48.527572
531	0.149835	75000	-0.049631	-48.577203
532	0.149036	75000	-0.049539	-48.626742
533	0.148240	75000	-0.049208	-48.675950
534	0.147446	75000	-0.049128	-48.725079
535	0.146654	75000	-0.048971	-48.774050
536	0.145865	75000	-0.048915	-48.822964
537	0.145079	75000	-0.048805	-48.871770
538	0.144295	75000	-0.048580	-48.920350
539	0.143514	75000	-0.048573	-48.968923
540	0.142735	75000	-0.048292	-49.017215
541	0.141959	75000	-0.048320	-49.065535
542	0.141186	75000	-0.048155	-49.113690
543	0.140415	75000	-0.048011	-49.161701
544	0.139646	75000	-0.047801	-49.209502
545	0.138880	75000	-0.047820	-49.257323
546	0.138116	75000	-0.047740	-49.305063
547	0.137356	75000	-0.047636	-49.352699
548	0.136597	75000	-0.047475	-49.400175
549	0.135841	75000	-0.047164	-49.447339
550	0.135088	75000	-0.047249	-49.494588
551	0.134337	75000	-0.047082	-49.541670
552	0.133588	75000	-0.046950	-49.588620
553	0.132843	75000	-0.046869	-49.635489
554	0.132099	75000	-0.046745	-49.682234
555	0.131358	75000	-0.046424	-49.728659
556	0.130620	75000	-0.046445	-49.775103
557	0.129884	75000	-0.046363	-49.821467
558	0.129151	75000	-0.046161	-49.867628
559	0.128420	75000	-0.046042	-49.913670
560	0.127691	75000	-0.045763	-49.959433
561	0.126965	75000	-0.045949	-50.005382
562	0.126242	75000	-0.045733	-50.051115
563	0.125521	75000	-0.045603	-50.096718
564	0.124802	75000	-0.045435	-50.142153
565	0.124086	75000	-0.045199	-50.187352
566	0.123373	75000	-0.045115	-50.232466
567	0.122662	75000	-0.045202	-50.277669
568	0.121953	75000	-0.045034	-50.322703
569	0.121247	75000	-0.044896	-50.367598
570	0.120543	75000	-0.044778	-50.412376
571	0.119842	75000	-0.044550	-50.456926
572	0.119143	75000	-0.044589	-50.501515
573	0.118447	75000	-0.044364	-50.545879
574	0.117753	75000	-0.044203	-50.590082
575	0.117062	75000	-0.044146	-50.634228
576	0.116373	75000	-0.043933	-50.678161
577	0.115686	75000	-0.043928	-50.722089
578	0.115002	75000	-0.043837	-50.765926
579	0.114320	75000	-0.043638	-50.809564
580	0.113641	75000	-0.043382	-50.852946
581	0.112964	75000	-0.043348	-50.896294
582	0.112290	75000	-0.043498	-50.939791
583	0.111618	75000	-0.043196	-50.982987
584	0.110948	75000	-0.043070	-51.026057
585	0.110281	75000	-0.042882	-51.068939
586	0.109616	75000	-0.042937	-51.111877
587	0.108954	75000	-0.042995	-51.154872
588	0.108294	75000	-0.042688	-51.197560
589	0.107637	75000	-0.042494	-51.240054
590	0.106981	75000	-0.042470	-51.282525
591	0.106329	75000	-0.042418	-51.324943
592	0.105678	75000	-0.042316	-51.367260
593	0.105030	75000	-0.042056	-51.409315
594	0.104385	75000	-0.042005	-51.451321
595	0.103742	75000	-0.041880	-51.493201
596	0.103101	75000	-0.041640	-51.534842
597	0.102463	75000	-0.041651	-51.576493
598	0.101827	75000	-0.041446	-51.617939
599	0.101193	75000	-0.041428	-51.659367
600	0.100562	75000	-0.041391	-51.700758
601	0.099933	75000	-0.041232	-51.741990
602	0.099306	75000	-0.041126	-51.783116
603	0.098682	75000	-0.041095	-51.824211
604	0.098060	75000	-0.040857	-51.865069
605	0.097441	75000	-0.040790	-51.905859
606	0.096824	75000	-0.040824	-51.946683
607	0.096209	75000	-0.040463	-51.987146
608	0.095596	75000	-0.040538	-52.027684
609	0.094986	75000	-0.040213	-52.067897
610	0.094379	75000	-0.040246	-52.108143
611	0.093773	75000	-0.040047	-52.148189
612	0.093170	75000	-0.039884	-52.188074
613	0.092570	75000	-0.039823	-52.227897
614	0.091971	75000	-0.039728	-52.267625
615	0.091375	75000	-0.039803	-52.307428
616	0.090781	75000	-0.039581	-52.347009
617	0.090190	75000	-0.039325	-52.386334
618	0.089601	75000	-0.039300	-52.425634
619	0.089014	75000	-0.039111	-52.464745
620	0.088430	75000	-0.039121	-52.503865
621	0.087848	75000	-0.038986	-52.542851
622	0.087268	75000	-0.039157	-52.582009
623	0.086690	75000	-0.038848	-52.620857
624	0.086115	75000	-0.038886	-52.659742
625	0.085542	75000	-0.038608	-52.698350
626	0.084971	75000	-0.038536	-52.736886
627	0.084403	75000	-0.038390	-52.775276
628	0.083837	75000	-0.038220	-52.813497
629	0.083273	75000	-0.038127	-52.851624
630	0.082712	75000	-0.038015	-52.889639
631	0.082152	75000	-0.037949	-52.927588
632	0.081595	75000	-0.037877	-52.965465
633	0.081041	75000	-0.037863	-53.003328
634	0.080488	75000	-0.037676	-53.041004
635	0.079938	75000	-0.037477	-53.078481
636	0.079390	75000	-0.037523	-53.116004
637	0.078845	75000	-0.037332	-53.153336
638	0.078301	75000	-0.037417	-53.190754
639	0.077760	75000	-0.037142	-53.227896
640	0.077221	75000	-0.036920	-53.264816
641	0.076684	75000	-0.037037	-53.301853
642	0.076150	75000	-0.036921	-53.338773
643	0.075618	75000	-0.036719	-53.375492
644	0.075088	75000	-0.036743	-53.412235
645	0.074560	75000	-0.036657	-53.448892
646	0.074035	75000	-0.036563	-53.485455
647	0.073512	75000	-0.036369	-53.521824
648	0.072991	75000	-0.036199	-53.558024
649	0.072472	75000	-0.036232	-53.594255
650	0.071955	75000	-0.036143	-53.630399
651	0.071441	75000	-0.036082	-53.666481
652	0.070929	75000	-0.036074	-53.702555
653	0.070419	75000	-0.035923	-53.738477
654	0.069911	75000	-0.035586	-53.774063
655	0.069406	75000	-0.035619	-53.809683
656	0.068903	75000	-0.035521	-53.845204
657	0.068401	75000	-0.035669	-53.880873
658	0.067903	75000	-0.035530	-53.916403
659	0.067406	75000	-0.035346	-53.951748
660	0.066911	75000	-0.035097	-53.986846
661	0.066419	75000	-0.034998	-54.021844
662	0.065929	75000	-0.035123	-54.056967
663	0.065441	75000	-0.035048	-54.092015
664	0.064955	75000	-0.035126	-54.127141
665	0.064471	75000	-0.034888	-54.162029
666	0.063990	75000	-0.034688	-54.196717
667	0.063510	75000	-0.034527	-54.231244
668	0.063033	75000	-0.034602	-54.265846
669	0.062558	75000	-0.034399	-54.300245
670	0.062085	75000	-0.034425	-54.334670
671	0.061615	75000	-0.034273	-54.368943
672	0.061146	75000	-0.034169	-54.403112
673	0.060680	75000	-0.034296	-54.437408
674	0.060216	75000	-0.034004	-54.471413
675	0.059753	75000	-0.033954	-54.505367
676	0.059293	75000	-0.033820	-54.539187
677	0.058836	75000	-0.033794	-54.572980
678	0.058380	75000	-0.033712	-54.606692
679	0.057926	75000	-0.033464	-54.640156
680	0.057475	75000	-0.033408	-54.673564
681	0.057025	75000	-0.033394	-54.706958
682	0.056578	75000	-0.033480	-54.740437
683	0.056133	75000	-0.033343	-54.773780
684	0.055690	75000	-0.033267	-54.807047
685	0.055249	75000	-0.033253	-54.840300
686	0.054810	75000	-0.033199	-54.873499
687	0.054373	75000	-0.032816	-54.906316
688	0.053939	75000	-0.032890	-54.939206
689	0.053506	75000	-0.032725	-54.971931
690	0.053076	75000	-0.032775	-55.004706
691	0.052647	75000	-0.032712	-55.037418
692	0.052221	75000	-0.032636	-55.070055
693	0.051797	75000	-0.032333	-55.102388
694	0.051375	75000	-0.032273	-55.134661
695	0.050955	75000	-0.032291	-55.166952
696	0.050537	75000	-0.032366	-55.199318
697	0.050121	75000	-0.032216	-55.231534
698	0.049707	75000	-0.031839	-55.263373
699	0.049295	75000	-0.031999	-55.295373
700	0.048885	75000	-0.031891	-55.327264
701	0.048478	75000	-0.031739	-55.359003
702	0.048072	75000	-0.031984	-55.390987
703	0.047668	75000	-0.031792	-55.422779
704	0.047267	75000	-0.031711	-55.454491
705	0.046867	75000	-0.031695	-55.486186
706	0.046470	75000	-0.031246	-55.517432
707	0.046074	75000	-0.031450	-55.548882
708	0.045681	75000	-0.031465	-55.580347
709	0.045289	75000	-0.031263	-55.611610
710	0.044900	75000	-0.031334	-55.642944
711	0.044512	75000	-0.030999	-55.673943
712	0.044127	75000	-0.031042	-55.704984
713	0.043744	75000	-0.031134	-55.736118
714	0.043362	75000	-0.031064	-55.767182
715	0.042983	75000	-0.031056	-55.798239
716	0.042606	75000	-0.030815	-55.829054
717	0.042230	75000	-0.030846	-55.859900
718	0.041857	75000	-0.030521	-55.890421
719	0.041485	75000	-0.030905	-55.921325
720	0.041116	75000	-0.030626	-55.951952
721	0.040749	75000	-0.030787	-55.982739
722	0.040383	75000	-0.030672	-56.013411
723	0.040020	75000	-0.030496	-56.043907
724	0.039658	75000	-0.030646	-56.074553
725	0.039299	75000	-0.030718	-56.105270
726	0.038941	75000	-0.030174	-56.135444
727	0.038585	75000	-0.030456	-56.165901
728	0.038232	75000	-0.030360	-56.196260
729	0.037880	75000	-0.030450	-56.226711
730	0.037530	75000	-0.030208	-56.256919
731	0.037182	75000	-0.030214	-56.287133
732	0.036836	75000	-0.030063	-56.317197
733	0.036493	75000	-0.030149	-56.347345
734	0.036151	75000	-0.029827	-56.377172
735	0.035810	75000	-0.030028	-56.407201
736	0.035472	75000	-0.029819	-56.437020
737	0.035136	75000	-0.029964	-56.466984
738	0.034802	75000	-0.030144	-56.497128
739	0.034469	75000	-0.030003	-56.527131
740	0.034139	75000	-0.029670	-56.556801
741	0.033810	75000	-0.029907	-56.586708
742	0.033484	75000	-0.029725	-56.616433
743	0.033159	75000	-0.029624	-56.646057
744	0.032836	75000	-0.029595	-56.675652
745	0.032515	75000	-0.029694	-56.705346
746	0.032196	75000	-0.029601	-56.734947
747	0.031879	75000	-0.029710	-56.764657
748	0.031563	75000	-0.029776	-56.794433
749	0.031250	75000	-0.029556	-56.823989
750	0.030938	75000	-0.029204	-56.853193
751	0.030629	75000	-0.029496	-56.882689
752	0.030321	75000	-0.029434	-56.912123
753	0.030015	75000	-0.029723	-56.941847
754	0.029711	75000	-0.029595	-56.971442
755	0.029409	75000	-0.029324	-57.000766
756	0.029108	75000	-0.029803	-57.030568
757	0.028810	75000	-0.029211	-57.059779
758	0.028513	75000	-0.028945	-57.088724
759	0.028218	75000	-0.029472	-57.118197
760	0.027925	75000	-0.029386	-57.147583
761	0.027634	75000	-0.029267	-57.176850
762	0.027345	75000	-0.029164	-57.206014
763	0.027057	75000	-0.029334	-57.235348
764	0.026771	75000	-0.029120	-57.264468
765	0.026487	75000	-0.029412	-57.293880
766	0.026205	75000	-0.029462	-57.323342
767	0.025925	75000	-0.029029	-57.352371
768	0.025647	75000	-0.029533	-57.381904
769	0.025370	75000	-0.029433	-57.411338
770	0.025095	75000	-0.029128	-57.440466
771	0.024822	75000	-0.029525	-57.469991
772	0.024551	75000	-0.029353	-57.499345
773	0.024281	75000	-0.029682	-57.529026
774	0.024014	75000	-0.029465	-57.558491
775	0.023748	75000	-0.029609	-57.588100
776	0.023483	75000	-0.029402	-57.617502
777	0.023221	75000	-0.029623	-57.647125
778	0.022960	75000	-0.029508	-57.676633
779	0.022702	75000	-0.029168	-57.705801
780	0.022445	75000	-0.029301	-57.735102
781	0.022189	75000	-0.029307	-57.764410
782	0.021936	75000	-0.029627	-57.794037
783	0.021684	75000	-0.029732	-57.823769
784	0.021434	75000	-0.029643	-57.853412
785	0.021185	75000	-0.029862	-57.883274
786	0.020939	75000	-0.029846	-57.913121
787	0.020694	75000	-0.029497	-57.942618
788	0.020451	75000	-0.030011	-57.972629
789	0.020209	75000	-0.029870	-58.002499
790	0.019969	75000	-0.030068	-58.032568
791	0.019731	75000	-0.030262	-58.062830
792	0.019495	75000	-0.030007	-58.092837
793	0.019261	75000	-0.030267	-58.123104
794	0.019028	75000	-0.030382	-58.153487
795	0.018796	75000	-0.030470	-58.183956
796	0.018567	75000	-0.030743	-58.214700
797	0.018339	75000	-0.030449	-58.245149
798	0.018113	75000	-0.030131	-58.275279
799	0.017889	75000	-0.030810	-58.306089
800	0.017666	75000	-0.030849	-58.336939
801	0.017445	75000	-0.030528	-58.367467
802	0.017225	75000	-0.030830	-58.398297
803	0.017007	75000	-0.030732	-58.429029
804	0.016791	75000	-0.031272	-58.460301
805	0.016577	75000	-0.031599	-58.491900
806	0.016364	75000	-0.031810	-58.523710
807	0.016153	75000	-0.031232	-58.554942
808	0.015943	75000	-0.031289	-58.586231
809	0.015736	75000	-0.032108	-58.618339
810	0.015529	75000	-0.032462	-58.650801
811	0.015325	75000	-0.032396	-58.683197
812	0.015122	75000	-0.032579	-58.715776
813	0.014920	75000	-0.033414	-58.749190
814	0.014721	75000	-0.033112	-58.782302
815	0.014523	75000	-0.033118	-58.815420
816	0.014326	75000	-0.033679	-58.849099
817	0.014131	75000	-0.033109	-58.882208
818	0.013938	75000	-0.033538	-58.915745
819	0.013746	75000	-0.034011	-58.949756
820	0.013556	75000	-0.037221	-58.986977
821	0.013367	75000	-0.034503	-59.021480
822	0.013181	75000	-0.034542	-59.056023
823	0.012995	75000	-0.034176	-59.090199
824	0.012811	75000	-0.034991	-59.125190
825	0.012629	75000	-0.036308	-59.161499
826	0.012448	75000	-0.036060	-59.197558
827	0.012269	75000	-0.035384	-59.232943
828	0.012092	75000	-0.036776	-59.269719
829	0.011916	75000	-0.036633	-59.306352
830	0.011741	75000	-0.037211	-59.343563
831	0.011568	75000	-0.037790	-59.381353
832	0.011397	75000	-0.039817	-59.421169
833	0.011227	75000	-0.039021	-59.460190
834	0.011059	75000	-0.038466	-59.498656
835	0.010892	75000	-0.040128	-59.538784
836	0.010727	75000	-0.042711	-59.581495
837	0.010563	75000	-0.042790	-59.624284
838	0.010401	75000	-0.041870	-59.666154
839	0.010240	75000	-0.042955	-59.709110
840	0.010081	75000	-0.042380	-59.751489
841	0.009923	75000	-0.041946	-59.793435
842	0.009767	75000	-0.043581	-59.837016
843	0.009612	75000	-0.044053	-59.881069
844	0.009459	75000	-0.045181	-59.926250
845	0.009307	75000	-0.045134	-59.971384
846	0.009156	75000	-0.047142	-60.018526
847	0.009008	75000	-0.048192	-60.066718
848	0.008860	75000	-0.051648	-60.118366
849	0.008714	75000	-0.048958	-60.167324
850	0.008570	75000	-0.050639	-60.217963
851	0.008427	75000	-0.052467	-60.270430
852	0.008285	75000	-0.051709	-60.322139
853	0.008145	75000	-0.054588	-60.376727
854	0.008006	75000	-0.053324	-60.430051
855	0.007869	75000	-0.054556	-60.484606
856	0.007733	75000	-0.052700	-60.537306
857	0.007598	75000	-0.058267	-60.595573
858	0.007465	75000	-0.058444	-60.654017
859	0.007334	75000	-0.059610	-60.713628
860	0.007203	75000	-0.058593	-60.772221
861	0.007075	75000	-0.061829	-60.834050
862	0.006947	75000	-0.062747	-60.896797
863	0.006821	75000	-0.064136	-60.960933
864	0.006696	75000	-0.065937	-61.026870
865	0.006573	75000	-0.067108	-61.093977
866	0.006451	75000	-0.068693	-61.162670
867	0.006330	75000	-0.070109	-61.232779
868	0.006211	75000	-0.071885	-61.304664
869	0.006093	75000	-0.071076	-61.375740
870	0.005977	75000	-0.075861	-61.451601
871	0.005862	75000	-0.076007	-61.527609
872	0.005748	75000	-0.077540	-61.605149
873	0.005635	75000	-0.079178	-61.684327
874	0.005524	75000	-0.079219	-61.763546
875	0.005414	75000	-0.081018	-61.844564
876	0.005306	75000	-0.081884	-61.926447
877	0.005199	75000	-0.083843	-62.010290
878	0.005093	75000	-0.084183	-62.094473
879	0.004988	75000	-0.086626	-62.181099
880	0.004885	75000	-0.087867	-62.268965
881	0.004783	75000	-0.084037	-62.353002
882	0.004682	75000	-0.088852	-62.441854
883	0.004583	75000	-0.093117	-62.534971
884	0.004485	75000	-0.092561	-62.627532
885	0.004388	75000	-0.092419	-62.719951
886	0.004292	75000	-0.093770	-62.813722
887	0.004198	75000	-0.094980	-62.908702
888	0.004105	75000	-0.097505	-63.006206
889	0.004013	75000	-0.096304	-63.102510
890	0.003923	75000	-0.097508	-63.200018
891	0.003833	75000	-0.099066	-63.299084
892	0.003745	75000	-0.097874	-63.396959
893	0.003658	75000	-0.098942	-63.495901
894	0.003573	75000	-0.099951	-63.595853
895	0.003488	75000	-0.099424	-63.695276
896	0.003405	75000	-0.100130	-63.795407
897	0.003323	75000	-0.100200	-63.895606
898	0.003242	75000	-0.100174	-63.995781
899	0.003162	75000	-0.099659	-64.095439
900	0.003084	75000	-0.100904	-64.196343
901	0.003007	75000	-0.100811	-64.297155
902	0.002930	75000	-0.100390	-64.397545
903	0.002855	75000	-0.099506	-64.497051
904	0.002782	75000	-0.099278	-64.596329
905	0.002709	75000	-0.098575	-64.694904
906	0.002638	75000	-0.098864	-64.793768
907	0.002567	75000	-0.099164	-64.892931
908	0.002498	75000	-0.098088	-64.991020
909	0.002430	75000	-0.096696	-65.087716
910	0.002363	75000	-0.096851	-65.184567
911	0.002297	75000	-0.095781	-65.280348
912	0.002233	75000	-0.094245	-65.374593
913	0.002169	75000	-0.093931	-65.468524
914	0.002106	75000	-0.093526	-65.562050
915	0.002045	75000	-0.092113	-65.654164
916	0.001985	75000	-0.092013	-65.746177
917	0.001925	75000	-0.090457	-65.836634
918	0.001867	75000	-0.088539	-65.925174
919	0.001810	75000	-0.088900	-66.014074
920	0.001754	75000	-0.087496	-66.101570
921	0.001699	75000	-0.086981	-66.188551
922	0.001645	75000	-0.085657	-66.274208
923	0.001592	75000	-0.083945	-66.358153
924	0.001540	75000	-0.083421	-66.441574
925	0.001490	75000	-0.082140	-66.523715
926	0.001440	75000	-0.080472	-66.604186
927	0.001391	75000	-0.079530	-66.683716
928	0.001343	75000	-0.077605	-66.761321
929	0.001296	75000	-0.076975	-66.838296
930	0.001251	75000	-0.075750	-66.914045
931	0.001206	75000	-0.074306	-66.988352
932	0.001162	75000	-0.073066	-67.061417
933	0.001119	75000	-0.071262	-67.132680
934	0.001077	75000	-0.070478	-67.203157
935	0.001036	75000	-0.068589	-67.271747
936	0.000996	75000	-0.067506	-67.339253
937	0.000957	75000	-0.066341	-67.405594
938	0.000919	75000	-0.064625	-67.470219
939	0.000882	75000	-0.063377	-67.533595
940	0.000846	75000	-0.061825	-67.595420
941	0.000810	75000	-0.060504	-67.655924
942	0.000776	75000	-0.059063	-67.714988
943	0.000742	75000	-0.058013	-67.773001
944	0.000709	75000	-0.056520	-67.829521
945	0.000678	75000	-0.054937	-67.884458
946	0.000647	75000	-0.053717	-67.938175
947	0.000617	75000	-0.052441	-67.990616
948	0.000587	75000	-0.050917	-68.041533
949	0.000559	75000	-0.049770	-68.091303
950	0.000531	75000	-0.048278	-68.139581
951	0.000505	75000	-0.046717	-68.186298
952	0.000479	75000	-0.045499	-68.231798
953	0.000454	75000	-0.044245	-68.276043
954	0.000430	75000	-0.042804	-68.318847
955	0.000406	75000	-0.041337	-68.360184
956	0.000383	75000	-0.039963	-68.400147
957	0.000362	75000	-0.038746	-68.438893
958	0.000340	75000	-0.037429	-68.476322
959	0.000320	75000	-0.036167	-68.512489
960	0.000300	75000	-0.034969	-68.547459
961	0.000281	75000	-0.033555	-68.581014
962	0.000263	75000	-0.032439	-68.613452
963	0.000246	75000	-0.031160	-68.644612
964	0.000229	75000	-0.029849	-68.674461
965	0.000213	75000	-0.028745	-68.703206
966	0.000198	75000	-0.027423	-68.730629
967	0.000183	75000	-0.026275	-68.756904
968	0.000169	75000	-0.025048	-68.781953
969	0.000156	75000	-0.023907	-68.805859
970	0.000143	75000	-0.022710	-68.828570
971	0.000131	75000	-0.021620	-68.850190
972	0.000120	75000	-0.020469	-68.870659
973	0.000109	75000	-0.019373	-68.890032
974	0.000099	75000	-0.018321	-68.908353
975	0.000089	75000	-0.017192	-68.925545
976	0.000080	75000	-0.016164	-68.941708
977	0.000072	75000	-0.015190	-68.956898
978	0.000064	75000	-0.014269	-68.971167
979	0.000057	75000	-0.013299	-68.984466
980	0.000050	75000	-0.012245	-68.996711
981	0.000043	75000	-0.011347	-69.008058
982	0.000038	75000	-0.010465	-69.018524
983	0.000032	75000	-0.009584	-69.028108
984	0.000028	75000	-0.008745	-69.036853
985	0.000023	75000	-0.007923	-69.044776
986	0.000019	75000	-0.007079	-69.051855
987	0.000016	75000	-0.006314	-69.058169
988	0.000013	75000	-0.005583	-69.063752
989	0.000010	75000	-0.004865	-69.068618
990	0.000008	75000	-0.004191	-69.072809
991	0.000006	75000	-0.003542	-69.076351
992	0.000004	75000	-0.002944	-69.079295
993	0.000003	75000	-0.002381	-69.081676
994	0.000002	75000	-0.001844	-69.083520
995	0.000001	75000	-0.001373	-69.084893
996	0.000000	75000	-0.000940	-69.085833
997	0.000000	75000	-0.000569	-69.086403
998	0.000000	75000	-0.000266	-69.086669
999	0.000000	75000	-0.000057	-69.086726
Log marginal likelihood:	-69.086726
