Steppingstone sampler:
        No Stones:                  1000
        Start It:                   10000001
        It Per Stone:               100000
        Sample Freq:                1
        Dist:                       Beta(0.400000,1.000000)
Stone No	Power	N	Stone MLh	Running MLh
0	0.997502	75000	-0.177736	-0.177736
1	0.995007	75000	-0.177561	-0.355297
2	0.992517	75000	-0.177219	-0.532516
3	0.990030	75000	-0.177002	-0.709518
4	0.987547	75000	-0.176779	-0.886297
5	0.985067	75000	-0.176407	-1.062704
6	0.982592	75000	-0.176200	-1.238904
7	0.980120	75000	-0.175973	-1.414877
8	0.977652	75000	-0.175664	-1.590541
9	0.975187	75000	-0.175430	-1.765971
10	0.972726	75000	-0.175206	-1.941177
11	0.970269	75000	-0.174943	-2.116120
12	0.967816	75000	-0.174583	-2.290703
13	0.965367	75000	-0.174398	-2.465101
14	0.962921	75000	-0.174120	-2.639221
15	0.960479	75000	-0.173837	-2.813058
16	0.958040	75000	-0.173610	-2.986669
17	0.955606	75000	-0.173386	-3.160055
18	0.953175	75000	-0.173113	-3.333168
19	0.950747	75000	-0.172872	-3.506041
20	0.948324	75000	-0.172607	-3.678648
21	0.945904	75000	-0.172365	-3.851013
22	0.943488	75000	-0.172101	-4.023115
23	0.941076	75000	-0.171826	-4.194940
24	0.938667	75000	-0.171569	-4.366509
25	0.936262	75000	-0.171326	-4.537835
26	0.933861	75000	-0.171116	-4.708951
27	0.931463	75000	-0.170775	-4.879727
28	0.929069	75000	-0.170565	-5.050292
29	0.926679	75000	-0.170244	-5.220535
30	0.924293	75000	-0.169991	-5.390527
31	0.921910	75000	-0.169775	-5.560302
32	0.919531	75000	-0.169514	-5.729816
33	0.917155	75000	-0.169265	-5.899081
34	0.914783	75000	-0.169032	-6.068112
35	0.912415	75000	-0.168734	-6.236846
36	0.910051	75000	-0.168507	-6.405353
37	0.907690	75000	-0.168247	-6.573599
38	0.905333	75000	-0.168032	-6.741632
39	0.902980	75000	-0.167664	-6.909296
40	0.900630	75000	-0.167452	-7.076748
41	0.898284	75000	-0.167216	-7.243964
42	0.895942	75000	-0.166923	-7.410887
43	0.893603	75000	-0.166706	-7.577593
44	0.891268	75000	-0.166510	-7.744103
45	0.888937	75000	-0.166201	-7.910304
46	0.886609	75000	-0.165946	-8.076250
47	0.884285	75000	-0.165700	-8.241950
48	0.881965	75000	-0.165363	-8.407312
49	0.879648	75000	-0.165194	-8.572506
50	0.877335	75000	-0.164908	-8.737414
51	0.875026	75000	-0.164650	-8.902064
52	0.872720	75000	-0.164427	-9.066491
53	0.870418	75000	-0.164240	-9.230731
54	0.868120	75000	-0.163907	-9.394638
55	0.865825	75000	-0.163608	-9.558246
56	0.863534	75000	-0.163404	-9.721650
57	0.861246	75000	-0.163157	-9.884808
58	0.858962	75000	-0.162869	-10.047677
59	0.856682	75000	-0.162710	-10.210387
60	0.854405	75000	-0.162451	-10.372838
61	0.852132	75000	-0.162146	-10.534984
62	0.849863	75000	-0.161847	-10.696831
63	0.847597	75000	-0.161648	-10.858479
64	0.845335	75000	-0.161412	-11.019891
65	0.843077	75000	-0.161215	-11.181106
66	0.840822	75000	-0.160901	-11.342007
67	0.838571	75000	-0.160622	-11.502629
68	0.836323	75000	-0.160355	-11.662984
69	0.834079	75000	-0.160130	-11.823114
70	0.831839	75000	-0.159917	-11.983030
71	0.829602	75000	-0.159659	-12.142690
72	0.827369	75000	-0.159465	-12.302155
73	0.825140	75000	-0.159137	-12.461293
74	0.822914	75000	-0.158873	-12.620166
75	0.820691	75000	-0.158634	-12.778800
76	0.818473	75000	-0.158406	-12.937206
77	0.816258	75000	-0.158155	-13.095361
78	0.814046	75000	-0.157860	-13.253221
79	0.811838	75000	-0.157688	-13.410909
80	0.809634	75000	-0.157442	-13.568351
81	0.807433	75000	-0.157112	-13.725463
82	0.805236	75000	-0.156913	-13.882376
83	0.803043	75000	-0.156622	-14.038999
84	0.800853	75000	-0.156413	-14.195411
85	0.798667	75000	-0.156179	-14.351590
86	0.796484	75000	-0.155954	-14.507544
87	0.794305	75000	-0.155633	-14.663177
88	0.792129	75000	-0.155397	-14.818574
89	0.789957	75000	-0.155117	-14.973690
90	0.787789	75000	-0.154875	-15.128565
91	0.785624	75000	-0.154627	-15.283192
92	0.783463	75000	-0.154376	-15.437569
93	0.781305	75000	-0.154168	-15.591737
94	0.779151	75000	-0.153861	-15.745598
95	0.777000	75000	-0.153674	-15.899272
96	0.774853	75000	-0.153442	-16.052713
97	0.772710	75000	-0.153170	-16.205883
98	0.770570	75000	-0.152933	-16.358816
99	0.768433	75000	-0.152742	-16.511558
100	0.766301	75000	-0.152468	-16.664026
101	0.764172	75000	-0.152194	-16.816220
102	0.762046	75000	-0.151982	-16.968202
103	0.759924	75000	-0.151740	-17.119941
104	0.757805	75000	-0.151451	-17.271392
105	0.755690	75000	-0.151254	-17.422646
106	0.753579	75000	-0.150996	-17.573642
107	0.751471	75000	-0.150690	-17.724332
108	0.749366	75000	-0.150449	-17.874780
109	0.747266	75000	-0.150183	-18.024963
110	0.745168	75000	-0.149983	-18.174946
111	0.743075	75000	-0.149705	-18.324652
112	0.740984	75000	-0.149490	-18.474142
113	0.738898	75000	-0.149322	-18.623464
114	0.736815	75000	-0.149043	-18.772507
115	0.734735	75000	-0.148789	-18.921296
116	0.732659	75000	-0.148526	-19.069823
117	0.730586	75000	-0.148296	-19.218119
118	0.728517	75000	-0.148050	-19.366168
119	0.726452	75000	-0.147729	-19.513897
120	0.724390	75000	-0.147550	-19.661447
121	0.722331	75000	-0.147291	-19.808737
122	0.720276	75000	-0.147011	-19.955749
123	0.718225	75000	-0.146875	-20.102624
124	0.716177	75000	-0.146579	-20.249202
125	0.714132	75000	-0.146317	-20.395519
126	0.712091	75000	-0.146117	-20.541636
127	0.710054	75000	-0.145818	-20.687454
128	0.708020	75000	-0.145584	-20.833039
129	0.705989	75000	-0.145345	-20.978383
130	0.703962	75000	-0.145083	-21.123467
131	0.701939	75000	-0.144839	-21.268306
132	0.699919	75000	-0.144678	-21.412983
133	0.697902	75000	-0.144364	-21.557348
134	0.695889	75000	-0.144150	-21.701498
135	0.693880	75000	-0.143903	-21.845401
136	0.691874	75000	-0.143638	-21.989039
137	0.689871	75000	-0.143411	-22.132450
138	0.687872	75000	-0.143237	-22.275687
139	0.685877	75000	-0.142933	-22.418620
140	0.683885	75000	-0.142730	-22.561350
141	0.681896	75000	-0.142477	-22.703826
142	0.679911	75000	-0.142206	-22.846032
143	0.677929	75000	-0.141975	-22.988007
144	0.675951	75000	-0.141729	-23.129736
145	0.673976	75000	-0.141505	-23.271241
146	0.672005	75000	-0.141324	-23.412565
147	0.670037	75000	-0.140980	-23.553545
148	0.668073	75000	-0.140808	-23.694354
149	0.666112	75000	-0.140515	-23.834868
150	0.664155	75000	-0.140265	-23.975133
151	0.662201	75000	-0.140068	-24.115201
152	0.660250	75000	-0.139807	-24.255009
153	0.658303	75000	-0.139551	-24.394560
154	0.656359	75000	-0.139317	-24.533877
155	0.654419	75000	-0.139076	-24.672953
156	0.652483	75000	-0.138921	-24.811874
157	0.650549	75000	-0.138609	-24.950483
158	0.648619	75000	-0.138347	-25.088830
159	0.646693	75000	-0.138083	-25.226913
160	0.644770	75000	-0.137926	-25.364840
161	0.642851	75000	-0.137670	-25.502510
162	0.640934	75000	-0.137446	-25.639956
163	0.639022	75000	-0.137202	-25.777158
164	0.637113	75000	-0.136980	-25.914138
165	0.635207	75000	-0.136738	-26.050876
166	0.633304	75000	-0.136562	-26.187438
167	0.631405	75000	-0.136312	-26.323750
168	0.629510	75000	-0.136033	-26.459783
169	0.627618	75000	-0.135841	-26.595624
170	0.625729	75000	-0.135582	-26.731206
171	0.623844	75000	-0.135257	-26.866463
172	0.621962	75000	-0.135059	-27.001522
173	0.620083	75000	-0.134843	-27.136366
174	0.618208	75000	-0.134574	-27.270939
175	0.616337	75000	-0.134354	-27.405294
176	0.614468	75000	-0.134164	-27.539458
177	0.612604	75000	-0.133918	-27.673376
178	0.610742	75000	-0.133695	-27.807071
179	0.608884	75000	-0.133416	-27.940487
180	0.607029	75000	-0.133198	-28.073686
181	0.605178	75000	-0.132922	-28.206607
182	0.603330	75000	-0.132796	-28.339404
183	0.601486	75000	-0.132528	-28.471931
184	0.599645	75000	-0.132246	-28.604177
185	0.597807	75000	-0.132029	-28.736206
186	0.595973	75000	-0.131816	-28.868022
187	0.594142	75000	-0.131532	-28.999554
188	0.592314	75000	-0.131245	-29.130800
189	0.590490	75000	-0.131125	-29.261925
190	0.588669	75000	-0.130849	-29.392774
191	0.586852	75000	-0.130609	-29.523383
192	0.585038	75000	-0.130412	-29.653796
193	0.583227	75000	-0.130138	-29.783933
194	0.581420	75000	-0.129943	-29.913876
195	0.579616	75000	-0.129709	-30.043585
196	0.577815	75000	-0.129428	-30.173013
197	0.576018	75000	-0.129284	-30.302297
198	0.574224	75000	-0.128983	-30.431279
199	0.572433	75000	-0.128812	-30.560091
200	0.570646	75000	-0.128597	-30.688688
201	0.568862	75000	-0.128318	-30.817006
202	0.567082	75000	-0.128065	-30.945071
203	0.565305	75000	-0.127834	-31.072905
204	0.563531	75000	-0.127578	-31.200483
205	0.561761	75000	-0.127313	-31.327796
206	0.559993	75000	-0.127153	-31.454948
207	0.558230	75000	-0.126910	-31.581858
208	0.556469	75000	-0.126726	-31.708584
209	0.554712	75000	-0.126453	-31.835037
210	0.552958	75000	-0.126217	-31.961254
211	0.551208	75000	-0.126003	-32.087256
212	0.549461	75000	-0.125813	-32.213070
213	0.547717	75000	-0.125561	-32.338631
214	0.545977	75000	-0.125314	-32.463945
215	0.544240	75000	-0.125071	-32.589016
216	0.542506	75000	-0.124855	-32.713872
217	0.540775	75000	-0.124693	-32.838564
218	0.539048	75000	-0.124433	-32.962997
219	0.537324	75000	-0.124202	-33.087199
220	0.535604	75000	-0.123973	-33.211173
221	0.533887	75000	-0.123741	-33.334914
222	0.532173	75000	-0.123551	-33.458465
223	0.530462	75000	-0.123264	-33.581728
224	0.528755	75000	-0.123012	-33.704741
225	0.527051	75000	-0.122785	-33.827525
226	0.525350	75000	-0.122548	-33.950073
227	0.523653	75000	-0.122346	-34.072419
228	0.521958	75000	-0.122147	-34.194566
229	0.520268	75000	-0.121859	-34.316425
230	0.518580	75000	-0.121706	-34.438130
231	0.516896	75000	-0.121539	-34.559669
232	0.515215	75000	-0.121206	-34.680876
233	0.513537	75000	-0.121001	-34.801877
234	0.511863	75000	-0.120786	-34.922663
235	0.510192	75000	-0.120582	-35.043245
236	0.508524	75000	-0.120419	-35.163664
237	0.506859	75000	-0.120070	-35.283734
238	0.505198	75000	-0.119886	-35.403620
239	0.503540	75000	-0.119689	-35.523309
240	0.501885	75000	-0.119431	-35.642740
241	0.500234	75000	-0.119221	-35.761961
242	0.498586	75000	-0.119093	-35.881054
243	0.496941	75000	-0.118767	-35.999822
244	0.495299	75000	-0.118433	-36.118255
245	0.493660	75000	-0.118266	-36.236521
246	0.492025	75000	-0.118135	-36.354655
247	0.490393	75000	-0.117894	-36.472549
248	0.488765	75000	-0.117629	-36.590178
249	0.487139	75000	-0.117386	-36.707564
250	0.485517	75000	-0.117109	-36.824673
251	0.483898	75000	-0.116925	-36.941598
252	0.482283	75000	-0.116706	-37.058303
253	0.480670	75000	-0.116559	-37.174862
254	0.479061	75000	-0.116325	-37.291187
255	0.477455	75000	-0.116089	-37.407276
256	0.475852	75000	-0.115864	-37.523140
257	0.474253	75000	-0.115636	-37.638776
258	0.472656	75000	-0.115393	-37.754169
259	0.471063	75000	-0.115243	-37.869411
260	0.469474	75000	-0.114926	-37.984338
261	0.467887	75000	-0.114793	-38.099131
262	0.466304	75000	-0.114581	-38.213711
263	0.464723	75000	-0.114324	-38.328036
264	0.463146	75000	-0.114127	-38.442163
265	0.461573	75000	-0.113802	-38.555965
266	0.460002	75000	-0.113603	-38.669567
267	0.458435	75000	-0.113463	-38.783031
268	0.456871	75000	-0.113141	-38.896172
269	0.455310	75000	-0.112936	-39.009109
270	0.453752	75000	-0.112746	-39.121855
271	0.452198	75000	-0.112553	-39.234408
272	0.450647	75000	-0.112264	-39.346672
273	0.449098	75000	-0.112038	-39.458710
274	0.447554	75000	-0.111928	-39.570638
275	0.446012	75000	-0.111673	-39.682311
276	0.444473	75000	-0.111521	-39.793832
277	0.442938	75000	-0.111134	-39.904966
278	0.441406	75000	-0.110996	-40.015962
279	0.439877	75000	-0.110824	-40.126786
280	0.438351	75000	-0.110588	-40.237373
281	0.436829	75000	-0.110287	-40.347661
282	0.435309	75000	-0.110145	-40.457806
283	0.433793	75000	-0.109998	-40.567804
284	0.432280	75000	-0.109687	-40.677491
285	0.430770	75000	-0.109474	-40.786965
286	0.429263	75000	-0.109286	-40.896251
287	0.427760	75000	-0.109050	-41.005302
288	0.426259	75000	-0.108803	-41.114105
289	0.424762	75000	-0.108599	-41.222704
290	0.423268	75000	-0.108416	-41.331120
291	0.421777	75000	-0.108134	-41.439254
292	0.420289	75000	-0.107993	-41.547247
293	0.418805	75000	-0.107676	-41.654923
294	0.417323	75000	-0.107608	-41.762531
295	0.415845	75000	-0.107298	-41.869829
296	0.414370	75000	-0.107152	-41.976981
297	0.412898	75000	-0.106909	-42.083890
298	0.411429	75000	-0.106659	-42.190549
299	0.409963	75000	-0.106428	-42.296976
300	0.408501	75000	-0.106270	-42.403247
301	0.407041	75000	-0.106118	-42.509365
302	0.405585	75000	-0.105821	-42.615186
303	0.404132	75000	-0.105584	-42.720769
304	0.402682	75000	-0.105340	-42.826109
305	0.401235	75000	-0.105171	-42.931280
306	0.399791	75000	-0.104991	-43.036271
307	0.398350	75000	-0.104703	-43.140974
308	0.396913	75000	-0.104572	-43.245546
309	0.395478	75000	-0.104361	-43.349907
310	0.394047	75000	-0.104084	-43.453992
311	0.392619	75000	-0.103852	-43.557844
312	0.391194	75000	-0.103700	-43.661544
313	0.389772	75000	-0.103444	-43.764988
314	0.388353	75000	-0.103255	-43.868243
315	0.386937	75000	-0.102964	-43.971207
316	0.385524	75000	-0.102888	-44.074095
317	0.384115	75000	-0.102638	-44.176733
318	0.382708	75000	-0.102391	-44.279124
319	0.381305	75000	-0.102210	-44.381334
320	0.379904	75000	-0.101981	-44.483316
321	0.378507	75000	-0.101788	-44.585103
322	0.377113	75000	-0.101594	-44.686697
323	0.375722	75000	-0.101360	-44.788056
324	0.374334	75000	-0.101090	-44.889147
325	0.372949	75000	-0.100998	-44.990145
326	0.371567	75000	-0.100716	-45.090861
327	0.370189	75000	-0.100601	-45.191462
328	0.368813	75000	-0.100361	-45.291823
329	0.367440	75000	-0.100141	-45.391964
330	0.366071	75000	-0.099969	-45.491933
331	0.364705	75000	-0.099638	-45.591570
332	0.363341	75000	-0.099487	-45.691058
333	0.361981	75000	-0.099295	-45.790353
334	0.360624	75000	-0.099079	-45.889432
335	0.359269	75000	-0.098938	-45.988371
336	0.357918	75000	-0.098633	-46.087004
337	0.356570	75000	-0.098381	-46.185385
338	0.355225	75000	-0.098169	-46.283554
339	0.353883	75000	-0.097997	-46.381551
340	0.352544	75000	-0.097867	-46.479418
341	0.351208	75000	-0.097699	-46.577117
342	0.349875	75000	-0.097385	-46.674502
343	0.348546	75000	-0.097245	-46.771747
344	0.347219	75000	-0.097007	-46.868754
345	0.345895	75000	-0.096742	-46.965496
346	0.344574	75000	-0.096537	-47.062033
347	0.343257	75000	-0.096351	-47.158385
348	0.341942	75000	-0.096172	-47.254557
349	0.340630	75000	-0.096002	-47.350558
350	0.339322	75000	-0.095726	-47.446285
351	0.338016	75000	-0.095515	-47.541800
352	0.336714	75000	-0.095414	-47.637214
353	0.335414	75000	-0.095081	-47.732295
354	0.334118	75000	-0.094887	-47.827182
355	0.332824	75000	-0.094767	-47.921948
356	0.331534	75000	-0.094549	-48.016498
357	0.330246	75000	-0.094257	-48.110755
358	0.328962	75000	-0.094213	-48.204968
359	0.327680	75000	-0.093846	-48.298815
360	0.326401	75000	-0.093809	-48.392624
361	0.325126	75000	-0.093461	-48.486085
362	0.323853	75000	-0.093280	-48.579365
363	0.322584	75000	-0.093033	-48.672398
364	0.321317	75000	-0.092870	-48.765267
365	0.320054	75000	-0.092592	-48.857859
366	0.318793	75000	-0.092499	-48.950358
367	0.317536	75000	-0.092247	-49.042604
368	0.316281	75000	-0.092081	-49.134685
369	0.315030	75000	-0.091874	-49.226559
370	0.313781	75000	-0.091684	-49.318243
371	0.312535	75000	-0.091305	-49.409548
372	0.311293	75000	-0.091314	-49.500862
373	0.310053	75000	-0.091013	-49.591875
374	0.308816	75000	-0.090919	-49.682794
375	0.307582	75000	-0.090593	-49.773387
376	0.306352	75000	-0.090484	-49.863871
377	0.305124	75000	-0.090291	-49.954162
378	0.303899	75000	-0.089999	-50.044161
379	0.302677	75000	-0.089899	-50.134060
380	0.301458	75000	-0.089663	-50.223723
381	0.300242	75000	-0.089364	-50.313087
382	0.299029	75000	-0.089242	-50.402329
383	0.297819	75000	-0.089132	-50.491461
384	0.296611	75000	-0.088772	-50.580233
385	0.295407	75000	-0.088643	-50.668876
386	0.294206	75000	-0.088477	-50.757353
387	0.293007	75000	-0.088313	-50.845666
388	0.291812	75000	-0.088073	-50.933739
389	0.290619	75000	-0.087868	-51.021607
390	0.289430	75000	-0.087723	-51.109330
391	0.288243	75000	-0.087537	-51.196867
392	0.287059	75000	-0.087346	-51.284213
393	0.285879	75000	-0.087100	-51.371313
394	0.284701	75000	-0.086857	-51.458170
395	0.283526	75000	-0.086626	-51.544796
396	0.282354	75000	-0.086434	-51.631230
397	0.281184	75000	-0.086271	-51.717501
398	0.280018	75000	-0.086243	-51.803744
399	0.278855	75000	-0.085963	-51.889707
400	0.277694	75000	-0.085648	-51.975355
401	0.276537	75000	-0.085435	-52.060789
402	0.275382	75000	-0.085317	-52.146106
403	0.274230	75000	-0.085095	-52.231202
404	0.273082	75000	-0.084948	-52.316149
405	0.271936	75000	-0.084686	-52.400835
406	0.270793	75000	-0.084411	-52.485246
407	0.269652	75000	-0.084401	-52.569647
408	0.268515	75000	-0.084241	-52.653888
409	0.267381	75000	-0.084020	-52.737908
410	0.266249	75000	-0.083774	-52.821681
411	0.265121	75000	-0.083707	-52.905389
412	0.263995	75000	-0.083330	-52.988718
413	0.262872	75000	-0.083140	-53.071858
414	0.261752	75000	-0.083119	-53.154977
415	0.260635	75000	-0.082826	-53.237803
416	0.259520	75000	-0.082578	-53.320381
417	0.258409	75000	-0.082503	-53.402884
418	0.257300	75000	-0.082230	-53.485114
419	0.256195	75000	-0.082011	-53.567125
420	0.255092	75000	-0.081907	-53.649032
421	0.253992	75000	-0.081573	-53.730605
422	0.252895	75000	-0.081463	-53.812068
423	0.251800	75000	-0.081274	-53.893343
424	0.250709	75000	-0.080992	-53.974334
425	0.249620	75000	-0.080954	-54.055288
426	0.248534	75000	-0.080647	-54.135935
427	0.247451	75000	-0.080527	-54.216462
428	0.246371	75000	-0.080236	-54.296699
429	0.245294	75000	-0.080115	-54.376813
430	0.244220	75000	-0.079844	-54.456657
431	0.243148	75000	-0.079688	-54.536345
432	0.242079	75000	-0.079601	-54.615946
433	0.241013	75000	-0.079284	-54.695230
434	0.239950	75000	-0.079074	-54.774304
435	0.238890	75000	-0.078951	-54.853254
436	0.237832	75000	-0.078846	-54.932101
437	0.236778	75000	-0.078562	-55.010662
438	0.235726	75000	-0.078415	-55.089077
439	0.234677	75000	-0.078281	-55.167358
440	0.233630	75000	-0.078089	-55.245447
441	0.232587	75000	-0.077874	-55.323321
442	0.231546	75000	-0.077624	-55.400945
443	0.230509	75000	-0.077449	-55.478394
444	0.229473	75000	-0.077175	-55.555569
445	0.228441	75000	-0.077121	-55.632691
446	0.227412	75000	-0.076923	-55.709614
447	0.226385	75000	-0.076830	-55.786444
448	0.225361	75000	-0.076588	-55.863032
449	0.224340	75000	-0.076233	-55.939265
450	0.223322	75000	-0.076242	-56.015507
451	0.222306	75000	-0.075948	-56.091455
452	0.221293	75000	-0.075830	-56.167285
453	0.220283	75000	-0.075608	-56.242893
454	0.219276	75000	-0.075364	-56.318257
455	0.218272	75000	-0.075192	-56.393449
456	0.217270	75000	-0.074992	-56.468441
457	0.216271	75000	-0.074870	-56.543311
458	0.215275	75000	-0.074687	-56.617998
459	0.214281	75000	-0.074543	-56.692541
460	0.213291	75000	-0.074305	-56.766846
461	0.212303	75000	-0.074103	-56.840948
462	0.211318	75000	-0.073971	-56.914920
463	0.210335	75000	-0.073745	-56.988664
464	0.209356	75000	-0.073644	-57.062309
465	0.208379	75000	-0.073421	-57.135730
466	0.207404	75000	-0.073248	-57.208978
467	0.206433	75000	-0.073071	-57.282049
468	0.205464	75000	-0.072846	-57.354895
469	0.204498	75000	-0.072660	-57.427555
470	0.203535	75000	-0.072461	-57.500016
471	0.202575	75000	-0.072251	-57.572266
472	0.201617	75000	-0.072086	-57.644353
473	0.200662	75000	-0.071813	-57.716165
474	0.199709	75000	-0.071817	-57.787982
475	0.198760	75000	-0.071623	-57.859606
476	0.197813	75000	-0.071495	-57.931101
477	0.196869	75000	-0.071214	-58.002315
478	0.195927	75000	-0.071115	-58.073430
479	0.194988	75000	-0.070878	-58.144308
480	0.194052	75000	-0.070674	-58.214982
481	0.193119	75000	-0.070486	-58.285469
482	0.192188	75000	-0.070375	-58.355843
483	0.191260	75000	-0.070100	-58.425943
484	0.190335	75000	-0.070042	-58.495985
485	0.189412	75000	-0.069657	-58.565642
486	0.188492	75000	-0.069607	-58.635249
487	0.187575	75000	-0.069409	-58.704659
488	0.186660	75000	-0.069206	-58.773865
489	0.185749	75000	-0.069159	-58.843023
490	0.184839	75000	-0.068844	-58.911867
491	0.183933	75000	-0.068739	-58.980606
492	0.183029	75000	-0.068569	-59.049175
493	0.182128	75000	-0.068393	-59.117567
494	0.181229	75000	-0.068229	-59.185796
495	0.180333	75000	-0.068050	-59.253845
496	0.179440	75000	-0.067965	-59.321810
497	0.178550	75000	-0.067671	-59.389482
498	0.177662	75000	-0.067504	-59.456986
499	0.176777	75000	-0.067390	-59.524376
500	0.175894	75000	-0.067266	-59.591643
501	0.175014	75000	-0.066832	-59.658475
502	0.174137	75000	-0.066701	-59.725176
503	0.173262	75000	-0.066621	-59.791796
504	0.172390	75000	-0.066498	-59.858294
505	0.171521	75000	-0.066243	-59.924537
506	0.170654	75000	-0.066238	-59.990775
507	0.169790	75000	-0.065886	-60.056661
508	0.168929	75000	-0.065684	-60.122345
509	0.168070	75000	-0.065469	-60.187814
510	0.167214	75000	-0.065474	-60.253289
511	0.166360	75000	-0.065472	-60.318761
512	0.165509	75000	-0.065115	-60.383876
513	0.164661	75000	-0.064991	-60.448867
514	0.163815	75000	-0.064733	-60.513599
515	0.162972	75000	-0.064601	-60.578200
516	0.162132	75000	-0.064431	-60.642630
517	0.161294	75000	-0.064367	-60.706997
518	0.160458	75000	-0.064035	-60.771032
519	0.159626	75000	-0.063921	-60.834953
520	0.158796	75000	-0.063729	-60.898682
521	0.157968	75000	-0.063643	-60.962325
522	0.157143	75000	-0.063512	-61.025838
523	0.156321	75000	-0.063209	-61.089046
524	0.155501	75000	-0.063084	-61.152130
525	0.154684	75000	-0.062805	-61.214935
526	0.153870	75000	-0.062721	-61.277656
527	0.153058	75000	-0.062660	-61.340316
528	0.152248	75000	-0.062515	-61.402831
529	0.151441	75000	-0.062221	-61.465053
530	0.150637	75000	-0.062095	-61.527148
531	0.149835	75000	-0.061925	-61.589073
532	0.149036	75000	-0.061778	-61.650850
533	0.148240	75000	-0.061531	-61.712382
534	0.147446	75000	-0.061486	-61.773868
535	0.146654	75000	-0.061269	-61.835137
536	0.145865	75000	-0.061012	-61.896149
537	0.145079	75000	-0.060741	-61.956890
538	0.144295	75000	-0.060695	-62.017584
539	0.143514	75000	-0.060576	-62.078160
540	0.142735	75000	-0.060464	-62.138624
541	0.141959	75000	-0.060158	-62.198782
542	0.141186	75000	-0.059947	-62.258729
543	0.140415	75000	-0.059969	-62.318698
544	0.139646	75000	-0.059796	-62.378493
545	0.138880	75000	-0.059551	-62.438044
546	0.138116	75000	-0.059418	-62.497462
547	0.137356	75000	-0.059259	-62.556720
548	0.136597	75000	-0.059227	-62.615948
549	0.135841	75000	-0.058982	-62.674930
550	0.135088	75000	-0.058688	-62.733618
551	0.134337	75000	-0.058661	-62.792279
552	0.133588	75000	-0.058498	-62.850777
553	0.132843	75000	-0.058226	-62.909003
554	0.132099	75000	-0.058068	-62.967070
555	0.131358	75000	-0.057953	-63.025023
556	0.130620	75000	-0.057868	-63.082891
557	0.129884	75000	-0.057518	-63.140409
558	0.129151	75000	-0.057496	-63.197904
559	0.128420	75000	-0.057401	-63.255306
560	0.127691	75000	-0.057144	-63.312450
561	0.126965	75000	-0.057008	-63.369458
562	0.126242	75000	-0.056948	-63.426406
563	0.125521	75000	-0.056755	-63.483161
564	0.124802	75000	-0.056547	-63.539708
565	0.124086	75000	-0.056461	-63.596169
566	0.123373	75000	-0.056286	-63.652455
567	0.122662	75000	-0.055863	-63.708318
568	0.121953	75000	-0.055940	-63.764258
569	0.121247	75000	-0.055849	-63.820107
570	0.120543	75000	-0.055610	-63.875717
571	0.119842	75000	-0.055507	-63.931224
572	0.119143	75000	-0.055403	-63.986627
573	0.118447	75000	-0.055051	-64.041678
574	0.117753	75000	-0.055124	-64.096803
575	0.117062	75000	-0.054879	-64.151682
576	0.116373	75000	-0.054668	-64.206350
577	0.115686	75000	-0.054574	-64.260925
578	0.115002	75000	-0.054360	-64.315285
579	0.114320	75000	-0.054095	-64.369379
580	0.113641	75000	-0.054088	-64.423467
581	0.112964	75000	-0.053970	-64.477438
582	0.112290	75000	-0.053795	-64.531233
583	0.111618	75000	-0.053681	-64.584914
584	0.110948	75000	-0.053441	-64.638355
585	0.110281	75000	-0.053307	-64.691661
586	0.109616	75000	-0.053061	-64.744723
587	0.108954	75000	-0.052929	-64.797652
588	0.108294	75000	-0.052832	-64.850484
589	0.107637	75000	-0.052699	-64.903183
590	0.106981	75000	-0.052683	-64.955866
591	0.106329	75000	-0.052525	-65.008391
592	0.105678	75000	-0.052188	-65.060579
593	0.105030	75000	-0.052261	-65.112840
594	0.104385	75000	-0.051880	-65.164720
595	0.103742	75000	-0.051913	-65.216632
596	0.103101	75000	-0.051751	-65.268383
597	0.102463	75000	-0.051597	-65.319979
598	0.101827	75000	-0.051385	-65.371364
599	0.101193	75000	-0.051223	-65.422587
600	0.100562	75000	-0.051041	-65.473628
601	0.099933	75000	-0.050827	-65.524456
602	0.099306	75000	-0.050840	-65.575296
603	0.098682	75000	-0.050599	-65.625895
604	0.098060	75000	-0.050632	-65.676526
605	0.097441	75000	-0.050356	-65.726882
606	0.096824	75000	-0.050308	-65.777190
607	0.096209	75000	-0.050034	-65.827224
608	0.095596	75000	-0.049906	-65.877130
609	0.094986	75000	-0.049814	-65.926944
610	0.094379	75000	-0.049671	-65.976615
611	0.093773	75000	-0.049541	-66.026156
612	0.093170	75000	-0.049480	-66.075635
613	0.092570	75000	-0.049281	-66.124916
614	0.091971	75000	-0.049382	-66.174298
615	0.091375	75000	-0.048865	-66.223163
616	0.090781	75000	-0.048783	-66.271946
617	0.090190	75000	-0.048877	-66.320823
618	0.089601	75000	-0.048571	-66.369394
619	0.089014	75000	-0.048518	-66.417912
620	0.088430	75000	-0.048156	-66.466068
621	0.087848	75000	-0.048074	-66.514142
622	0.087268	75000	-0.048007	-66.562149
623	0.086690	75000	-0.047965	-66.610114
624	0.086115	75000	-0.047770	-66.657884
625	0.085542	75000	-0.047721	-66.705605
626	0.084971	75000	-0.047460	-66.753065
627	0.084403	75000	-0.047469	-66.800534
628	0.083837	75000	-0.047006	-66.847540
629	0.083273	75000	-0.047124	-66.894664
630	0.082712	75000	-0.046969	-66.941632
631	0.082152	75000	-0.046632	-66.988264
632	0.081595	75000	-0.046642	-67.034907
633	0.081041	75000	-0.046392	-67.081298
634	0.080488	75000	-0.046516	-67.127814
635	0.079938	75000	-0.046359	-67.174174
636	0.079390	75000	-0.046105	-67.220279
637	0.078845	75000	-0.045945	-67.266224
638	0.078301	75000	-0.045934	-67.312158
639	0.077760	75000	-0.045715	-67.357872
640	0.077221	75000	-0.045825	-67.403698
641	0.076684	75000	-0.045312	-67.449010
642	0.076150	75000	-0.045406	-67.494416
643	0.075618	75000	-0.045193	-67.539609
644	0.075088	75000	-0.044921	-67.584530
645	0.074560	75000	-0.044824	-67.629354
646	0.074035	75000	-0.044818	-67.674172
647	0.073512	75000	-0.044763	-67.718935
648	0.072991	75000	-0.044553	-67.763489
649	0.072472	75000	-0.044405	-67.807894
650	0.071955	75000	-0.044318	-67.852212
651	0.071441	75000	-0.044126	-67.896338
652	0.070929	75000	-0.044015	-67.940354
653	0.070419	75000	-0.043816	-67.984170
654	0.069911	75000	-0.043778	-68.027948
655	0.069406	75000	-0.043824	-68.071772
656	0.068903	75000	-0.043367	-68.115139
657	0.068401	75000	-0.043644	-68.158783
658	0.067903	75000	-0.043370	-68.202154
659	0.067406	75000	-0.043177	-68.245331
660	0.066911	75000	-0.043092	-68.288423
661	0.066419	75000	-0.042973	-68.331396
662	0.065929	75000	-0.043039	-68.374435
663	0.065441	75000	-0.042914	-68.417350
664	0.064955	75000	-0.042509	-68.459859
665	0.064471	75000	-0.042447	-68.502306
666	0.063990	75000	-0.042209	-68.544515
667	0.063510	75000	-0.042292	-68.586807
668	0.063033	75000	-0.042126	-68.628933
669	0.062558	75000	-0.041894	-68.670826
670	0.062085	75000	-0.041848	-68.712674
671	0.061615	75000	-0.041980	-68.754654
672	0.061146	75000	-0.041536	-68.796190
673	0.060680	75000	-0.041650	-68.837840
674	0.060216	75000	-0.041417	-68.879257
675	0.059753	75000	-0.041457	-68.920714
676	0.059293	75000	-0.041223	-68.961937
677	0.058836	75000	-0.041297	-69.003233
678	0.058380	75000	-0.040891	-69.044125
679	0.057926	75000	-0.040783	-69.084907
680	0.057475	75000	-0.041034	-69.125942
681	0.057025	75000	-0.040520	-69.166462
682	0.056578	75000	-0.040469	-69.206931
683	0.056133	75000	-0.040612	-69.247543
684	0.055690	75000	-0.040395	-69.287938
685	0.055249	75000	-0.040413	-69.328352
686	0.054810	75000	-0.040275	-69.368626
687	0.054373	75000	-0.040104	-69.408731
688	0.053939	75000	-0.039831	-69.448561
689	0.053506	75000	-0.040134	-69.488696
690	0.053076	75000	-0.039917	-69.528612
691	0.052647	75000	-0.039649	-69.568262
692	0.052221	75000	-0.039606	-69.607867
693	0.051797	75000	-0.039445	-69.647312
694	0.051375	75000	-0.039080	-69.686392
695	0.050955	75000	-0.039113	-69.725505
696	0.050537	75000	-0.038856	-69.764361
697	0.050121	75000	-0.039028	-69.803388
698	0.049707	75000	-0.038964	-69.842352
699	0.049295	75000	-0.038835	-69.881187
700	0.048885	75000	-0.038664	-69.919852
701	0.048478	75000	-0.038740	-69.958592
702	0.048072	75000	-0.038863	-69.997456
703	0.047668	75000	-0.038370	-70.035826
704	0.047267	75000	-0.038145	-70.073970
705	0.046867	75000	-0.038006	-70.111976
706	0.046470	75000	-0.038266	-70.150241
707	0.046074	75000	-0.038160	-70.188402
708	0.045681	75000	-0.037987	-70.226388
709	0.045289	75000	-0.037864	-70.264253
710	0.044900	75000	-0.038018	-70.302271
711	0.044512	75000	-0.037791	-70.340062
712	0.044127	75000	-0.037643	-70.377704
713	0.043744	75000	-0.037641	-70.415346
714	0.043362	75000	-0.037370	-70.452716
715	0.042983	75000	-0.037277	-70.489992
716	0.042606	75000	-0.037293	-70.527285
717	0.042230	75000	-0.037099	-70.564384
718	0.041857	75000	-0.037337	-70.601721
719	0.041485	75000	-0.037100	-70.638820
720	0.041116	75000	-0.037239	-70.676059
721	0.040749	75000	-0.037056	-70.713116
722	0.040383	75000	-0.037027	-70.750143
723	0.040020	75000	-0.037135	-70.787278
724	0.039658	75000	-0.036569	-70.823847
725	0.039299	75000	-0.036686	-70.860533
726	0.038941	75000	-0.036823	-70.897356
727	0.038585	75000	-0.036925	-70.934281
728	0.038232	75000	-0.036405	-70.970686
729	0.037880	75000	-0.036597	-71.007283
730	0.037530	75000	-0.036237	-71.043520
731	0.037182	75000	-0.036727	-71.080247
732	0.036836	75000	-0.036204	-71.116451
733	0.036493	75000	-0.036066	-71.152517
734	0.036151	75000	-0.036180	-71.188698
735	0.035810	75000	-0.036096	-71.224793
736	0.035472	75000	-0.035921	-71.260714
737	0.035136	75000	-0.035855	-71.296569
738	0.034802	75000	-0.036087	-71.332656
739	0.034469	75000	-0.035932	-71.368587
740	0.034139	75000	-0.035774	-71.404362
741	0.033810	75000	-0.035638	-71.440000
742	0.033484	75000	-0.035480	-71.475479
743	0.033159	75000	-0.035874	-71.511353
744	0.032836	75000	-0.035837	-71.547190
745	0.032515	75000	-0.035998	-71.583188
746	0.032196	75000	-0.035343	-71.618531
747	0.031879	75000	-0.035315	-71.653846
748	0.031563	75000	-0.035486	-71.689332
749	0.031250	75000	-0.035388	-71.724720
750	0.030938	75000	-0.035648	-71.760368
751	0.030629	75000	-0.035260	-71.795628
752	0.030321	75000	-0.035189	-71.830817
753	0.030015	75000	-0.035480	-71.866297
754	0.029711	75000	-0.035388	-71.901684
755	0.029409	75000	-0.035326	-71.937010
756	0.029108	75000	-0.035226	-71.972237
757	0.028810	75000	-0.035178	-72.007414
758	0.028513	75000	-0.035280	-72.042694
759	0.028218	75000	-0.035050	-72.077745
760	0.027925	75000	-0.034888	-72.112633
761	0.027634	75000	-0.035074	-72.147706
762	0.027345	75000	-0.035399	-72.183105
763	0.027057	75000	-0.035672	-72.218777
764	0.026771	75000	-0.035445	-72.254222
765	0.026487	75000	-0.035260	-72.289483
766	0.026205	75000	-0.034770	-72.324252
767	0.025925	75000	-0.035453	-72.359705
768	0.025647	75000	-0.035172	-72.394876
769	0.025370	75000	-0.035329	-72.430205
770	0.025095	75000	-0.036020	-72.466225
771	0.024822	75000	-0.036049	-72.502274
772	0.024551	75000	-0.035517	-72.537791
773	0.024281	75000	-0.035498	-72.573288
774	0.024014	75000	-0.035668	-72.608956
775	0.023748	75000	-0.035617	-72.644573
776	0.023483	75000	-0.036018	-72.680591
777	0.023221	75000	-0.036001	-72.716592
778	0.022960	75000	-0.035571	-72.752163
779	0.022702	75000	-0.035863	-72.788027
780	0.022445	75000	-0.035901	-72.823928
781	0.022189	75000	-0.035740	-72.859668
782	0.021936	75000	-0.035717	-72.895385
783	0.021684	75000	-0.036549	-72.931934
784	0.021434	75000	-0.035530	-72.967464
785	0.021185	75000	-0.036267	-73.003730
786	0.020939	75000	-0.036655	-73.040385
787	0.020694	75000	-0.037483	-73.077869
788	0.020451	75000	-0.037414	-73.115283
789	0.020209	75000	-0.039370	-73.154653
790	0.019969	75000	-0.036769	-73.191422
791	0.019731	75000	-0.037023	-73.228445
792	0.019495	75000	-0.036502	-73.264947
793	0.019261	75000	-0.037317	-73.302264
794	0.019028	75000	-0.037911	-73.340176
795	0.018796	75000	-0.037688	-73.377864
796	0.018567	75000	-0.037768	-73.415632
797	0.018339	75000	-0.037413	-73.453045
798	0.018113	75000	-0.038407	-73.491452
799	0.017889	75000	-0.038511	-73.529963
800	0.017666	75000	-0.038108	-73.568071
801	0.017445	75000	-0.037892	-73.605962
802	0.017225	75000	-0.038857	-73.644820
803	0.017007	75000	-0.039440	-73.684260
804	0.016791	75000	-0.040708	-73.724968
805	0.016577	75000	-0.040129	-73.765097
806	0.016364	75000	-0.041492	-73.806589
807	0.016153	75000	-0.040773	-73.847363
808	0.015943	75000	-0.041311	-73.888674
809	0.015736	75000	-0.041664	-73.930338
810	0.015529	75000	-0.042719	-73.973057
811	0.015325	75000	-0.041565	-74.014622
812	0.015122	75000	-0.042633	-74.057255
813	0.014920	75000	-0.043023	-74.100278
814	0.014721	75000	-0.043401	-74.143678
815	0.014523	75000	-0.046118	-74.189796
816	0.014326	75000	-0.044572	-74.234368
817	0.014131	75000	-0.044384	-74.278752
818	0.013938	75000	-0.044922	-74.323674
819	0.013746	75000	-0.047064	-74.370738
820	0.013556	75000	-0.048333	-74.419071
821	0.013367	75000	-0.048244	-74.467315
822	0.013181	75000	-0.049553	-74.516868
823	0.012995	75000	-0.050956	-74.567824
824	0.012811	75000	-0.050077	-74.617901
825	0.012629	75000	-0.051273	-74.669174
826	0.012448	75000	-0.051788	-74.720962
827	0.012269	75000	-0.053236	-74.774198
828	0.012092	75000	-0.055488	-74.829686
829	0.011916	75000	-0.056455	-74.886141
830	0.011741	75000	-0.055830	-74.941971
831	0.011568	75000	-0.059289	-75.001260
832	0.011397	75000	-0.062328	-75.063588
833	0.011227	75000	-0.058905	-75.122494
834	0.011059	75000	-0.062498	-75.184992
835	0.010892	75000	-0.063220	-75.248212
836	0.010727	75000	-0.068554	-75.316766
837	0.010563	75000	-0.066564	-75.383330
838	0.010401	75000	-0.067115	-75.450444
839	0.010240	75000	-0.069853	-75.520297
840	0.010081	75000	-0.069782	-75.590079
841	0.009923	75000	-0.072035	-75.662114
842	0.009767	75000	-0.075522	-75.737635
843	0.009612	75000	-0.070611	-75.808247
844	0.009459	75000	-0.075397	-75.883644
845	0.009307	75000	-0.074533	-75.958177
846	0.009156	75000	-0.075410	-76.033587
847	0.009008	75000	-0.078982	-76.112568
848	0.008860	75000	-0.079153	-76.191721
849	0.008714	75000	-0.080914	-76.272634
850	0.008570	75000	-0.082792	-76.355427
851	0.008427	75000	-0.085418	-76.440845
852	0.008285	75000	-0.087679	-76.528523
853	0.008145	75000	-0.085627	-76.614150
854	0.008006	75000	-0.088959	-76.703108
855	0.007869	75000	-0.089099	-76.792208
856	0.007733	75000	-0.093339	-76.885547
857	0.007598	75000	-0.094234	-76.979781
858	0.007465	75000	-0.094267	-77.074048
859	0.007334	75000	-0.094539	-77.168587
860	0.007203	75000	-0.098228	-77.266815
861	0.007075	75000	-0.095987	-77.362802
862	0.006947	75000	-0.098032	-77.460834
863	0.006821	75000	-0.096524	-77.557358
864	0.006696	75000	-0.100483	-77.657842
865	0.006573	75000	-0.095452	-77.753294
866	0.006451	75000	-0.101227	-77.854521
867	0.006330	75000	-0.101310	-77.955831
868	0.006211	75000	-0.100815	-78.056647
869	0.006093	75000	-0.099395	-78.156041
870	0.005977	75000	-0.098080	-78.254121
871	0.005862	75000	-0.097618	-78.351739
872	0.005748	75000	-0.097755	-78.449494
873	0.005635	75000	-0.098816	-78.548310
874	0.005524	75000	-0.098306	-78.646616
875	0.005414	75000	-0.098202	-78.744818
876	0.005306	75000	-0.098853	-78.843671
877	0.005199	75000	-0.098014	-78.941684
878	0.005093	75000	-0.098275	-79.039960
879	0.004988	75000	-0.096598	-79.136558
880	0.004885	75000	-0.096331	-79.232889
881	0.004783	75000	-0.095632	-79.328521
882	0.004682	75000	-0.094843	-79.423364
883	0.004583	75000	-0.094105	-79.517469
884	0.004485	75000	-0.094233	-79.611702
885	0.004388	75000	-0.093471	-79.705173
886	0.004292	75000	-0.092876	-79.798049
887	0.004198	75000	-0.091294	-79.889344
888	0.004105	75000	-0.091333	-79.980677
889	0.004013	75000	-0.089500	-80.070177
890	0.003923	75000	-0.089235	-80.159412
891	0.003833	75000	-0.088124	-80.247536
892	0.003745	75000	-0.087115	-80.334651
893	0.003658	75000	-0.085835	-80.420487
894	0.003573	75000	-0.085794	-80.506280
895	0.003488	75000	-0.084625	-80.590906
896	0.003405	75000	-0.084112	-80.675017
897	0.003323	75000	-0.083594	-80.758611
898	0.003242	75000	-0.081874	-80.840485
899	0.003162	75000	-0.080940	-80.921424
900	0.003084	75000	-0.080149	-81.001574
901	0.003007	75000	-0.079390	-81.080964
902	0.002930	75000	-0.078326	-81.159290
903	0.002855	75000	-0.076902	-81.236192
904	0.002782	75000	-0.076143	-81.312335
905	0.002709	75000	-0.074682	-81.387017
906	0.002638	75000	-0.074301	-81.461318
907	0.002567	75000	-0.072919	-81.534237
908	0.002498	75000	-0.071794	-81.606031
909	0.002430	75000	-0.070678	-81.676709
910	0.002363	75000	-0.069750	-81.746458
911	0.002297	75000	-0.068973	-81.815431
912	0.002233	75000	-0.067969	-81.883401
913	0.002169	75000	-0.066566	-81.949967
914	0.002106	75000	-0.065412	-82.015379
915	0.002045	75000	-0.064733	-82.080112
916	0.001985	75000	-0.063778	-82.143889
917	0.001925	75000	-0.062493	-82.206383
918	0.001867	75000	-0.061455	-82.267837
919	0.001810	75000	-0.060316	-82.328154
920	0.001754	75000	-0.059193	-82.387346
921	0.001699	75000	-0.058480	-82.445827
922	0.001645	75000	-0.057132	-82.502959
923	0.001592	75000	-0.056364	-82.559323
924	0.001540	75000	-0.055215	-82.614537
925	0.001490	75000	-0.054286	-82.668824
926	0.001440	75000	-0.053184	-82.722008
927	0.001391	75000	-0.052174	-82.774182
928	0.001343	75000	-0.051289	-82.825471
929	0.001296	75000	-0.049994	-82.875465
930	0.001251	75000	-0.049186	-82.924651
931	0.001206	75000	-0.048101	-82.972751
932	0.001162	75000	-0.047069	-83.019820
933	0.001119	75000	-0.045966	-83.065786
934	0.001077	75000	-0.044961	-83.110747
935	0.001036	75000	-0.044076	-83.154823
936	0.000996	75000	-0.043076	-83.197899
937	0.000957	75000	-0.042187	-83.240086
938	0.000919	75000	-0.041291	-83.281377
939	0.000882	75000	-0.040189	-83.321567
940	0.000846	75000	-0.039181	-83.360747
941	0.000810	75000	-0.038213	-83.398960
942	0.000776	75000	-0.037159	-83.436119
943	0.000742	75000	-0.036393	-83.472512
944	0.000709	75000	-0.035326	-83.507838
945	0.000678	75000	-0.034363	-83.542201
946	0.000647	75000	-0.033511	-83.575712
947	0.000617	75000	-0.032565	-83.608277
948	0.000587	75000	-0.031640	-83.639917
949	0.000559	75000	-0.030753	-83.670670
950	0.000531	75000	-0.029965	-83.700635
951	0.000505	75000	-0.029049	-83.729683
952	0.000479	75000	-0.028119	-83.757803
953	0.000454	75000	-0.027194	-83.784997
954	0.000430	75000	-0.026444	-83.811441
955	0.000406	75000	-0.025509	-83.836950
956	0.000383	75000	-0.024672	-83.861622
957	0.000362	75000	-0.023865	-83.885487
958	0.000340	75000	-0.023025	-83.908511
959	0.000320	75000	-0.022247	-83.930758
960	0.000300	75000	-0.021395	-83.952154
961	0.000281	75000	-0.020556	-83.972710
962	0.000263	75000	-0.019819	-83.992529
963	0.000246	75000	-0.019032	-84.011561
964	0.000229	75000	-0.018236	-84.029797
965	0.000213	75000	-0.017480	-84.047277
966	0.000198	75000	-0.016730	-84.064007
967	0.000183	75000	-0.015962	-84.079969
968	0.000169	75000	-0.015270	-84.095239
969	0.000156	75000	-0.014515	-84.109754
970	0.000143	75000	-0.013840	-84.123594
971	0.000131	75000	-0.013137	-84.136731
972	0.000120	75000	-0.012465	-84.149196
973	0.000109	75000	-0.011808	-84.161004
974	0.000099	75000	-0.011115	-84.172119
975	0.000089	75000	-0.010511	-84.182631
976	0.000080	75000	-0.009847	-84.192478
977	0.000072	75000	-0.009213	-84.201691
978	0.000064	75000	-0.008638	-84.210330
979	0.000057	75000	-0.008046	-84.218375
980	0.000050	75000	-0.007454	-84.225829
981	0.000043	75000	-0.006881	-84.232711
982	0.000038	75000	-0.006337	-84.239047
983	0.000032	75000	-0.005799	-84.244846
984	0.000028	75000	-0.005292	-84.250138
985	0.000023	75000	-0.004769	-84.254907
986	0.000019	75000	-0.004293	-84.259200
987	0.000016	75000	-0.003831	-84.263032
988	0.000013	75000	-0.003380	-84.266412
989	0.000010	75000	-0.002945	-84.269357
990	0.000008	75000	-0.002538	-84.271894
991	0.000006	75000	-0.002142	-84.274037
992	0.000004	75000	-0.001772	-84.275809
993	0.000003	75000	-0.001436	-84.277245
994	0.000002	75000	-0.001119	-84.278364
995	0.000001	75000	-0.000828	-84.279192
996	0.000000	75000	-0.000569	-84.279761
997	0.000000	75000	-0.000345	-84.280106
998	0.000000	75000	-0.000161	-84.280268
999	0.000000	75000	-0.000035	-84.280302
Log marginal likelihood:	-84.280302
