Steppingstone sampler:
        No Stones:                  1000
        Start It:                   10000001
        It Per Stone:               100000
        Sample Freq:                1
        Dist:                       Beta(0.400000,1.000000)
Stone No	Power	N	Stone MLh	Running MLh
0	0.997502	75000	-0.161271	-0.161271
1	0.995007	75000	-0.161042	-0.322312
2	0.992517	75000	-0.160853	-0.483165
3	0.990030	75000	-0.160558	-0.643723
4	0.987547	75000	-0.160294	-0.804017
5	0.985067	75000	-0.160114	-0.964132
6	0.982592	75000	-0.159875	-1.124006
7	0.980120	75000	-0.159653	-1.283660
8	0.977652	75000	-0.159426	-1.443085
9	0.975187	75000	-0.159120	-1.602205
10	0.972726	75000	-0.158928	-1.761133
11	0.970269	75000	-0.158695	-1.919827
12	0.967816	75000	-0.158412	-2.078240
13	0.965367	75000	-0.158194	-2.236434
14	0.962921	75000	-0.157967	-2.394401
15	0.960479	75000	-0.157710	-2.552111
16	0.958040	75000	-0.157497	-2.709608
17	0.955606	75000	-0.157278	-2.866886
18	0.953175	75000	-0.157149	-3.024035
19	0.950747	75000	-0.156801	-3.180836
20	0.948324	75000	-0.156533	-3.337368
21	0.945904	75000	-0.156305	-3.493674
22	0.943488	75000	-0.156081	-3.649755
23	0.941076	75000	-0.155902	-3.805657
24	0.938667	75000	-0.155648	-3.961305
25	0.936262	75000	-0.155402	-4.116707
26	0.933861	75000	-0.155152	-4.271859
27	0.931463	75000	-0.154933	-4.426792
28	0.929069	75000	-0.154718	-4.581510
29	0.926679	75000	-0.154495	-4.736005
30	0.924293	75000	-0.154234	-4.890240
31	0.921910	75000	-0.153997	-5.044237
32	0.919531	75000	-0.153790	-5.198026
33	0.917155	75000	-0.153574	-5.351600
34	0.914783	75000	-0.153293	-5.504892
35	0.912415	75000	-0.153076	-5.657969
36	0.910051	75000	-0.152827	-5.810796
37	0.907690	75000	-0.152698	-5.963494
38	0.905333	75000	-0.152399	-6.115893
39	0.902980	75000	-0.152192	-6.268085
40	0.900630	75000	-0.151910	-6.419995
41	0.898284	75000	-0.151684	-6.571679
42	0.895942	75000	-0.151461	-6.723140
43	0.893603	75000	-0.151191	-6.874330
44	0.891268	75000	-0.151029	-7.025359
45	0.888937	75000	-0.150750	-7.176109
46	0.886609	75000	-0.150574	-7.326683
47	0.884285	75000	-0.150366	-7.477049
48	0.881965	75000	-0.150040	-7.627089
49	0.879648	75000	-0.149896	-7.776985
50	0.877335	75000	-0.149646	-7.926631
51	0.875026	75000	-0.149449	-8.076080
52	0.872720	75000	-0.149154	-8.225234
53	0.870418	75000	-0.148940	-8.374174
54	0.868120	75000	-0.148732	-8.522906
55	0.865825	75000	-0.148504	-8.671411
56	0.863534	75000	-0.148234	-8.819645
57	0.861246	75000	-0.148046	-8.967691
58	0.858962	75000	-0.147798	-9.115488
59	0.856682	75000	-0.147576	-9.263064
60	0.854405	75000	-0.147338	-9.410402
61	0.852132	75000	-0.147178	-9.557580
62	0.849863	75000	-0.146827	-9.704407
63	0.847597	75000	-0.146647	-9.851054
64	0.845335	75000	-0.146464	-9.997518
65	0.843077	75000	-0.146178	-10.143696
66	0.840822	75000	-0.145958	-10.289653
67	0.838571	75000	-0.145811	-10.435465
68	0.836323	75000	-0.145462	-10.580927
69	0.834079	75000	-0.145297	-10.726224
70	0.831839	75000	-0.145196	-10.871420
71	0.829602	75000	-0.144930	-11.016350
72	0.827369	75000	-0.144599	-11.160948
73	0.825140	75000	-0.144380	-11.305329
74	0.822914	75000	-0.144183	-11.449512
75	0.820691	75000	-0.143979	-11.593491
76	0.818473	75000	-0.143704	-11.737194
77	0.816258	75000	-0.143478	-11.880673
78	0.814046	75000	-0.143288	-12.023960
79	0.811838	75000	-0.143038	-12.166999
80	0.809634	75000	-0.142845	-12.309844
81	0.807433	75000	-0.142554	-12.452398
82	0.805236	75000	-0.142343	-12.594741
83	0.803043	75000	-0.142182	-12.736923
84	0.800853	75000	-0.141917	-12.878839
85	0.798667	75000	-0.141668	-13.020507
86	0.796484	75000	-0.141409	-13.161916
87	0.794305	75000	-0.141236	-13.303152
88	0.792129	75000	-0.141065	-13.444217
89	0.789957	75000	-0.140788	-13.585005
90	0.787789	75000	-0.140550	-13.725555
91	0.785624	75000	-0.140322	-13.865877
92	0.783463	75000	-0.140161	-14.006038
93	0.781305	75000	-0.139920	-14.145958
94	0.779151	75000	-0.139757	-14.285716
95	0.777000	75000	-0.139530	-14.425246
96	0.774853	75000	-0.139306	-14.564552
97	0.772710	75000	-0.138989	-14.703541
98	0.770570	75000	-0.138786	-14.842327
99	0.768433	75000	-0.138556	-14.980883
100	0.766301	75000	-0.138331	-15.119214
101	0.764172	75000	-0.138137	-15.257351
102	0.762046	75000	-0.137936	-15.395287
103	0.759924	75000	-0.137671	-15.532958
104	0.757805	75000	-0.137405	-15.670363
105	0.755690	75000	-0.137261	-15.807624
106	0.753579	75000	-0.136985	-15.944609
107	0.751471	75000	-0.136795	-16.081403
108	0.749366	75000	-0.136635	-16.218038
109	0.747266	75000	-0.136338	-16.354376
110	0.745168	75000	-0.136112	-16.490488
111	0.743075	75000	-0.135929	-16.626417
112	0.740984	75000	-0.135728	-16.762145
113	0.738898	75000	-0.135465	-16.897610
114	0.736815	75000	-0.135257	-17.032867
115	0.734735	75000	-0.135023	-17.167891
116	0.732659	75000	-0.134801	-17.302692
117	0.730586	75000	-0.134598	-17.437290
118	0.728517	75000	-0.134332	-17.571623
119	0.726452	75000	-0.134079	-17.705702
120	0.724390	75000	-0.133962	-17.839664
121	0.722331	75000	-0.133729	-17.973393
122	0.720276	75000	-0.133484	-18.106878
123	0.718225	75000	-0.133283	-18.240160
124	0.716177	75000	-0.133039	-18.373200
125	0.714132	75000	-0.132816	-18.506015
126	0.712091	75000	-0.132645	-18.638660
127	0.710054	75000	-0.132409	-18.771069
128	0.708020	75000	-0.132065	-18.903134
129	0.705989	75000	-0.131979	-19.035112
130	0.703962	75000	-0.131688	-19.166800
131	0.701939	75000	-0.131455	-19.298255
132	0.699919	75000	-0.131229	-19.429484
133	0.697902	75000	-0.131108	-19.560592
134	0.695889	75000	-0.130811	-19.691403
135	0.693880	75000	-0.130556	-19.821958
136	0.691874	75000	-0.130370	-19.952329
137	0.689871	75000	-0.130143	-20.082472
138	0.687872	75000	-0.129944	-20.212416
139	0.685877	75000	-0.129749	-20.342165
140	0.683885	75000	-0.129587	-20.471752
141	0.681896	75000	-0.129307	-20.601059
142	0.679911	75000	-0.129061	-20.730120
143	0.677929	75000	-0.128884	-20.859003
144	0.675951	75000	-0.128716	-20.987719
145	0.673976	75000	-0.128489	-21.116208
146	0.672005	75000	-0.128273	-21.244481
147	0.670037	75000	-0.128044	-21.372525
148	0.668073	75000	-0.127770	-21.500295
149	0.666112	75000	-0.127578	-21.627873
150	0.664155	75000	-0.127410	-21.755283
151	0.662201	75000	-0.127149	-21.882432
152	0.660250	75000	-0.126888	-22.009320
153	0.658303	75000	-0.126669	-22.135988
154	0.656359	75000	-0.126498	-22.262486
155	0.654419	75000	-0.126246	-22.388732
156	0.652483	75000	-0.126050	-22.514783
157	0.650549	75000	-0.125890	-22.640673
158	0.648619	75000	-0.125589	-22.766261
159	0.646693	75000	-0.125358	-22.891619
160	0.644770	75000	-0.125218	-23.016837
161	0.642851	75000	-0.124999	-23.141836
162	0.640934	75000	-0.124724	-23.266560
163	0.639022	75000	-0.124564	-23.391124
164	0.637113	75000	-0.124274	-23.515398
165	0.635207	75000	-0.124092	-23.639490
166	0.633304	75000	-0.123862	-23.763352
167	0.631405	75000	-0.123717	-23.887069
168	0.629510	75000	-0.123519	-24.010588
169	0.627618	75000	-0.123316	-24.133904
170	0.625729	75000	-0.123094	-24.256998
171	0.623844	75000	-0.122830	-24.379828
172	0.621962	75000	-0.122602	-24.502430
173	0.620083	75000	-0.122402	-24.624832
174	0.618208	75000	-0.122218	-24.747051
175	0.616337	75000	-0.122087	-24.869138
176	0.614468	75000	-0.121782	-24.990920
177	0.612604	75000	-0.121573	-25.112493
178	0.610742	75000	-0.121395	-25.233888
179	0.608884	75000	-0.121139	-25.355027
180	0.607029	75000	-0.121020	-25.476047
181	0.605178	75000	-0.120735	-25.596782
182	0.603330	75000	-0.120508	-25.717290
183	0.601486	75000	-0.120273	-25.837563
184	0.599645	75000	-0.120140	-25.957703
185	0.597807	75000	-0.119866	-26.077569
186	0.595973	75000	-0.119692	-26.197261
187	0.594142	75000	-0.119488	-26.316749
188	0.592314	75000	-0.119234	-26.435984
189	0.590490	75000	-0.119008	-26.554992
190	0.588669	75000	-0.118832	-26.673824
191	0.586852	75000	-0.118672	-26.792496
192	0.585038	75000	-0.118512	-26.911008
193	0.583227	75000	-0.118223	-27.029232
194	0.581420	75000	-0.117973	-27.147204
195	0.579616	75000	-0.117740	-27.264945
196	0.577815	75000	-0.117577	-27.382522
197	0.576018	75000	-0.117334	-27.499856
198	0.574224	75000	-0.117182	-27.617038
199	0.572433	75000	-0.116918	-27.733956
200	0.570646	75000	-0.116665	-27.850620
201	0.568862	75000	-0.116574	-27.967194
202	0.567082	75000	-0.116294	-28.083488
203	0.565305	75000	-0.116133	-28.199622
204	0.563531	75000	-0.115935	-28.315557
205	0.561761	75000	-0.115635	-28.431192
206	0.559993	75000	-0.115423	-28.546615
207	0.558230	75000	-0.115246	-28.661861
208	0.556469	75000	-0.115143	-28.777005
209	0.554712	75000	-0.114920	-28.891925
210	0.552958	75000	-0.114704	-29.006628
211	0.551208	75000	-0.114473	-29.121102
212	0.549461	75000	-0.114243	-29.235345
213	0.547717	75000	-0.114113	-29.349457
214	0.545977	75000	-0.113857	-29.463314
215	0.544240	75000	-0.113606	-29.576921
216	0.542506	75000	-0.113335	-29.690256
217	0.540775	75000	-0.113208	-29.803464
218	0.539048	75000	-0.112993	-29.916457
219	0.537324	75000	-0.112784	-30.029241
220	0.535604	75000	-0.112520	-30.141761
221	0.533887	75000	-0.112360	-30.254121
222	0.532173	75000	-0.112170	-30.366290
223	0.530462	75000	-0.111949	-30.478239
224	0.528755	75000	-0.111732	-30.589971
225	0.527051	75000	-0.111561	-30.701532
226	0.525350	75000	-0.111330	-30.812862
227	0.523653	75000	-0.111084	-30.923945
228	0.521958	75000	-0.110861	-31.034806
229	0.520268	75000	-0.110706	-31.145512
230	0.518580	75000	-0.110513	-31.256025
231	0.516896	75000	-0.110262	-31.366288
232	0.515215	75000	-0.110110	-31.476398
233	0.513537	75000	-0.109968	-31.586366
234	0.511863	75000	-0.109723	-31.696089
235	0.510192	75000	-0.109601	-31.805691
236	0.508524	75000	-0.109332	-31.915023
237	0.506859	75000	-0.109156	-32.024179
238	0.505198	75000	-0.108955	-32.133134
239	0.503540	75000	-0.108741	-32.241874
240	0.501885	75000	-0.108478	-32.350352
241	0.500234	75000	-0.108301	-32.458653
242	0.498586	75000	-0.108038	-32.566691
243	0.496941	75000	-0.107957	-32.674648
244	0.495299	75000	-0.107645	-32.782292
245	0.493660	75000	-0.107481	-32.889773
246	0.492025	75000	-0.107195	-32.996968
247	0.490393	75000	-0.106998	-33.103966
248	0.488765	75000	-0.106878	-33.210843
249	0.487139	75000	-0.106642	-33.317486
250	0.485517	75000	-0.106502	-33.423987
251	0.483898	75000	-0.106300	-33.530287
252	0.482283	75000	-0.106118	-33.636406
253	0.480670	75000	-0.105817	-33.742222
254	0.479061	75000	-0.105677	-33.847899
255	0.477455	75000	-0.105440	-33.953339
256	0.475852	75000	-0.105174	-34.058513
257	0.474253	75000	-0.105217	-34.163730
258	0.472656	75000	-0.104967	-34.268697
259	0.471063	75000	-0.104657	-34.373354
260	0.469474	75000	-0.104440	-34.477794
261	0.467887	75000	-0.104257	-34.582051
262	0.466304	75000	-0.104009	-34.686060
263	0.464723	75000	-0.103815	-34.789875
264	0.463146	75000	-0.103711	-34.893585
265	0.461573	75000	-0.103396	-34.996981
266	0.460002	75000	-0.103290	-35.100271
267	0.458435	75000	-0.103096	-35.203368
268	0.456871	75000	-0.102954	-35.306321
269	0.455310	75000	-0.102720	-35.409041
270	0.453752	75000	-0.102542	-35.511583
271	0.452198	75000	-0.102238	-35.613821
272	0.450647	75000	-0.102074	-35.715895
273	0.449098	75000	-0.101953	-35.817848
274	0.447554	75000	-0.101679	-35.919527
275	0.446012	75000	-0.101473	-36.020999
276	0.444473	75000	-0.101317	-36.122316
277	0.442938	75000	-0.101117	-36.223433
278	0.441406	75000	-0.100887	-36.324320
279	0.439877	75000	-0.100702	-36.425022
280	0.438351	75000	-0.100454	-36.525477
281	0.436829	75000	-0.100343	-36.625819
282	0.435309	75000	-0.100111	-36.725930
283	0.433793	75000	-0.099897	-36.825828
284	0.432280	75000	-0.099666	-36.925493
285	0.430770	75000	-0.099548	-37.025041
286	0.429263	75000	-0.099272	-37.124313
287	0.427760	75000	-0.099168	-37.223481
288	0.426259	75000	-0.098923	-37.322404
289	0.424762	75000	-0.098698	-37.421103
290	0.423268	75000	-0.098543	-37.519646
291	0.421777	75000	-0.098355	-37.618000
292	0.420289	75000	-0.098168	-37.716169
293	0.418805	75000	-0.097998	-37.814167
294	0.417323	75000	-0.097741	-37.911908
295	0.415845	75000	-0.097540	-38.009447
296	0.414370	75000	-0.097331	-38.106778
297	0.412898	75000	-0.097219	-38.203998
298	0.411429	75000	-0.097069	-38.301067
299	0.409963	75000	-0.096737	-38.397803
300	0.408501	75000	-0.096581	-38.494384
301	0.407041	75000	-0.096381	-38.590765
302	0.405585	75000	-0.096206	-38.686971
303	0.404132	75000	-0.096009	-38.782980
304	0.402682	75000	-0.095768	-38.878748
305	0.401235	75000	-0.095664	-38.974412
306	0.399791	75000	-0.095350	-39.069762
307	0.398350	75000	-0.095129	-39.164891
308	0.396913	75000	-0.095082	-39.259973
309	0.395478	75000	-0.094869	-39.354843
310	0.394047	75000	-0.094640	-39.449483
311	0.392619	75000	-0.094523	-39.544006
312	0.391194	75000	-0.094241	-39.638246
313	0.389772	75000	-0.094093	-39.732339
314	0.388353	75000	-0.093856	-39.826196
315	0.386937	75000	-0.093706	-39.919902
316	0.385524	75000	-0.093483	-40.013385
317	0.384115	75000	-0.093214	-40.106599
318	0.382708	75000	-0.093192	-40.199791
319	0.381305	75000	-0.092922	-40.292713
320	0.379904	75000	-0.092771	-40.385484
321	0.378507	75000	-0.092580	-40.478064
322	0.377113	75000	-0.092327	-40.570391
323	0.375722	75000	-0.092192	-40.662583
324	0.374334	75000	-0.092006	-40.754589
325	0.372949	75000	-0.091794	-40.846383
326	0.371567	75000	-0.091650	-40.938033
327	0.370189	75000	-0.091396	-41.029429
328	0.368813	75000	-0.091223	-41.120653
329	0.367440	75000	-0.090961	-41.211614
330	0.366071	75000	-0.090784	-41.302398
331	0.364705	75000	-0.090630	-41.393029
332	0.363341	75000	-0.090444	-41.483473
333	0.361981	75000	-0.090319	-41.573791
334	0.360624	75000	-0.090138	-41.663929
335	0.359269	75000	-0.089832	-41.753761
336	0.357918	75000	-0.089659	-41.843420
337	0.356570	75000	-0.089470	-41.932891
338	0.355225	75000	-0.089343	-42.022234
339	0.353883	75000	-0.089149	-42.111383
340	0.352544	75000	-0.088951	-42.200333
341	0.351208	75000	-0.088726	-42.289059
342	0.349875	75000	-0.088542	-42.377601
343	0.348546	75000	-0.088393	-42.465994
344	0.347219	75000	-0.088192	-42.554187
345	0.345895	75000	-0.088022	-42.642208
346	0.344574	75000	-0.087868	-42.730076
347	0.343257	75000	-0.087621	-42.817697
348	0.341942	75000	-0.087444	-42.905141
349	0.340630	75000	-0.087295	-42.992436
350	0.339322	75000	-0.087043	-43.079479
351	0.338016	75000	-0.086828	-43.166306
352	0.336714	75000	-0.086679	-43.252985
353	0.335414	75000	-0.086480	-43.339465
354	0.334118	75000	-0.086470	-43.425936
355	0.332824	75000	-0.086184	-43.512119
356	0.331534	75000	-0.086060	-43.598179
357	0.330246	75000	-0.085729	-43.683909
358	0.328962	75000	-0.085594	-43.769503
359	0.327680	75000	-0.085493	-43.854996
360	0.326401	75000	-0.085232	-43.940228
361	0.325126	75000	-0.085109	-44.025337
362	0.323853	75000	-0.084862	-44.110200
363	0.322584	75000	-0.084706	-44.194906
364	0.321317	75000	-0.084534	-44.279440
365	0.320054	75000	-0.084324	-44.363764
366	0.318793	75000	-0.084110	-44.447874
367	0.317536	75000	-0.084012	-44.531886
368	0.316281	75000	-0.083754	-44.615639
369	0.315030	75000	-0.083602	-44.699241
370	0.313781	75000	-0.083367	-44.782609
371	0.312535	75000	-0.083301	-44.865910
372	0.311293	75000	-0.083174	-44.949084
373	0.310053	75000	-0.082886	-45.031970
374	0.308816	75000	-0.082704	-45.114674
375	0.307582	75000	-0.082544	-45.197217
376	0.306352	75000	-0.082414	-45.279631
377	0.305124	75000	-0.082134	-45.361766
378	0.303899	75000	-0.081989	-45.443755
379	0.302677	75000	-0.081860	-45.525615
380	0.301458	75000	-0.081689	-45.607304
381	0.300242	75000	-0.081473	-45.688777
382	0.299029	75000	-0.081171	-45.769948
383	0.297819	75000	-0.081140	-45.851088
384	0.296611	75000	-0.080931	-45.932019
385	0.295407	75000	-0.080757	-46.012777
386	0.294206	75000	-0.080533	-46.093310
387	0.293007	75000	-0.080355	-46.173665
388	0.291812	75000	-0.080203	-46.253868
389	0.290619	75000	-0.080031	-46.333898
390	0.289430	75000	-0.079794	-46.413693
391	0.288243	75000	-0.079669	-46.493362
392	0.287059	75000	-0.079415	-46.572777
393	0.285879	75000	-0.079213	-46.651989
394	0.284701	75000	-0.079099	-46.731088
395	0.283526	75000	-0.078890	-46.809978
396	0.282354	75000	-0.078749	-46.888727
397	0.281184	75000	-0.078579	-46.967306
398	0.280018	75000	-0.078401	-47.045707
399	0.278855	75000	-0.078209	-47.123917
400	0.277694	75000	-0.078054	-47.201971
401	0.276537	75000	-0.077759	-47.279730
402	0.275382	75000	-0.077579	-47.357309
403	0.274230	75000	-0.077489	-47.434798
404	0.273082	75000	-0.077286	-47.512084
405	0.271936	75000	-0.077113	-47.589197
406	0.270793	75000	-0.076969	-47.666166
407	0.269652	75000	-0.076781	-47.742947
408	0.268515	75000	-0.076632	-47.819579
409	0.267381	75000	-0.076576	-47.896155
410	0.266249	75000	-0.076283	-47.972438
411	0.265121	75000	-0.076109	-48.048547
412	0.263995	75000	-0.075998	-48.124546
413	0.262872	75000	-0.075761	-48.200306
414	0.261752	75000	-0.075613	-48.275919
415	0.260635	75000	-0.075451	-48.351370
416	0.259520	75000	-0.075308	-48.426677
417	0.258409	75000	-0.075102	-48.501779
418	0.257300	75000	-0.074884	-48.576663
419	0.256195	75000	-0.074658	-48.651321
420	0.255092	75000	-0.074594	-48.725915
421	0.253992	75000	-0.074227	-48.800142
422	0.252895	75000	-0.074202	-48.874344
423	0.251800	75000	-0.073981	-48.948326
424	0.250709	75000	-0.073756	-49.022081
425	0.249620	75000	-0.073652	-49.095733
426	0.248534	75000	-0.073470	-49.169203
427	0.247451	75000	-0.073442	-49.242645
428	0.246371	75000	-0.073208	-49.315853
429	0.245294	75000	-0.072989	-49.388842
430	0.244220	75000	-0.072784	-49.461626
431	0.243148	75000	-0.072689	-49.534315
432	0.242079	75000	-0.072412	-49.606727
433	0.241013	75000	-0.072303	-49.679030
434	0.239950	75000	-0.072178	-49.751208
435	0.238890	75000	-0.071981	-49.823188
436	0.237832	75000	-0.071872	-49.895060
437	0.236778	75000	-0.071649	-49.966710
438	0.235726	75000	-0.071451	-50.038161
439	0.234677	75000	-0.071248	-50.109409
440	0.233630	75000	-0.071154	-50.180562
441	0.232587	75000	-0.071067	-50.251629
442	0.231546	75000	-0.070790	-50.322419
443	0.230509	75000	-0.070636	-50.393055
444	0.229473	75000	-0.070542	-50.463598
445	0.228441	75000	-0.070336	-50.533933
446	0.227412	75000	-0.070027	-50.603961
447	0.226385	75000	-0.069903	-50.673864
448	0.225361	75000	-0.069757	-50.743620
449	0.224340	75000	-0.069633	-50.813253
450	0.223322	75000	-0.069388	-50.882641
451	0.222306	75000	-0.069278	-50.951919
452	0.221293	75000	-0.069027	-51.020947
453	0.220283	75000	-0.068961	-51.089908
454	0.219276	75000	-0.068780	-51.158688
455	0.218272	75000	-0.068571	-51.227259
456	0.217270	75000	-0.068449	-51.295708
457	0.216271	75000	-0.068279	-51.363988
458	0.215275	75000	-0.067953	-51.431941
459	0.214281	75000	-0.067910	-51.499851
460	0.213291	75000	-0.067793	-51.567645
461	0.212303	75000	-0.067571	-51.635215
462	0.211318	75000	-0.067451	-51.702666
463	0.210335	75000	-0.067308	-51.769974
464	0.209356	75000	-0.067122	-51.837096
465	0.208379	75000	-0.066980	-51.904077
466	0.207404	75000	-0.066734	-51.970811
467	0.206433	75000	-0.066698	-52.037509
468	0.205464	75000	-0.066475	-52.103984
469	0.204498	75000	-0.066251	-52.170235
470	0.203535	75000	-0.066192	-52.236427
471	0.202575	75000	-0.066010	-52.302438
472	0.201617	75000	-0.065800	-52.368238
473	0.200662	75000	-0.065623	-52.433861
474	0.199709	75000	-0.065408	-52.499270
475	0.198760	75000	-0.065308	-52.564577
476	0.197813	75000	-0.065199	-52.629776
477	0.196869	75000	-0.065049	-52.694826
478	0.195927	75000	-0.064749	-52.759575
479	0.194988	75000	-0.064596	-52.824171
480	0.194052	75000	-0.064585	-52.888756
481	0.193119	75000	-0.064253	-52.953010
482	0.192188	75000	-0.064209	-53.017218
483	0.191260	75000	-0.063937	-53.081155
484	0.190335	75000	-0.063820	-53.144975
485	0.189412	75000	-0.063626	-53.208601
486	0.188492	75000	-0.063442	-53.272043
487	0.187575	75000	-0.063436	-53.335478
488	0.186660	75000	-0.063214	-53.398692
489	0.185749	75000	-0.063036	-53.461728
490	0.184839	75000	-0.062852	-53.524580
491	0.183933	75000	-0.062660	-53.587240
492	0.183029	75000	-0.062472	-53.649712
493	0.182128	75000	-0.062436	-53.712148
494	0.181229	75000	-0.062318	-53.774466
495	0.180333	75000	-0.062148	-53.836614
496	0.179440	75000	-0.062076	-53.898690
497	0.178550	75000	-0.061766	-53.960456
498	0.177662	75000	-0.061721	-54.022177
499	0.176777	75000	-0.061536	-54.083713
500	0.175894	75000	-0.061260	-54.144973
501	0.175014	75000	-0.061064	-54.206037
502	0.174137	75000	-0.061060	-54.267097
503	0.173262	75000	-0.060860	-54.327957
504	0.172390	75000	-0.060662	-54.388619
505	0.171521	75000	-0.060590	-54.449209
506	0.170654	75000	-0.060348	-54.509558
507	0.169790	75000	-0.060374	-54.569931
508	0.168929	75000	-0.059977	-54.629908
509	0.168070	75000	-0.059838	-54.689746
510	0.167214	75000	-0.059816	-54.749562
511	0.166360	75000	-0.059544	-54.809106
512	0.165509	75000	-0.059457	-54.868562
513	0.164661	75000	-0.059409	-54.927971
514	0.163815	75000	-0.059229	-54.987201
515	0.162972	75000	-0.059015	-55.046216
516	0.162132	75000	-0.058798	-55.105013
517	0.161294	75000	-0.058735	-55.163749
518	0.160458	75000	-0.058509	-55.222257
519	0.159626	75000	-0.058261	-55.280518
520	0.158796	75000	-0.058265	-55.338783
521	0.157968	75000	-0.058149	-55.396932
522	0.157143	75000	-0.057952	-55.454884
523	0.156321	75000	-0.057699	-55.512583
524	0.155501	75000	-0.057689	-55.570272
525	0.154684	75000	-0.057513	-55.627784
526	0.153870	75000	-0.057374	-55.685158
527	0.153058	75000	-0.057234	-55.742392
528	0.152248	75000	-0.056969	-55.799361
529	0.151441	75000	-0.056859	-55.856220
530	0.150637	75000	-0.056695	-55.912915
531	0.149835	75000	-0.056534	-55.969449
532	0.149036	75000	-0.056345	-56.025793
533	0.148240	75000	-0.056288	-56.082081
534	0.147446	75000	-0.055996	-56.138077
535	0.146654	75000	-0.055894	-56.193971
536	0.145865	75000	-0.055826	-56.249797
537	0.145079	75000	-0.055631	-56.305428
538	0.144295	75000	-0.055577	-56.361005
539	0.143514	75000	-0.055287	-56.416293
540	0.142735	75000	-0.055122	-56.471414
541	0.141959	75000	-0.055081	-56.526496
542	0.141186	75000	-0.055093	-56.581588
543	0.140415	75000	-0.054798	-56.636387
544	0.139646	75000	-0.054575	-56.690961
545	0.138880	75000	-0.054486	-56.745447
546	0.138116	75000	-0.054378	-56.799825
547	0.137356	75000	-0.054121	-56.853947
548	0.136597	75000	-0.054056	-56.908003
549	0.135841	75000	-0.054015	-56.962018
550	0.135088	75000	-0.053744	-57.015761
551	0.134337	75000	-0.053639	-57.069400
552	0.133588	75000	-0.053401	-57.122801
553	0.132843	75000	-0.053287	-57.176088
554	0.132099	75000	-0.053267	-57.229355
555	0.131358	75000	-0.053043	-57.282397
556	0.130620	75000	-0.052970	-57.335368
557	0.129884	75000	-0.052739	-57.388106
558	0.129151	75000	-0.052593	-57.440700
559	0.128420	75000	-0.052549	-57.493248
560	0.127691	75000	-0.052310	-57.545558
561	0.126965	75000	-0.052104	-57.597663
562	0.126242	75000	-0.052064	-57.649727
563	0.125521	75000	-0.051975	-57.701701
564	0.124802	75000	-0.051604	-57.753306
565	0.124086	75000	-0.051732	-57.805037
566	0.123373	75000	-0.051628	-57.856665
567	0.122662	75000	-0.051418	-57.908083
568	0.121953	75000	-0.051327	-57.959410
569	0.121247	75000	-0.051051	-58.010461
570	0.120543	75000	-0.051123	-58.061584
571	0.119842	75000	-0.050850	-58.112434
572	0.119143	75000	-0.050724	-58.163158
573	0.118447	75000	-0.050528	-58.213686
574	0.117753	75000	-0.050330	-58.264016
575	0.117062	75000	-0.050379	-58.314395
576	0.116373	75000	-0.050215	-58.364610
577	0.115686	75000	-0.049894	-58.414505
578	0.115002	75000	-0.049837	-58.464342
579	0.114320	75000	-0.049655	-58.513997
580	0.113641	75000	-0.049502	-58.563499
581	0.112964	75000	-0.049424	-58.612923
582	0.112290	75000	-0.049199	-58.662121
583	0.111618	75000	-0.049259	-58.711380
584	0.110948	75000	-0.049048	-58.760428
585	0.110281	75000	-0.048913	-58.809341
586	0.109616	75000	-0.049039	-58.858380
587	0.108954	75000	-0.048670	-58.907050
588	0.108294	75000	-0.048474	-58.955524
589	0.107637	75000	-0.048462	-59.003986
590	0.106981	75000	-0.048030	-59.052016
591	0.106329	75000	-0.048121	-59.100137
592	0.105678	75000	-0.047977	-59.148114
593	0.105030	75000	-0.047962	-59.196076
594	0.104385	75000	-0.047585	-59.243661
595	0.103742	75000	-0.047403	-59.291064
596	0.103101	75000	-0.047391	-59.338455
597	0.102463	75000	-0.047311	-59.385766
598	0.101827	75000	-0.047176	-59.432942
599	0.101193	75000	-0.047027	-59.479969
600	0.100562	75000	-0.047032	-59.527001
601	0.099933	75000	-0.046884	-59.573884
602	0.099306	75000	-0.046751	-59.620635
603	0.098682	75000	-0.046499	-59.667134
604	0.098060	75000	-0.046291	-59.713425
605	0.097441	75000	-0.046246	-59.759671
606	0.096824	75000	-0.046245	-59.805916
607	0.096209	75000	-0.046099	-59.852015
608	0.095596	75000	-0.045922	-59.897937
609	0.094986	75000	-0.045723	-59.943660
610	0.094379	75000	-0.045615	-59.989275
611	0.093773	75000	-0.045645	-60.034920
612	0.093170	75000	-0.045216	-60.080135
613	0.092570	75000	-0.045148	-60.125283
614	0.091971	75000	-0.045146	-60.170429
615	0.091375	75000	-0.044868	-60.215297
616	0.090781	75000	-0.044780	-60.260077
617	0.090190	75000	-0.044935	-60.305012
618	0.089601	75000	-0.044707	-60.349719
619	0.089014	75000	-0.044635	-60.394354
620	0.088430	75000	-0.044377	-60.438730
621	0.087848	75000	-0.044278	-60.483008
622	0.087268	75000	-0.044239	-60.527247
623	0.086690	75000	-0.044102	-60.571350
624	0.086115	75000	-0.043899	-60.615249
625	0.085542	75000	-0.043898	-60.659147
626	0.084971	75000	-0.043782	-60.702929
627	0.084403	75000	-0.043455	-60.746384
628	0.083837	75000	-0.043506	-60.789889
629	0.083273	75000	-0.043449	-60.833338
630	0.082712	75000	-0.043038	-60.876376
631	0.082152	75000	-0.043164	-60.919540
632	0.081595	75000	-0.042830	-60.962371
633	0.081041	75000	-0.042713	-61.005083
634	0.080488	75000	-0.042789	-61.047873
635	0.079938	75000	-0.042640	-61.090512
636	0.079390	75000	-0.042432	-61.132944
637	0.078845	75000	-0.042338	-61.175283
638	0.078301	75000	-0.042289	-61.217572
639	0.077760	75000	-0.042191	-61.259763
640	0.077221	75000	-0.042141	-61.301904
641	0.076684	75000	-0.041828	-61.343732
642	0.076150	75000	-0.041909	-61.385641
643	0.075618	75000	-0.041657	-61.427298
644	0.075088	75000	-0.041540	-61.468839
645	0.074560	75000	-0.041291	-61.510129
646	0.074035	75000	-0.041372	-61.551502
647	0.073512	75000	-0.041152	-61.592654
648	0.072991	75000	-0.041102	-61.633755
649	0.072472	75000	-0.041017	-61.674772
650	0.071955	75000	-0.040721	-61.715493
651	0.071441	75000	-0.040780	-61.756273
652	0.070929	75000	-0.040630	-61.796903
653	0.070419	75000	-0.040511	-61.837414
654	0.069911	75000	-0.040165	-61.877579
655	0.069406	75000	-0.040293	-61.917872
656	0.068903	75000	-0.040102	-61.957974
657	0.068401	75000	-0.040240	-61.998214
658	0.067903	75000	-0.040117	-62.038331
659	0.067406	75000	-0.040003	-62.078334
660	0.066911	75000	-0.039874	-62.118208
661	0.066419	75000	-0.039668	-62.157877
662	0.065929	75000	-0.039559	-62.197435
663	0.065441	75000	-0.039370	-62.236806
664	0.064955	75000	-0.039394	-62.276200
665	0.064471	75000	-0.039221	-62.315421
666	0.063990	75000	-0.039348	-62.354768
667	0.063510	75000	-0.039000	-62.393768
668	0.063033	75000	-0.039003	-62.432770
669	0.062558	75000	-0.039079	-62.471849
670	0.062085	75000	-0.038740	-62.510589
671	0.061615	75000	-0.038510	-62.549099
672	0.061146	75000	-0.038668	-62.587767
673	0.060680	75000	-0.038414	-62.626181
674	0.060216	75000	-0.038382	-62.664563
675	0.059753	75000	-0.038144	-62.702708
676	0.059293	75000	-0.038153	-62.740861
677	0.058836	75000	-0.038029	-62.778890
678	0.058380	75000	-0.037887	-62.816777
679	0.057926	75000	-0.038094	-62.854871
680	0.057475	75000	-0.037860	-62.892731
681	0.057025	75000	-0.037569	-62.930300
682	0.056578	75000	-0.037575	-62.967874
683	0.056133	75000	-0.037512	-63.005386
684	0.055690	75000	-0.037377	-63.042763
685	0.055249	75000	-0.037437	-63.080200
686	0.054810	75000	-0.037157	-63.117357
687	0.054373	75000	-0.037112	-63.154469
688	0.053939	75000	-0.036935	-63.191403
689	0.053506	75000	-0.036914	-63.228317
690	0.053076	75000	-0.036888	-63.265205
691	0.052647	75000	-0.036846	-63.302051
692	0.052221	75000	-0.036567	-63.338618
693	0.051797	75000	-0.036780	-63.375398
694	0.051375	75000	-0.036677	-63.412075
695	0.050955	75000	-0.036673	-63.448748
696	0.050537	75000	-0.036350	-63.485098
697	0.050121	75000	-0.036294	-63.521392
698	0.049707	75000	-0.036321	-63.557713
699	0.049295	75000	-0.036162	-63.593875
700	0.048885	75000	-0.036273	-63.630148
701	0.048478	75000	-0.035996	-63.666145
702	0.048072	75000	-0.036041	-63.702186
703	0.047668	75000	-0.035645	-63.737831
704	0.047267	75000	-0.035865	-63.773696
705	0.046867	75000	-0.035739	-63.809435
706	0.046470	75000	-0.035751	-63.845186
707	0.046074	75000	-0.035367	-63.880553
708	0.045681	75000	-0.035409	-63.915962
709	0.045289	75000	-0.035400	-63.951362
710	0.044900	75000	-0.035331	-63.986693
711	0.044512	75000	-0.035334	-64.022027
712	0.044127	75000	-0.035007	-64.057034
713	0.043744	75000	-0.034952	-64.091986
714	0.043362	75000	-0.034888	-64.126874
715	0.042983	75000	-0.034708	-64.161583
716	0.042606	75000	-0.035024	-64.196607
717	0.042230	75000	-0.034818	-64.231425
718	0.041857	75000	-0.034770	-64.266195
719	0.041485	75000	-0.034612	-64.300807
720	0.041116	75000	-0.034693	-64.335500
721	0.040749	75000	-0.034568	-64.370068
722	0.040383	75000	-0.034337	-64.404406
723	0.040020	75000	-0.034627	-64.439032
724	0.039658	75000	-0.034246	-64.473278
725	0.039299	75000	-0.034241	-64.507520
726	0.038941	75000	-0.034400	-64.541919
727	0.038585	75000	-0.034464	-64.576383
728	0.038232	75000	-0.034240	-64.610624
729	0.037880	75000	-0.034024	-64.644647
730	0.037530	75000	-0.034039	-64.678687
731	0.037182	75000	-0.033738	-64.712425
732	0.036836	75000	-0.034064	-64.746489
733	0.036493	75000	-0.033545	-64.780033
734	0.036151	75000	-0.033847	-64.813880
735	0.035810	75000	-0.034013	-64.847893
736	0.035472	75000	-0.033935	-64.881828
737	0.035136	75000	-0.033804	-64.915632
738	0.034802	75000	-0.033671	-64.949303
739	0.034469	75000	-0.033302	-64.982605
740	0.034139	75000	-0.033768	-65.016373
741	0.033810	75000	-0.033583	-65.049956
742	0.033484	75000	-0.033826	-65.083782
743	0.033159	75000	-0.033480	-65.117262
744	0.032836	75000	-0.033343	-65.150605
745	0.032515	75000	-0.033520	-65.184125
746	0.032196	75000	-0.033483	-65.217609
747	0.031879	75000	-0.033249	-65.250858
748	0.031563	75000	-0.033470	-65.284328
749	0.031250	75000	-0.033493	-65.317821
750	0.030938	75000	-0.033430	-65.351251
751	0.030629	75000	-0.033694	-65.384945
752	0.030321	75000	-0.032923	-65.417868
753	0.030015	75000	-0.033691	-65.451559
754	0.029711	75000	-0.033767	-65.485326
755	0.029409	75000	-0.033434	-65.518760
756	0.029108	75000	-0.033297	-65.552056
757	0.028810	75000	-0.032900	-65.584956
758	0.028513	75000	-0.033493	-65.618449
759	0.028218	75000	-0.033117	-65.651566
760	0.027925	75000	-0.033055	-65.684621
761	0.027634	75000	-0.033520	-65.718141
762	0.027345	75000	-0.033337	-65.751478
763	0.027057	75000	-0.033031	-65.784509
764	0.026771	75000	-0.033281	-65.817789
765	0.026487	75000	-0.033416	-65.851206
766	0.026205	75000	-0.034014	-65.885220
767	0.025925	75000	-0.033359	-65.918578
768	0.025647	75000	-0.033553	-65.952131
769	0.025370	75000	-0.033294	-65.985425
770	0.025095	75000	-0.033918	-66.019344
771	0.024822	75000	-0.033588	-66.052931
772	0.024551	75000	-0.033597	-66.086528
773	0.024281	75000	-0.033752	-66.120280
774	0.024014	75000	-0.033626	-66.153906
775	0.023748	75000	-0.033958	-66.187863
776	0.023483	75000	-0.034430	-66.222294
777	0.023221	75000	-0.033893	-66.256186
778	0.022960	75000	-0.034165	-66.290352
779	0.022702	75000	-0.034386	-66.324738
780	0.022445	75000	-0.033622	-66.358359
781	0.022189	75000	-0.034229	-66.392588
782	0.021936	75000	-0.034867	-66.427455
783	0.021684	75000	-0.034158	-66.461613
784	0.021434	75000	-0.034760	-66.496372
785	0.021185	75000	-0.035311	-66.531683
786	0.020939	75000	-0.035215	-66.566898
787	0.020694	75000	-0.035475	-66.602373
788	0.020451	75000	-0.035787	-66.638160
789	0.020209	75000	-0.035212	-66.673372
790	0.019969	75000	-0.035316	-66.708688
791	0.019731	75000	-0.035273	-66.743961
792	0.019495	75000	-0.036240	-66.780201
793	0.019261	75000	-0.036633	-66.816834
794	0.019028	75000	-0.035834	-66.852668
795	0.018796	75000	-0.036581	-66.889249
796	0.018567	75000	-0.036569	-66.925818
797	0.018339	75000	-0.036383	-66.962201
798	0.018113	75000	-0.037555	-66.999756
799	0.017889	75000	-0.037378	-67.037134
800	0.017666	75000	-0.037542	-67.074676
801	0.017445	75000	-0.037641	-67.112317
802	0.017225	75000	-0.037523	-67.149839
803	0.017007	75000	-0.038450	-67.188290
804	0.016791	75000	-0.039321	-67.227610
805	0.016577	75000	-0.038601	-67.266211
806	0.016364	75000	-0.039114	-67.305325
807	0.016153	75000	-0.039675	-67.345001
808	0.015943	75000	-0.041281	-67.386281
809	0.015736	75000	-0.040174	-67.426456
810	0.015529	75000	-0.040433	-67.466889
811	0.015325	75000	-0.043102	-67.509991
812	0.015122	75000	-0.043256	-67.553247
813	0.014920	75000	-0.042532	-67.595778
814	0.014721	75000	-0.042590	-67.638369
815	0.014523	75000	-0.042140	-67.680509
816	0.014326	75000	-0.043961	-67.724470
817	0.014131	75000	-0.042462	-67.766932
818	0.013938	75000	-0.044240	-67.811172
819	0.013746	75000	-0.046662	-67.857834
820	0.013556	75000	-0.046720	-67.904553
821	0.013367	75000	-0.047206	-67.951759
822	0.013181	75000	-0.046158	-67.997917
823	0.012995	75000	-0.047846	-68.045762
824	0.012811	75000	-0.049438	-68.095201
825	0.012629	75000	-0.049694	-68.144895
826	0.012448	75000	-0.052522	-68.197417
827	0.012269	75000	-0.051059	-68.248476
828	0.012092	75000	-0.052179	-68.300655
829	0.011916	75000	-0.052392	-68.353047
830	0.011741	75000	-0.053416	-68.406463
831	0.011568	75000	-0.056219	-68.462682
832	0.011397	75000	-0.057675	-68.520357
833	0.011227	75000	-0.060564	-68.580922
834	0.011059	75000	-0.057667	-68.638589
835	0.010892	75000	-0.063049	-68.701639
836	0.010727	75000	-0.064583	-68.766222
837	0.010563	75000	-0.065518	-68.831740
838	0.010401	75000	-0.064711	-68.896451
839	0.010240	75000	-0.066357	-68.962808
840	0.010081	75000	-0.069831	-69.032638
841	0.009923	75000	-0.073804	-69.106442
842	0.009767	75000	-0.071408	-69.177851
843	0.009612	75000	-0.076092	-69.253943
844	0.009459	75000	-0.075124	-69.329067
845	0.009307	75000	-0.075452	-69.404519
846	0.009156	75000	-0.080539	-69.485058
847	0.009008	75000	-0.080624	-69.565682
848	0.008860	75000	-0.080073	-69.645755
849	0.008714	75000	-0.082489	-69.728244
850	0.008570	75000	-0.085010	-69.813254
851	0.008427	75000	-0.081302	-69.894555
852	0.008285	75000	-0.086713	-69.981268
853	0.008145	75000	-0.085712	-70.066980
854	0.008006	75000	-0.089736	-70.156716
855	0.007869	75000	-0.091287	-70.248003
856	0.007733	75000	-0.092570	-70.340574
857	0.007598	75000	-0.091052	-70.431625
858	0.007465	75000	-0.093384	-70.525009
859	0.007334	75000	-0.093125	-70.618135
860	0.007203	75000	-0.095481	-70.713615
861	0.007075	75000	-0.097321	-70.810936
862	0.006947	75000	-0.095270	-70.906206
863	0.006821	75000	-0.097773	-71.003979
864	0.006696	75000	-0.097013	-71.100991
865	0.006573	75000	-0.096787	-71.197778
866	0.006451	75000	-0.098772	-71.296550
867	0.006330	75000	-0.099530	-71.396080
868	0.006211	75000	-0.097447	-71.493527
869	0.006093	75000	-0.100061	-71.593588
870	0.005977	75000	-0.097623	-71.691211
871	0.005862	75000	-0.098343	-71.789554
872	0.005748	75000	-0.097259	-71.886814
873	0.005635	75000	-0.098071	-71.984884
874	0.005524	75000	-0.099624	-72.084508
875	0.005414	75000	-0.096313	-72.180821
876	0.005306	75000	-0.098613	-72.279434
877	0.005199	75000	-0.098616	-72.378050
878	0.005093	75000	-0.094640	-72.472690
879	0.004988	75000	-0.095530	-72.568220
880	0.004885	75000	-0.096157	-72.664377
881	0.004783	75000	-0.093615	-72.757992
882	0.004682	75000	-0.094510	-72.852502
883	0.004583	75000	-0.093797	-72.946300
884	0.004485	75000	-0.092389	-73.038689
885	0.004388	75000	-0.093305	-73.131993
886	0.004292	75000	-0.091496	-73.223490
887	0.004198	75000	-0.091070	-73.314560
888	0.004105	75000	-0.090517	-73.405077
889	0.004013	75000	-0.089513	-73.494590
890	0.003923	75000	-0.088825	-73.583415
891	0.003833	75000	-0.087521	-73.670936
892	0.003745	75000	-0.087778	-73.758714
893	0.003658	75000	-0.085806	-73.844520
894	0.003573	75000	-0.084801	-73.929321
895	0.003488	75000	-0.084465	-74.013786
896	0.003405	75000	-0.083207	-74.096994
897	0.003323	75000	-0.082500	-74.179493
898	0.003242	75000	-0.082169	-74.261663
899	0.003162	75000	-0.080852	-74.342515
900	0.003084	75000	-0.080239	-74.422754
901	0.003007	75000	-0.078732	-74.501486
902	0.002930	75000	-0.078230	-74.579716
903	0.002855	75000	-0.076591	-74.656307
904	0.002782	75000	-0.076232	-74.732539
905	0.002709	75000	-0.074930	-74.807469
906	0.002638	75000	-0.073823	-74.881292
907	0.002567	75000	-0.073195	-74.954487
908	0.002498	75000	-0.071985	-75.026472
909	0.002430	75000	-0.071404	-75.097876
910	0.002363	75000	-0.069986	-75.167861
911	0.002297	75000	-0.068844	-75.236705
912	0.002233	75000	-0.067935	-75.304640
913	0.002169	75000	-0.066817	-75.371457
914	0.002106	75000	-0.065651	-75.437108
915	0.002045	75000	-0.065092	-75.502199
916	0.001985	75000	-0.063798	-75.565998
917	0.001925	75000	-0.062661	-75.628659
918	0.001867	75000	-0.061589	-75.690247
919	0.001810	75000	-0.060501	-75.750748
920	0.001754	75000	-0.059685	-75.810433
921	0.001699	75000	-0.058444	-75.868877
922	0.001645	75000	-0.057388	-75.926265
923	0.001592	75000	-0.056426	-75.982691
924	0.001540	75000	-0.055438	-76.038129
925	0.001490	75000	-0.054447	-76.092575
926	0.001440	75000	-0.053426	-76.146001
927	0.001391	75000	-0.052308	-76.198310
928	0.001343	75000	-0.050965	-76.249275
929	0.001296	75000	-0.050349	-76.299624
930	0.001251	75000	-0.049232	-76.348856
931	0.001206	75000	-0.048333	-76.397189
932	0.001162	75000	-0.047319	-76.444508
933	0.001119	75000	-0.046248	-76.490756
934	0.001077	75000	-0.045260	-76.536016
935	0.001036	75000	-0.044141	-76.580157
936	0.000996	75000	-0.043233	-76.623390
937	0.000957	75000	-0.042222	-76.665612
938	0.000919	75000	-0.041383	-76.706995
939	0.000882	75000	-0.040480	-76.747475
940	0.000846	75000	-0.039282	-76.786758
941	0.000810	75000	-0.038316	-76.825074
942	0.000776	75000	-0.037574	-76.862648
943	0.000742	75000	-0.036558	-76.899206
944	0.000709	75000	-0.035566	-76.934771
945	0.000678	75000	-0.034628	-76.969399
946	0.000647	75000	-0.033573	-77.002972
947	0.000617	75000	-0.032737	-77.035709
948	0.000587	75000	-0.031774	-77.067483
949	0.000559	75000	-0.030884	-77.098367
950	0.000531	75000	-0.030121	-77.128488
951	0.000505	75000	-0.029113	-77.157601
952	0.000479	75000	-0.028255	-77.185856
953	0.000454	75000	-0.027405	-77.213261
954	0.000430	75000	-0.026583	-77.239844
955	0.000406	75000	-0.025678	-77.265522
956	0.000383	75000	-0.024800	-77.290321
957	0.000362	75000	-0.023979	-77.314300
958	0.000340	75000	-0.023152	-77.337452
959	0.000320	75000	-0.022338	-77.359790
960	0.000300	75000	-0.021573	-77.381363
961	0.000281	75000	-0.020724	-77.402086
962	0.000263	75000	-0.019937	-77.422024
963	0.000246	75000	-0.019207	-77.441230
964	0.000229	75000	-0.018357	-77.459587
965	0.000213	75000	-0.017613	-77.477200
966	0.000198	75000	-0.016804	-77.494004
967	0.000183	75000	-0.016084	-77.510088
968	0.000169	75000	-0.015361	-77.525449
969	0.000156	75000	-0.014632	-77.540080
970	0.000143	75000	-0.013902	-77.553982
971	0.000131	75000	-0.013265	-77.567246
972	0.000120	75000	-0.012595	-77.579841
973	0.000109	75000	-0.011857	-77.591698
974	0.000099	75000	-0.011206	-77.602904
975	0.000089	75000	-0.010568	-77.613472
976	0.000080	75000	-0.009931	-77.623403
977	0.000072	75000	-0.009284	-77.632687
978	0.000064	75000	-0.008684	-77.641371
979	0.000057	75000	-0.008068	-77.649438
980	0.000050	75000	-0.007492	-77.656930
981	0.000043	75000	-0.006930	-77.663860
982	0.000038	75000	-0.006377	-77.670237
983	0.000032	75000	-0.005834	-77.676071
984	0.000028	75000	-0.005320	-77.681391
985	0.000023	75000	-0.004793	-77.686184
986	0.000019	75000	-0.004324	-77.690508
987	0.000016	75000	-0.003847	-77.694355
988	0.000013	75000	-0.003401	-77.697756
989	0.000010	75000	-0.002967	-77.700723
990	0.000008	75000	-0.002546	-77.703269
991	0.000006	75000	-0.002158	-77.705427
992	0.000004	75000	-0.001791	-77.707218
993	0.000003	75000	-0.001443	-77.708661
994	0.000002	75000	-0.001128	-77.709789
995	0.000001	75000	-0.000832	-77.710621
996	0.000000	75000	-0.000573	-77.711194
997	0.000000	75000	-0.000347	-77.711541
998	0.000000	75000	-0.000162	-77.711703
999	0.000000	75000	-0.000035	-77.711738
Log marginal likelihood:	-77.711738
