Steppingstone sampler:
        No Stones:                  1000
        Start It:                   10000001
        It Per Stone:               100000
        Sample Freq:                1
        Dist:                       Beta(0.400000,1.000000)
Stone No	Power	N	Stone MLh	Running MLh
0	0.997502	75000	-0.184176	-0.184176
1	0.995007	75000	-0.183895	-0.368071
2	0.992517	75000	-0.183576	-0.551647
3	0.990030	75000	-0.183391	-0.735037
4	0.987547	75000	-0.183057	-0.918094
5	0.985067	75000	-0.182745	-1.100839
6	0.982592	75000	-0.182551	-1.283389
7	0.980120	75000	-0.182259	-1.465648
8	0.977652	75000	-0.181958	-1.647606
9	0.975187	75000	-0.181713	-1.829319
10	0.972726	75000	-0.181429	-2.010747
11	0.970269	75000	-0.181178	-2.191926
12	0.967816	75000	-0.180960	-2.372886
13	0.965367	75000	-0.180669	-2.553556
14	0.962921	75000	-0.180318	-2.733873
15	0.960479	75000	-0.180187	-2.914061
16	0.958040	75000	-0.179798	-3.093858
17	0.955606	75000	-0.179527	-3.273385
18	0.953175	75000	-0.179317	-3.452702
19	0.950747	75000	-0.179030	-3.631733
20	0.948324	75000	-0.178751	-3.810484
21	0.945904	75000	-0.178534	-3.989018
22	0.943488	75000	-0.178172	-4.167190
23	0.941076	75000	-0.177894	-4.345085
24	0.938667	75000	-0.177693	-4.522778
25	0.936262	75000	-0.177396	-4.700173
26	0.933861	75000	-0.177112	-4.877285
27	0.931463	75000	-0.176899	-5.054184
28	0.929069	75000	-0.176601	-5.230786
29	0.926679	75000	-0.176345	-5.407130
30	0.924293	75000	-0.176148	-5.583279
31	0.921910	75000	-0.175843	-5.759121
32	0.919531	75000	-0.175569	-5.934690
33	0.917155	75000	-0.175288	-6.109978
34	0.914783	75000	-0.174981	-6.284959
35	0.912415	75000	-0.174783	-6.459742
36	0.910051	75000	-0.174508	-6.634250
37	0.907690	75000	-0.174274	-6.808524
38	0.905333	75000	-0.173996	-6.982520
39	0.902980	75000	-0.173729	-7.156248
40	0.900630	75000	-0.173403	-7.329651
41	0.898284	75000	-0.173184	-7.502835
42	0.895942	75000	-0.172958	-7.675793
43	0.893603	75000	-0.172717	-7.848510
44	0.891268	75000	-0.172441	-8.020951
45	0.888937	75000	-0.172073	-8.193023
46	0.886609	75000	-0.171885	-8.364908
47	0.884285	75000	-0.171626	-8.536534
48	0.881965	75000	-0.171228	-8.707762
49	0.879648	75000	-0.171059	-8.878821
50	0.877335	75000	-0.170801	-9.049622
51	0.875026	75000	-0.170512	-9.220133
52	0.872720	75000	-0.170289	-9.390422
53	0.870418	75000	-0.170046	-9.560468
54	0.868120	75000	-0.169767	-9.730235
55	0.865825	75000	-0.169447	-9.899682
56	0.863534	75000	-0.169248	-10.068930
57	0.861246	75000	-0.169028	-10.237958
58	0.858962	75000	-0.168784	-10.406741
59	0.856682	75000	-0.168460	-10.575202
60	0.854405	75000	-0.168176	-10.743377
61	0.852132	75000	-0.167917	-10.911294
62	0.849863	75000	-0.167629	-11.078922
63	0.847597	75000	-0.167398	-11.246321
64	0.845335	75000	-0.167148	-11.413468
65	0.843077	75000	-0.166839	-11.580307
66	0.840822	75000	-0.166689	-11.746996
67	0.838571	75000	-0.166367	-11.913363
68	0.836323	75000	-0.166107	-12.079470
69	0.834079	75000	-0.165831	-12.245301
70	0.831839	75000	-0.165598	-12.410900
71	0.829602	75000	-0.165299	-12.576199
72	0.827369	75000	-0.165093	-12.741292
73	0.825140	75000	-0.164859	-12.906151
74	0.822914	75000	-0.164563	-13.070714
75	0.820691	75000	-0.164271	-13.234985
76	0.818473	75000	-0.164018	-13.399003
77	0.816258	75000	-0.163779	-13.562783
78	0.814046	75000	-0.163505	-13.726287
79	0.811838	75000	-0.163159	-13.889446
80	0.809634	75000	-0.162939	-14.052385
81	0.807433	75000	-0.162778	-14.215163
82	0.805236	75000	-0.162457	-14.377620
83	0.803043	75000	-0.162190	-14.539810
84	0.800853	75000	-0.161961	-14.701771
85	0.798667	75000	-0.161716	-14.863487
86	0.796484	75000	-0.161456	-15.024942
87	0.794305	75000	-0.161241	-15.186183
88	0.792129	75000	-0.160936	-15.347120
89	0.789957	75000	-0.160623	-15.507743
90	0.787789	75000	-0.160460	-15.668203
91	0.785624	75000	-0.160145	-15.828348
92	0.783463	75000	-0.159888	-15.988236
93	0.781305	75000	-0.159655	-16.147891
94	0.779151	75000	-0.159351	-16.307241
95	0.777000	75000	-0.159197	-16.466439
96	0.774853	75000	-0.158872	-16.625310
97	0.772710	75000	-0.158646	-16.783956
98	0.770570	75000	-0.158357	-16.942313
99	0.768433	75000	-0.158174	-17.100487
100	0.766301	75000	-0.157838	-17.258324
101	0.764172	75000	-0.157626	-17.415950
102	0.762046	75000	-0.157384	-17.573335
103	0.759924	75000	-0.157098	-17.730432
104	0.757805	75000	-0.156867	-17.887299
105	0.755690	75000	-0.156624	-18.043923
106	0.753579	75000	-0.156353	-18.200276
107	0.751471	75000	-0.156060	-18.356336
108	0.749366	75000	-0.155795	-18.512131
109	0.747266	75000	-0.155589	-18.667719
110	0.745168	75000	-0.155268	-18.822987
111	0.743075	75000	-0.155029	-18.978016
112	0.740984	75000	-0.154770	-19.132786
113	0.738898	75000	-0.154511	-19.287297
114	0.736815	75000	-0.154326	-19.441623
115	0.734735	75000	-0.154057	-19.595679
116	0.732659	75000	-0.153784	-19.749463
117	0.730586	75000	-0.153546	-19.903009
118	0.728517	75000	-0.153260	-20.056269
119	0.726452	75000	-0.153023	-20.209292
120	0.724390	75000	-0.152763	-20.362055
121	0.722331	75000	-0.152514	-20.514569
122	0.720276	75000	-0.152237	-20.666806
123	0.718225	75000	-0.152065	-20.818871
124	0.716177	75000	-0.151808	-20.970679
125	0.714132	75000	-0.151540	-21.122219
126	0.712091	75000	-0.151239	-21.273458
127	0.710054	75000	-0.151057	-21.424515
128	0.708020	75000	-0.150855	-21.575370
129	0.705989	75000	-0.150496	-21.725866
130	0.703962	75000	-0.150293	-21.876159
131	0.701939	75000	-0.149990	-22.026149
132	0.699919	75000	-0.149813	-22.175963
133	0.697902	75000	-0.149551	-22.325513
134	0.695889	75000	-0.149288	-22.474801
135	0.693880	75000	-0.149075	-22.623876
136	0.691874	75000	-0.148760	-22.772636
137	0.689871	75000	-0.148560	-22.921196
138	0.687872	75000	-0.148319	-23.069515
139	0.685877	75000	-0.147995	-23.217510
140	0.683885	75000	-0.147769	-23.365280
141	0.681896	75000	-0.147468	-23.512747
142	0.679911	75000	-0.147302	-23.660049
143	0.677929	75000	-0.147048	-23.807097
144	0.675951	75000	-0.146846	-23.953943
145	0.673976	75000	-0.146428	-24.100372
146	0.672005	75000	-0.146285	-24.246657
147	0.670037	75000	-0.146019	-24.392676
148	0.668073	75000	-0.145752	-24.538428
149	0.666112	75000	-0.145635	-24.684063
150	0.664155	75000	-0.145223	-24.829286
151	0.662201	75000	-0.145056	-24.974342
152	0.660250	75000	-0.144828	-25.119170
153	0.658303	75000	-0.144526	-25.263696
154	0.656359	75000	-0.144242	-25.407938
155	0.654419	75000	-0.144054	-25.551992
156	0.652483	75000	-0.143767	-25.695759
157	0.650549	75000	-0.143508	-25.839267
158	0.648619	75000	-0.143287	-25.982554
159	0.646693	75000	-0.143075	-26.125629
160	0.644770	75000	-0.142813	-26.268442
161	0.642851	75000	-0.142606	-26.411048
162	0.640934	75000	-0.142391	-26.553439
163	0.639022	75000	-0.142128	-26.695567
164	0.637113	75000	-0.141821	-26.837388
165	0.635207	75000	-0.141597	-26.978985
166	0.633304	75000	-0.141360	-27.120345
167	0.631405	75000	-0.141112	-27.261457
168	0.629510	75000	-0.140843	-27.402300
169	0.627618	75000	-0.140570	-27.542870
170	0.625729	75000	-0.140344	-27.683214
171	0.623844	75000	-0.140089	-27.823303
172	0.621962	75000	-0.139818	-27.963121
173	0.620083	75000	-0.139603	-28.102724
174	0.618208	75000	-0.139280	-28.242003
175	0.616337	75000	-0.139157	-28.381161
176	0.614468	75000	-0.138894	-28.520054
177	0.612604	75000	-0.138652	-28.658706
178	0.610742	75000	-0.138394	-28.797100
179	0.608884	75000	-0.138145	-28.935245
180	0.607029	75000	-0.137833	-29.073079
181	0.605178	75000	-0.137675	-29.210754
182	0.603330	75000	-0.137484	-29.348238
183	0.601486	75000	-0.137134	-29.485371
184	0.599645	75000	-0.136916	-29.622287
185	0.597807	75000	-0.136652	-29.758939
186	0.595973	75000	-0.136422	-29.895361
187	0.594142	75000	-0.136269	-30.031630
188	0.592314	75000	-0.136002	-30.167632
189	0.590490	75000	-0.135814	-30.303446
190	0.588669	75000	-0.135471	-30.438917
191	0.586852	75000	-0.135214	-30.574132
192	0.585038	75000	-0.135002	-30.709134
193	0.583227	75000	-0.134731	-30.843864
194	0.581420	75000	-0.134529	-30.978393
195	0.579616	75000	-0.134338	-31.112731
196	0.577815	75000	-0.134052	-31.246783
197	0.576018	75000	-0.133800	-31.380583
198	0.574224	75000	-0.133517	-31.514100
199	0.572433	75000	-0.133320	-31.647420
200	0.570646	75000	-0.133165	-31.780585
201	0.568862	75000	-0.132819	-31.913404
202	0.567082	75000	-0.132578	-32.045982
203	0.565305	75000	-0.132391	-32.178373
204	0.563531	75000	-0.132189	-32.310562
205	0.561761	75000	-0.131926	-32.442489
206	0.559993	75000	-0.131650	-32.574139
207	0.558230	75000	-0.131356	-32.705495
208	0.556469	75000	-0.131076	-32.836571
209	0.554712	75000	-0.131014	-32.967586
210	0.552958	75000	-0.130727	-33.098313
211	0.551208	75000	-0.130480	-33.228793
212	0.549461	75000	-0.130200	-33.358993
213	0.547717	75000	-0.130005	-33.488998
214	0.545977	75000	-0.129706	-33.618704
215	0.544240	75000	-0.129509	-33.748213
216	0.542506	75000	-0.129266	-33.877480
217	0.540775	75000	-0.129090	-34.006570
218	0.539048	75000	-0.128777	-34.135347
219	0.537324	75000	-0.128576	-34.263923
220	0.535604	75000	-0.128349	-34.392271
221	0.533887	75000	-0.128099	-34.520370
222	0.532173	75000	-0.127885	-34.648255
223	0.530462	75000	-0.127696	-34.775951
224	0.528755	75000	-0.127410	-34.903361
225	0.527051	75000	-0.127182	-35.030543
226	0.525350	75000	-0.126933	-35.157477
227	0.523653	75000	-0.126738	-35.284215
228	0.521958	75000	-0.126390	-35.410605
229	0.520268	75000	-0.126219	-35.536824
230	0.518580	75000	-0.125970	-35.662794
231	0.516896	75000	-0.125799	-35.788593
232	0.515215	75000	-0.125475	-35.914068
233	0.513537	75000	-0.125265	-36.039333
234	0.511863	75000	-0.125064	-36.164398
235	0.510192	75000	-0.124843	-36.289241
236	0.508524	75000	-0.124536	-36.413777
237	0.506859	75000	-0.124314	-36.538091
238	0.505198	75000	-0.124129	-36.662219
239	0.503540	75000	-0.123851	-36.786070
240	0.501885	75000	-0.123665	-36.909735
241	0.500234	75000	-0.123466	-37.033201
242	0.498586	75000	-0.123133	-37.156334
243	0.496941	75000	-0.122967	-37.279301
244	0.495299	75000	-0.122685	-37.401986
245	0.493660	75000	-0.122470	-37.524456
246	0.492025	75000	-0.122273	-37.646729
247	0.490393	75000	-0.121998	-37.768727
248	0.488765	75000	-0.121739	-37.890466
249	0.487139	75000	-0.121535	-38.012000
250	0.485517	75000	-0.121372	-38.133373
251	0.483898	75000	-0.121101	-38.254473
252	0.482283	75000	-0.120839	-38.375312
253	0.480670	75000	-0.120581	-38.495893
254	0.479061	75000	-0.120355	-38.616247
255	0.477455	75000	-0.120108	-38.736356
256	0.475852	75000	-0.119894	-38.856250
257	0.474253	75000	-0.119693	-38.975942
258	0.472656	75000	-0.119469	-39.095411
259	0.471063	75000	-0.119180	-39.214591
260	0.469474	75000	-0.119004	-39.333595
261	0.467887	75000	-0.118824	-39.452419
262	0.466304	75000	-0.118552	-39.570971
263	0.464723	75000	-0.118364	-39.689335
264	0.463146	75000	-0.118033	-39.807368
265	0.461573	75000	-0.117780	-39.925148
266	0.460002	75000	-0.117635	-40.042783
267	0.458435	75000	-0.117350	-40.160133
268	0.456871	75000	-0.117198	-40.277331
269	0.455310	75000	-0.116929	-40.394260
270	0.453752	75000	-0.116658	-40.510918
271	0.452198	75000	-0.116393	-40.627311
272	0.450647	75000	-0.116182	-40.743493
273	0.449098	75000	-0.116101	-40.859594
274	0.447554	75000	-0.115835	-40.975429
275	0.446012	75000	-0.115544	-41.090973
276	0.444473	75000	-0.115309	-41.206281
277	0.442938	75000	-0.115151	-41.321432
278	0.441406	75000	-0.114944	-41.436376
279	0.439877	75000	-0.114762	-41.551138
280	0.438351	75000	-0.114474	-41.665612
281	0.436829	75000	-0.114140	-41.779752
282	0.435309	75000	-0.114001	-41.893752
283	0.433793	75000	-0.113732	-42.007484
284	0.432280	75000	-0.113496	-42.120980
285	0.430770	75000	-0.113358	-42.234338
286	0.429263	75000	-0.113090	-42.347428
287	0.427760	75000	-0.112774	-42.460202
288	0.426259	75000	-0.112685	-42.572887
289	0.424762	75000	-0.112412	-42.685299
290	0.423268	75000	-0.112212	-42.797511
291	0.421777	75000	-0.111956	-42.909467
292	0.420289	75000	-0.111731	-43.021198
293	0.418805	75000	-0.111537	-43.132735
294	0.417323	75000	-0.111208	-43.243943
295	0.415845	75000	-0.111089	-43.355032
296	0.414370	75000	-0.110914	-43.465947
297	0.412898	75000	-0.110691	-43.576637
298	0.411429	75000	-0.110286	-43.686924
299	0.409963	75000	-0.110130	-43.797054
300	0.408501	75000	-0.109968	-43.907022
301	0.407041	75000	-0.109663	-44.016685
302	0.405585	75000	-0.109480	-44.126166
303	0.404132	75000	-0.109371	-44.235536
304	0.402682	75000	-0.109049	-44.344585
305	0.401235	75000	-0.108784	-44.453369
306	0.399791	75000	-0.108573	-44.561943
307	0.398350	75000	-0.108417	-44.670359
308	0.396913	75000	-0.108180	-44.778540
309	0.395478	75000	-0.107905	-44.886444
310	0.394047	75000	-0.107719	-44.994164
311	0.392619	75000	-0.107535	-45.101698
312	0.391194	75000	-0.107287	-45.208985
313	0.389772	75000	-0.107115	-45.316100
314	0.388353	75000	-0.106838	-45.422938
315	0.386937	75000	-0.106594	-45.529533
316	0.385524	75000	-0.106444	-45.635976
317	0.384115	75000	-0.106242	-45.742218
318	0.382708	75000	-0.105935	-45.848153
319	0.381305	75000	-0.105742	-45.953895
320	0.379904	75000	-0.105600	-46.059495
321	0.378507	75000	-0.105300	-46.164795
322	0.377113	75000	-0.105151	-46.269946
323	0.375722	75000	-0.104872	-46.374818
324	0.374334	75000	-0.104654	-46.479472
325	0.372949	75000	-0.104368	-46.583839
326	0.371567	75000	-0.104146	-46.687986
327	0.370189	75000	-0.104089	-46.792074
328	0.368813	75000	-0.103793	-46.895868
329	0.367440	75000	-0.103628	-46.999496
330	0.366071	75000	-0.103336	-47.102831
331	0.364705	75000	-0.103084	-47.205915
332	0.363341	75000	-0.102897	-47.308812
333	0.361981	75000	-0.102758	-47.411571
334	0.360624	75000	-0.102392	-47.513963
335	0.359269	75000	-0.102264	-47.616227
336	0.357918	75000	-0.102187	-47.718413
337	0.356570	75000	-0.101819	-47.820232
338	0.355225	75000	-0.101595	-47.921826
339	0.353883	75000	-0.101373	-48.023200
340	0.352544	75000	-0.101168	-48.124368
341	0.351208	75000	-0.100953	-48.225321
342	0.349875	75000	-0.100776	-48.326097
343	0.348546	75000	-0.100607	-48.426704
344	0.347219	75000	-0.100322	-48.527026
345	0.345895	75000	-0.100191	-48.627217
346	0.344574	75000	-0.099860	-48.727078
347	0.343257	75000	-0.099730	-48.826808
348	0.341942	75000	-0.099428	-48.926236
349	0.340630	75000	-0.099286	-49.025522
350	0.339322	75000	-0.099025	-49.124546
351	0.338016	75000	-0.098958	-49.223504
352	0.336714	75000	-0.098573	-49.322077
353	0.335414	75000	-0.098404	-49.420481
354	0.334118	75000	-0.098227	-49.518708
355	0.332824	75000	-0.098005	-49.616713
356	0.331534	75000	-0.097811	-49.714524
357	0.330246	75000	-0.097600	-49.812124
358	0.328962	75000	-0.097429	-49.909553
359	0.327680	75000	-0.097162	-50.006715
360	0.326401	75000	-0.096912	-50.103626
361	0.325126	75000	-0.096782	-50.200408
362	0.323853	75000	-0.096611	-50.297020
363	0.322584	75000	-0.096329	-50.393348
364	0.321317	75000	-0.096150	-50.489499
365	0.320054	75000	-0.095851	-50.585350
366	0.318793	75000	-0.095578	-50.680928
367	0.317536	75000	-0.095461	-50.776389
368	0.316281	75000	-0.095225	-50.871614
369	0.315030	75000	-0.095202	-50.966816
370	0.313781	75000	-0.094765	-51.061582
371	0.312535	75000	-0.094550	-51.156132
372	0.311293	75000	-0.094423	-51.250555
373	0.310053	75000	-0.094230	-51.344785
374	0.308816	75000	-0.094104	-51.438889
375	0.307582	75000	-0.093805	-51.532694
376	0.306352	75000	-0.093586	-51.626280
377	0.305124	75000	-0.093322	-51.719602
378	0.303899	75000	-0.093076	-51.812678
379	0.302677	75000	-0.092995	-51.905673
380	0.301458	75000	-0.092752	-51.998424
381	0.300242	75000	-0.092429	-52.090853
382	0.299029	75000	-0.092336	-52.183188
383	0.297819	75000	-0.092118	-52.275306
384	0.296611	75000	-0.091835	-52.367141
385	0.295407	75000	-0.091656	-52.458797
386	0.294206	75000	-0.091518	-52.550315
387	0.293007	75000	-0.091212	-52.641527
388	0.291812	75000	-0.091156	-52.732683
389	0.290619	75000	-0.090995	-52.823679
390	0.289430	75000	-0.090652	-52.914331
391	0.288243	75000	-0.090492	-53.004823
392	0.287059	75000	-0.090289	-53.095112
393	0.285879	75000	-0.090052	-53.185164
394	0.284701	75000	-0.089906	-53.275070
395	0.283526	75000	-0.089611	-53.364681
396	0.282354	75000	-0.089465	-53.454146
397	0.281184	75000	-0.089212	-53.543357
398	0.280018	75000	-0.089005	-53.632362
399	0.278855	75000	-0.088860	-53.721223
400	0.277694	75000	-0.088691	-53.809914
401	0.276537	75000	-0.088407	-53.898321
402	0.275382	75000	-0.088186	-53.986507
403	0.274230	75000	-0.088048	-54.074556
404	0.273082	75000	-0.087769	-54.162325
405	0.271936	75000	-0.087598	-54.249923
406	0.270793	75000	-0.087334	-54.337257
407	0.269652	75000	-0.087136	-54.424393
408	0.268515	75000	-0.086997	-54.511390
409	0.267381	75000	-0.086905	-54.598295
410	0.266249	75000	-0.086598	-54.684893
411	0.265121	75000	-0.086318	-54.771211
412	0.263995	75000	-0.086231	-54.857442
413	0.262872	75000	-0.086106	-54.943547
414	0.261752	75000	-0.085716	-55.029263
415	0.260635	75000	-0.085606	-55.114869
416	0.259520	75000	-0.085443	-55.200312
417	0.258409	75000	-0.085258	-55.285571
418	0.257300	75000	-0.084981	-55.370552
419	0.256195	75000	-0.084810	-55.455362
420	0.255092	75000	-0.084631	-55.539993
421	0.253992	75000	-0.084307	-55.624300
422	0.252895	75000	-0.084162	-55.708462
423	0.251800	75000	-0.083946	-55.792408
424	0.250709	75000	-0.083768	-55.876176
425	0.249620	75000	-0.083626	-55.959802
426	0.248534	75000	-0.083480	-56.043282
427	0.247451	75000	-0.083309	-56.126591
428	0.246371	75000	-0.082929	-56.209521
429	0.245294	75000	-0.082804	-56.292325
430	0.244220	75000	-0.082601	-56.374925
431	0.243148	75000	-0.082390	-56.457315
432	0.242079	75000	-0.082158	-56.539474
433	0.241013	75000	-0.082040	-56.621514
434	0.239950	75000	-0.081898	-56.703412
435	0.238890	75000	-0.081661	-56.785072
436	0.237832	75000	-0.081458	-56.866530
437	0.236778	75000	-0.081349	-56.947879
438	0.235726	75000	-0.081028	-57.028907
439	0.234677	75000	-0.080812	-57.109719
440	0.233630	75000	-0.080620	-57.190339
441	0.232587	75000	-0.080443	-57.270783
442	0.231546	75000	-0.080357	-57.351140
443	0.230509	75000	-0.080050	-57.431190
444	0.229473	75000	-0.079897	-57.511087
445	0.228441	75000	-0.079659	-57.590746
446	0.227412	75000	-0.079532	-57.670278
447	0.226385	75000	-0.079284	-57.749562
448	0.225361	75000	-0.079099	-57.828661
449	0.224340	75000	-0.079033	-57.907693
450	0.223322	75000	-0.078663	-57.986356
451	0.222306	75000	-0.078505	-58.064861
452	0.221293	75000	-0.078313	-58.143174
453	0.220283	75000	-0.078081	-58.221255
454	0.219276	75000	-0.077871	-58.299126
455	0.218272	75000	-0.077780	-58.376905
456	0.217270	75000	-0.077589	-58.454494
457	0.216271	75000	-0.077226	-58.531720
458	0.215275	75000	-0.077213	-58.608932
459	0.214281	75000	-0.077079	-58.686012
460	0.213291	75000	-0.076768	-58.762780
461	0.212303	75000	-0.076588	-58.839368
462	0.211318	75000	-0.076353	-58.915721
463	0.210335	75000	-0.076211	-58.991932
464	0.209356	75000	-0.075984	-59.067916
465	0.208379	75000	-0.075822	-59.143738
466	0.207404	75000	-0.075650	-59.219388
467	0.206433	75000	-0.075534	-59.294922
468	0.205464	75000	-0.075367	-59.370289
469	0.204498	75000	-0.075058	-59.445347
470	0.203535	75000	-0.074945	-59.520292
471	0.202575	75000	-0.074777	-59.595069
472	0.201617	75000	-0.074543	-59.669612
473	0.200662	75000	-0.074201	-59.743813
474	0.199709	75000	-0.074127	-59.817940
475	0.198760	75000	-0.073922	-59.891863
476	0.197813	75000	-0.073762	-59.965625
477	0.196869	75000	-0.073619	-60.039244
478	0.195927	75000	-0.073384	-60.112628
479	0.194988	75000	-0.073123	-60.185751
480	0.194052	75000	-0.073049	-60.258801
481	0.193119	75000	-0.072878	-60.331678
482	0.192188	75000	-0.072663	-60.404341
483	0.191260	75000	-0.072490	-60.476832
484	0.190335	75000	-0.072285	-60.549117
485	0.189412	75000	-0.072178	-60.621294
486	0.188492	75000	-0.071901	-60.693195
487	0.187575	75000	-0.071627	-60.764822
488	0.186660	75000	-0.071479	-60.836302
489	0.185749	75000	-0.071497	-60.907799
490	0.184839	75000	-0.071270	-60.979068
491	0.183933	75000	-0.071015	-61.050083
492	0.183029	75000	-0.070816	-61.120898
493	0.182128	75000	-0.070609	-61.191508
494	0.181229	75000	-0.070496	-61.262004
495	0.180333	75000	-0.070241	-61.332245
496	0.179440	75000	-0.070123	-61.402368
497	0.178550	75000	-0.069901	-61.472268
498	0.177662	75000	-0.069667	-61.541935
499	0.176777	75000	-0.069562	-61.611497
500	0.175894	75000	-0.069244	-61.680741
501	0.175014	75000	-0.069186	-61.749927
502	0.174137	75000	-0.068952	-61.818879
503	0.173262	75000	-0.068812	-61.887691
504	0.172390	75000	-0.068616	-61.956307
505	0.171521	75000	-0.068578	-62.024885
506	0.170654	75000	-0.068187	-62.093071
507	0.169790	75000	-0.068044	-62.161115
508	0.168929	75000	-0.067938	-62.229053
509	0.168070	75000	-0.067751	-62.296805
510	0.167214	75000	-0.067545	-62.364350
511	0.166360	75000	-0.067315	-62.431665
512	0.165509	75000	-0.067241	-62.498906
513	0.164661	75000	-0.067116	-62.566022
514	0.163815	75000	-0.066756	-62.632778
515	0.162972	75000	-0.066736	-62.699515
516	0.162132	75000	-0.066528	-62.766042
517	0.161294	75000	-0.066294	-62.832337
518	0.160458	75000	-0.066212	-62.898549
519	0.159626	75000	-0.065920	-62.964469
520	0.158796	75000	-0.065826	-63.030295
521	0.157968	75000	-0.065562	-63.095857
522	0.157143	75000	-0.065452	-63.161308
523	0.156321	75000	-0.065298	-63.226606
524	0.155501	75000	-0.064960	-63.291566
525	0.154684	75000	-0.064956	-63.356522
526	0.153870	75000	-0.064768	-63.421290
527	0.153058	75000	-0.064475	-63.485764
528	0.152248	75000	-0.064316	-63.550081
529	0.151441	75000	-0.064129	-63.614210
530	0.150637	75000	-0.064040	-63.678249
531	0.149835	75000	-0.063871	-63.742120
532	0.149036	75000	-0.063760	-63.805880
533	0.148240	75000	-0.063585	-63.869465
534	0.147446	75000	-0.063430	-63.932895
535	0.146654	75000	-0.063112	-63.996006
536	0.145865	75000	-0.062976	-64.058983
537	0.145079	75000	-0.062861	-64.121843
538	0.144295	75000	-0.062758	-64.184601
539	0.143514	75000	-0.062487	-64.247088
540	0.142735	75000	-0.062303	-64.309391
541	0.141959	75000	-0.062189	-64.371580
542	0.141186	75000	-0.061979	-64.433559
543	0.140415	75000	-0.061805	-64.495363
544	0.139646	75000	-0.061666	-64.557030
545	0.138880	75000	-0.061490	-64.618519
546	0.138116	75000	-0.061182	-64.679702
547	0.137356	75000	-0.061182	-64.740884
548	0.136597	75000	-0.060932	-64.801815
549	0.135841	75000	-0.060769	-64.862584
550	0.135088	75000	-0.060692	-64.923276
551	0.134337	75000	-0.060383	-64.983659
552	0.133588	75000	-0.060264	-65.043923
553	0.132843	75000	-0.060046	-65.103970
554	0.132099	75000	-0.059917	-65.163886
555	0.131358	75000	-0.059641	-65.223527
556	0.130620	75000	-0.059619	-65.283146
557	0.129884	75000	-0.059516	-65.342662
558	0.129151	75000	-0.059166	-65.401828
559	0.128420	75000	-0.059118	-65.460945
560	0.127691	75000	-0.058897	-65.519842
561	0.126965	75000	-0.058936	-65.578778
562	0.126242	75000	-0.058581	-65.637359
563	0.125521	75000	-0.058458	-65.695818
564	0.124802	75000	-0.058251	-65.754069
565	0.124086	75000	-0.058125	-65.812193
566	0.123373	75000	-0.057811	-65.870005
567	0.122662	75000	-0.057774	-65.927779
568	0.121953	75000	-0.057585	-65.985364
569	0.121247	75000	-0.057494	-66.042858
570	0.120543	75000	-0.057185	-66.100043
571	0.119842	75000	-0.057026	-66.157069
572	0.119143	75000	-0.056890	-66.213959
573	0.118447	75000	-0.056815	-66.270774
574	0.117753	75000	-0.056690	-66.327465
575	0.117062	75000	-0.056551	-66.384016
576	0.116373	75000	-0.056304	-66.440319
577	0.115686	75000	-0.055957	-66.496276
578	0.115002	75000	-0.056024	-66.552301
579	0.114320	75000	-0.055725	-66.608025
580	0.113641	75000	-0.055742	-66.663767
581	0.112964	75000	-0.055400	-66.719166
582	0.112290	75000	-0.055322	-66.774488
583	0.111618	75000	-0.055202	-66.829690
584	0.110948	75000	-0.055036	-66.884726
585	0.110281	75000	-0.055007	-66.939734
586	0.109616	75000	-0.054771	-66.994505
587	0.108954	75000	-0.054511	-67.049016
588	0.108294	75000	-0.054519	-67.103535
589	0.107637	75000	-0.054273	-67.157808
590	0.106981	75000	-0.054179	-67.211987
591	0.106329	75000	-0.053972	-67.265959
592	0.105678	75000	-0.053800	-67.319759
593	0.105030	75000	-0.053692	-67.373451
594	0.104385	75000	-0.053411	-67.426863
595	0.103742	75000	-0.053372	-67.480235
596	0.103101	75000	-0.052985	-67.533220
597	0.102463	75000	-0.053056	-67.586277
598	0.101827	75000	-0.053053	-67.639329
599	0.101193	75000	-0.052745	-67.692074
600	0.100562	75000	-0.052588	-67.744662
601	0.099933	75000	-0.052298	-67.796960
602	0.099306	75000	-0.052159	-67.849119
603	0.098682	75000	-0.052033	-67.901152
604	0.098060	75000	-0.051958	-67.953110
605	0.097441	75000	-0.051815	-68.004925
606	0.096824	75000	-0.051698	-68.056623
607	0.096209	75000	-0.051531	-68.108155
608	0.095596	75000	-0.051188	-68.159343
609	0.094986	75000	-0.051204	-68.210547
610	0.094379	75000	-0.051169	-68.261717
611	0.093773	75000	-0.050802	-68.312519
612	0.093170	75000	-0.050850	-68.363369
613	0.092570	75000	-0.050566	-68.413936
614	0.091971	75000	-0.050557	-68.464493
615	0.091375	75000	-0.050230	-68.514722
616	0.090781	75000	-0.050178	-68.564900
617	0.090190	75000	-0.049993	-68.614893
618	0.089601	75000	-0.049959	-68.664852
619	0.089014	75000	-0.049685	-68.714537
620	0.088430	75000	-0.049454	-68.763991
621	0.087848	75000	-0.049405	-68.813396
622	0.087268	75000	-0.049434	-68.862830
623	0.086690	75000	-0.049222	-68.912052
624	0.086115	75000	-0.048955	-68.961008
625	0.085542	75000	-0.048791	-69.009799
626	0.084971	75000	-0.048681	-69.058480
627	0.084403	75000	-0.048703	-69.107183
628	0.083837	75000	-0.048365	-69.155548
629	0.083273	75000	-0.048322	-69.203870
630	0.082712	75000	-0.048173	-69.252043
631	0.082152	75000	-0.047938	-69.299981
632	0.081595	75000	-0.047921	-69.347902
633	0.081041	75000	-0.047853	-69.395754
634	0.080488	75000	-0.047411	-69.443165
635	0.079938	75000	-0.047451	-69.490616
636	0.079390	75000	-0.047200	-69.537815
637	0.078845	75000	-0.047133	-69.584949
638	0.078301	75000	-0.046867	-69.631816
639	0.077760	75000	-0.046829	-69.678645
640	0.077221	75000	-0.046817	-69.725462
641	0.076684	75000	-0.046555	-69.772018
642	0.076150	75000	-0.046369	-69.818386
643	0.075618	75000	-0.046207	-69.864593
644	0.075088	75000	-0.046267	-69.910859
645	0.074560	75000	-0.045797	-69.956656
646	0.074035	75000	-0.045834	-70.002490
647	0.073512	75000	-0.045797	-70.048287
648	0.072991	75000	-0.045780	-70.094068
649	0.072472	75000	-0.045367	-70.139434
650	0.071955	75000	-0.045233	-70.184668
651	0.071441	75000	-0.045281	-70.229948
652	0.070929	75000	-0.045095	-70.275043
653	0.070419	75000	-0.044816	-70.319860
654	0.069911	75000	-0.044870	-70.364730
655	0.069406	75000	-0.044730	-70.409460
656	0.068903	75000	-0.044544	-70.454004
657	0.068401	75000	-0.044653	-70.498656
658	0.067903	75000	-0.044189	-70.542846
659	0.067406	75000	-0.043917	-70.586762
660	0.066911	75000	-0.044040	-70.630802
661	0.066419	75000	-0.043909	-70.674712
662	0.065929	75000	-0.043845	-70.718557
663	0.065441	75000	-0.043768	-70.762325
664	0.064955	75000	-0.043454	-70.805779
665	0.064471	75000	-0.043264	-70.849043
666	0.063990	75000	-0.043494	-70.892536
667	0.063510	75000	-0.043177	-70.935713
668	0.063033	75000	-0.042937	-70.978650
669	0.062558	75000	-0.042881	-71.021531
670	0.062085	75000	-0.042839	-71.064370
671	0.061615	75000	-0.042839	-71.107208
672	0.061146	75000	-0.042468	-71.149676
673	0.060680	75000	-0.042442	-71.192118
674	0.060216	75000	-0.042211	-71.234329
675	0.059753	75000	-0.042240	-71.276569
676	0.059293	75000	-0.041997	-71.318566
677	0.058836	75000	-0.042198	-71.360764
678	0.058380	75000	-0.041987	-71.402751
679	0.057926	75000	-0.041634	-71.444385
680	0.057475	75000	-0.041510	-71.485896
681	0.057025	75000	-0.041364	-71.527260
682	0.056578	75000	-0.041256	-71.568515
683	0.056133	75000	-0.041323	-71.609838
684	0.055690	75000	-0.041139	-71.650978
685	0.055249	75000	-0.041007	-71.691985
686	0.054810	75000	-0.040993	-71.732978
687	0.054373	75000	-0.040654	-71.773632
688	0.053939	75000	-0.040681	-71.814313
689	0.053506	75000	-0.040538	-71.854851
690	0.053076	75000	-0.040368	-71.895219
691	0.052647	75000	-0.040345	-71.935564
692	0.052221	75000	-0.039989	-71.975553
693	0.051797	75000	-0.039996	-72.015549
694	0.051375	75000	-0.040028	-72.055577
695	0.050955	75000	-0.039861	-72.095438
696	0.050537	75000	-0.039803	-72.135241
697	0.050121	75000	-0.039613	-72.174855
698	0.049707	75000	-0.039643	-72.214498
699	0.049295	75000	-0.039131	-72.253629
700	0.048885	75000	-0.039329	-72.292958
701	0.048478	75000	-0.039251	-72.332209
702	0.048072	75000	-0.039071	-72.371279
703	0.047668	75000	-0.039016	-72.410295
704	0.047267	75000	-0.038833	-72.449129
705	0.046867	75000	-0.038584	-72.487713
706	0.046470	75000	-0.038622	-72.526334
707	0.046074	75000	-0.038416	-72.564751
708	0.045681	75000	-0.038566	-72.603317
709	0.045289	75000	-0.038279	-72.641596
710	0.044900	75000	-0.038004	-72.679600
711	0.044512	75000	-0.038243	-72.717843
712	0.044127	75000	-0.038139	-72.755982
713	0.043744	75000	-0.038072	-72.794054
714	0.043362	75000	-0.038132	-72.832186
715	0.042983	75000	-0.037887	-72.870074
716	0.042606	75000	-0.037551	-72.907625
717	0.042230	75000	-0.037667	-72.945292
718	0.041857	75000	-0.037823	-72.983115
719	0.041485	75000	-0.037519	-73.020635
720	0.041116	75000	-0.037301	-73.057936
721	0.040749	75000	-0.037188	-73.095124
722	0.040383	75000	-0.037118	-73.132241
723	0.040020	75000	-0.037113	-73.169354
724	0.039658	75000	-0.036988	-73.206343
725	0.039299	75000	-0.037123	-73.243466
726	0.038941	75000	-0.036925	-73.280391
727	0.038585	75000	-0.036894	-73.317285
728	0.038232	75000	-0.036643	-73.353929
729	0.037880	75000	-0.036583	-73.390511
730	0.037530	75000	-0.036415	-73.426926
731	0.037182	75000	-0.036205	-73.463131
732	0.036836	75000	-0.036247	-73.499378
733	0.036493	75000	-0.036109	-73.535487
734	0.036151	75000	-0.036137	-73.571623
735	0.035810	75000	-0.035998	-73.607622
736	0.035472	75000	-0.036102	-73.643723
737	0.035136	75000	-0.036174	-73.679898
738	0.034802	75000	-0.035744	-73.715642
739	0.034469	75000	-0.035460	-73.751102
740	0.034139	75000	-0.035562	-73.786664
741	0.033810	75000	-0.035541	-73.822205
742	0.033484	75000	-0.035227	-73.857432
743	0.033159	75000	-0.035463	-73.892895
744	0.032836	75000	-0.035323	-73.928218
745	0.032515	75000	-0.035532	-73.963750
746	0.032196	75000	-0.035424	-73.999174
747	0.031879	75000	-0.035283	-74.034456
748	0.031563	75000	-0.035183	-74.069639
749	0.031250	75000	-0.035288	-74.104927
750	0.030938	75000	-0.034885	-74.139812
751	0.030629	75000	-0.035032	-74.174845
752	0.030321	75000	-0.034805	-74.209650
753	0.030015	75000	-0.034800	-74.244450
754	0.029711	75000	-0.034979	-74.279429
755	0.029409	75000	-0.034935	-74.314363
756	0.029108	75000	-0.034757	-74.349120
757	0.028810	75000	-0.034682	-74.383802
758	0.028513	75000	-0.034549	-74.418351
759	0.028218	75000	-0.034626	-74.452976
760	0.027925	75000	-0.034761	-74.487737
761	0.027634	75000	-0.034519	-74.522256
762	0.027345	75000	-0.034553	-74.556809
763	0.027057	75000	-0.034324	-74.591133
764	0.026771	75000	-0.034616	-74.625749
765	0.026487	75000	-0.034654	-74.660402
766	0.026205	75000	-0.034561	-74.694963
767	0.025925	75000	-0.034225	-74.729188
768	0.025647	75000	-0.034220	-74.763408
769	0.025370	75000	-0.034119	-74.797527
770	0.025095	75000	-0.034084	-74.831610
771	0.024822	75000	-0.034125	-74.865735
772	0.024551	75000	-0.034185	-74.899921
773	0.024281	75000	-0.034238	-74.934159
774	0.024014	75000	-0.033795	-74.967953
775	0.023748	75000	-0.034401	-75.002355
776	0.023483	75000	-0.033923	-75.036278
777	0.023221	75000	-0.034058	-75.070336
778	0.022960	75000	-0.034374	-75.104709
779	0.022702	75000	-0.034067	-75.138776
780	0.022445	75000	-0.034339	-75.173116
781	0.022189	75000	-0.033712	-75.206828
782	0.021936	75000	-0.034073	-75.240900
783	0.021684	75000	-0.033947	-75.274848
784	0.021434	75000	-0.034100	-75.308948
785	0.021185	75000	-0.034547	-75.343495
786	0.020939	75000	-0.034237	-75.377732
787	0.020694	75000	-0.033552	-75.411284
788	0.020451	75000	-0.034548	-75.445832
789	0.020209	75000	-0.034316	-75.480148
790	0.019969	75000	-0.034195	-75.514343
791	0.019731	75000	-0.034115	-75.548458
792	0.019495	75000	-0.034741	-75.583198
793	0.019261	75000	-0.034446	-75.617644
794	0.019028	75000	-0.034303	-75.651947
795	0.018796	75000	-0.034128	-75.686075
796	0.018567	75000	-0.034514	-75.720589
797	0.018339	75000	-0.034560	-75.755149
798	0.018113	75000	-0.034531	-75.789680
799	0.017889	75000	-0.034764	-75.824444
800	0.017666	75000	-0.034572	-75.859017
801	0.017445	75000	-0.034854	-75.893871
802	0.017225	75000	-0.035212	-75.929082
803	0.017007	75000	-0.034760	-75.963842
804	0.016791	75000	-0.035252	-75.999094
805	0.016577	75000	-0.035061	-76.034155
806	0.016364	75000	-0.035922	-76.070077
807	0.016153	75000	-0.035954	-76.106031
808	0.015943	75000	-0.035710	-76.141741
809	0.015736	75000	-0.035929	-76.177670
810	0.015529	75000	-0.035867	-76.213538
811	0.015325	75000	-0.035836	-76.249373
812	0.015122	75000	-0.036182	-76.285555
813	0.014920	75000	-0.036564	-76.322119
814	0.014721	75000	-0.036559	-76.358678
815	0.014523	75000	-0.037187	-76.395865
816	0.014326	75000	-0.036576	-76.432441
817	0.014131	75000	-0.036400	-76.468842
818	0.013938	75000	-0.035975	-76.504816
819	0.013746	75000	-0.037167	-76.541983
820	0.013556	75000	-0.036750	-76.578733
821	0.013367	75000	-0.038378	-76.617111
822	0.013181	75000	-0.038124	-76.655235
823	0.012995	75000	-0.037869	-76.693105
824	0.012811	75000	-0.037514	-76.730618
825	0.012629	75000	-0.038441	-76.769059
826	0.012448	75000	-0.039258	-76.808317
827	0.012269	75000	-0.039404	-76.847722
828	0.012092	75000	-0.039332	-76.887054
829	0.011916	75000	-0.039559	-76.926613
830	0.011741	75000	-0.039969	-76.966582
831	0.011568	75000	-0.041051	-77.007633
832	0.011397	75000	-0.043326	-77.050959
833	0.011227	75000	-0.041562	-77.092522
834	0.011059	75000	-0.042129	-77.134651
835	0.010892	75000	-0.042580	-77.177230
836	0.010727	75000	-0.043149	-77.220380
837	0.010563	75000	-0.043226	-77.263606
838	0.010401	75000	-0.042926	-77.306532
839	0.010240	75000	-0.042963	-77.349495
840	0.010081	75000	-0.045563	-77.395058
841	0.009923	75000	-0.045843	-77.440901
842	0.009767	75000	-0.045850	-77.486751
843	0.009612	75000	-0.047517	-77.534268
844	0.009459	75000	-0.046299	-77.580567
845	0.009307	75000	-0.048301	-77.628868
846	0.009156	75000	-0.050214	-77.679082
847	0.009008	75000	-0.049077	-77.728159
848	0.008860	75000	-0.050241	-77.778401
849	0.008714	75000	-0.051753	-77.830154
850	0.008570	75000	-0.053354	-77.883508
851	0.008427	75000	-0.052999	-77.936507
852	0.008285	75000	-0.055990	-77.992497
853	0.008145	75000	-0.053321	-78.045818
854	0.008006	75000	-0.057458	-78.103276
855	0.007869	75000	-0.058130	-78.161406
856	0.007733	75000	-0.055490	-78.216896
857	0.007598	75000	-0.059033	-78.275929
858	0.007465	75000	-0.060869	-78.336798
859	0.007334	75000	-0.058449	-78.395247
860	0.007203	75000	-0.065028	-78.460276
861	0.007075	75000	-0.064290	-78.524565
862	0.006947	75000	-0.065517	-78.590082
863	0.006821	75000	-0.066143	-78.656225
864	0.006696	75000	-0.065706	-78.721931
865	0.006573	75000	-0.068864	-78.790795
866	0.006451	75000	-0.069740	-78.860536
867	0.006330	75000	-0.071805	-78.932341
868	0.006211	75000	-0.071118	-79.003459
869	0.006093	75000	-0.074844	-79.078303
870	0.005977	75000	-0.076896	-79.155199
871	0.005862	75000	-0.075117	-79.230315
872	0.005748	75000	-0.078778	-79.309094
873	0.005635	75000	-0.080454	-79.389548
874	0.005524	75000	-0.081687	-79.471235
875	0.005414	75000	-0.081972	-79.553206
876	0.005306	75000	-0.084402	-79.637609
877	0.005199	75000	-0.084466	-79.722075
878	0.005093	75000	-0.085503	-79.807578
879	0.004988	75000	-0.087688	-79.895266
880	0.004885	75000	-0.089154	-79.984420
881	0.004783	75000	-0.090871	-80.075291
882	0.004682	75000	-0.090484	-80.165774
883	0.004583	75000	-0.093326	-80.259101
884	0.004485	75000	-0.093031	-80.352132
885	0.004388	75000	-0.094435	-80.446566
886	0.004292	75000	-0.094593	-80.541160
887	0.004198	75000	-0.096119	-80.637279
888	0.004105	75000	-0.096439	-80.733718
889	0.004013	75000	-0.096889	-80.830606
890	0.003923	75000	-0.096823	-80.927429
891	0.003833	75000	-0.099522	-81.026951
892	0.003745	75000	-0.099893	-81.126844
893	0.003658	75000	-0.099672	-81.226516
894	0.003573	75000	-0.100410	-81.326926
895	0.003488	75000	-0.101918	-81.428845
896	0.003405	75000	-0.101130	-81.529975
897	0.003323	75000	-0.102539	-81.632514
898	0.003242	75000	-0.101892	-81.734406
899	0.003162	75000	-0.099838	-81.834244
900	0.003084	75000	-0.101316	-81.935560
901	0.003007	75000	-0.101065	-82.036625
902	0.002930	75000	-0.101389	-82.138014
903	0.002855	75000	-0.101239	-82.239253
904	0.002782	75000	-0.099449	-82.338702
905	0.002709	75000	-0.099595	-82.438297
906	0.002638	75000	-0.098610	-82.536907
907	0.002567	75000	-0.097718	-82.634625
908	0.002498	75000	-0.097105	-82.731730
909	0.002430	75000	-0.097283	-82.829012
910	0.002363	75000	-0.096309	-82.925322
911	0.002297	75000	-0.095520	-83.020841
912	0.002233	75000	-0.095513	-83.116354
913	0.002169	75000	-0.095065	-83.211419
914	0.002106	75000	-0.093126	-83.304545
915	0.002045	75000	-0.092902	-83.397447
916	0.001985	75000	-0.092370	-83.489817
917	0.001925	75000	-0.090436	-83.580254
918	0.001867	75000	-0.089822	-83.670076
919	0.001810	75000	-0.088805	-83.758880
920	0.001754	75000	-0.087639	-83.846519
921	0.001699	75000	-0.086032	-83.932552
922	0.001645	75000	-0.085207	-84.017758
923	0.001592	75000	-0.083411	-84.101170
924	0.001540	75000	-0.082811	-84.183981
925	0.001490	75000	-0.081839	-84.265820
926	0.001440	75000	-0.080819	-84.346640
927	0.001391	75000	-0.078974	-84.425614
928	0.001343	75000	-0.077462	-84.503075
929	0.001296	75000	-0.076518	-84.579593
930	0.001251	75000	-0.075476	-84.655069
931	0.001206	75000	-0.074054	-84.729123
932	0.001162	75000	-0.072479	-84.801602
933	0.001119	75000	-0.071287	-84.872889
934	0.001077	75000	-0.069771	-84.942660
935	0.001036	75000	-0.068901	-85.011561
936	0.000996	75000	-0.067780	-85.079341
937	0.000957	75000	-0.065956	-85.145296
938	0.000919	75000	-0.064476	-85.209772
939	0.000882	75000	-0.063489	-85.273262
940	0.000846	75000	-0.062124	-85.335386
941	0.000810	75000	-0.060348	-85.395734
942	0.000776	75000	-0.059202	-85.454936
943	0.000742	75000	-0.057768	-85.512703
944	0.000709	75000	-0.056404	-85.569107
945	0.000678	75000	-0.055171	-85.624278
946	0.000647	75000	-0.053604	-85.677882
947	0.000617	75000	-0.052364	-85.730246
948	0.000587	75000	-0.050855	-85.781101
949	0.000559	75000	-0.049669	-85.830770
950	0.000531	75000	-0.048232	-85.879002
951	0.000505	75000	-0.046997	-85.925999
952	0.000479	75000	-0.045601	-85.971601
953	0.000454	75000	-0.044243	-86.015843
954	0.000430	75000	-0.042756	-86.058599
955	0.000406	75000	-0.041237	-86.099837
956	0.000383	75000	-0.040087	-86.139923
957	0.000362	75000	-0.038739	-86.178663
958	0.000340	75000	-0.037527	-86.216190
959	0.000320	75000	-0.036122	-86.252312
960	0.000300	75000	-0.034886	-86.287197
961	0.000281	75000	-0.033622	-86.320820
962	0.000263	75000	-0.032240	-86.353059
963	0.000246	75000	-0.031022	-86.384082
964	0.000229	75000	-0.029949	-86.414031
965	0.000213	75000	-0.028684	-86.442715
966	0.000198	75000	-0.027560	-86.470275
967	0.000183	75000	-0.026310	-86.496585
968	0.000169	75000	-0.025062	-86.521647
969	0.000156	75000	-0.023905	-86.545552
970	0.000143	75000	-0.022806	-86.568358
971	0.000131	75000	-0.021647	-86.590005
972	0.000120	75000	-0.020469	-86.610474
973	0.000109	75000	-0.019407	-86.629881
974	0.000099	75000	-0.018292	-86.648173
975	0.000089	75000	-0.017270	-86.665443
976	0.000080	75000	-0.016288	-86.681731
977	0.000072	75000	-0.015253	-86.696983
978	0.000064	75000	-0.014224	-86.711208
979	0.000057	75000	-0.013218	-86.724426
980	0.000050	75000	-0.012268	-86.736693
981	0.000043	75000	-0.011381	-86.748074
982	0.000038	75000	-0.010487	-86.758561
983	0.000032	75000	-0.009595	-86.768156
984	0.000028	75000	-0.008731	-86.776886
985	0.000023	75000	-0.007921	-86.784808
986	0.000019	75000	-0.007110	-86.791918
987	0.000016	75000	-0.006318	-86.798236
988	0.000013	75000	-0.005565	-86.803802
989	0.000010	75000	-0.004852	-86.808654
990	0.000008	75000	-0.004205	-86.812860
991	0.000006	75000	-0.003548	-86.816407
992	0.000004	75000	-0.002940	-86.819347
993	0.000003	75000	-0.002376	-86.821723
994	0.000002	75000	-0.001851	-86.823575
995	0.000001	75000	-0.001368	-86.824943
996	0.000000	75000	-0.000938	-86.825881
997	0.000000	75000	-0.000572	-86.826452
998	0.000000	75000	-0.000267	-86.826719
999	0.000000	75000	-0.000057	-86.826777
Log marginal likelihood:	-86.826777
