Steppingstone sampler:
        No Stones:                  1000
        Start It:                   10000001
        It Per Stone:               100000
        Sample Freq:                1
        Dist:                       Beta(0.400000,1.000000)
Stone No	Power	N	Stone MLh	Running MLh
0	0.997502	75000	0.296021	0.296021
1	0.995007	75000	0.295563	0.591584
2	0.992517	75000	0.295088	0.886671
3	0.990030	75000	0.294587	1.181259
4	0.987547	75000	0.294216	1.475475
5	0.985067	75000	0.293799	1.769274
6	0.982592	75000	0.293285	2.062559
7	0.980120	75000	0.292872	2.355432
8	0.977652	75000	0.292433	2.647865
9	0.975187	75000	0.291916	2.939781
10	0.972726	75000	0.291469	3.231250
11	0.970269	75000	0.291075	3.522325
12	0.967816	75000	0.290576	3.812901
13	0.965367	75000	0.290117	4.103018
14	0.962921	75000	0.289743	4.392761
15	0.960479	75000	0.289283	4.682044
16	0.958040	75000	0.288783	4.970827
17	0.955606	75000	0.288340	5.259167
18	0.953175	75000	0.287915	5.547082
19	0.950747	75000	0.287449	5.834530
20	0.948324	75000	0.287004	6.121534
21	0.945904	75000	0.286632	6.408166
22	0.943488	75000	0.286183	6.694349
23	0.941076	75000	0.285673	6.980022
24	0.938667	75000	0.285291	7.265313
25	0.936262	75000	0.284791	7.550104
26	0.933861	75000	0.284334	7.834438
27	0.931463	75000	0.283873	8.118311
28	0.929069	75000	0.283451	8.401762
29	0.926679	75000	0.283040	8.684802
30	0.924293	75000	0.282555	8.967357
31	0.921910	75000	0.282093	9.249450
32	0.919531	75000	0.281695	9.531145
33	0.917155	75000	0.281258	9.812403
34	0.914783	75000	0.280831	10.093234
35	0.912415	75000	0.280422	10.373655
36	0.910051	75000	0.279927	10.653582
37	0.907690	75000	0.279492	10.933075
38	0.905333	75000	0.279047	11.212122
39	0.902980	75000	0.278600	11.490721
40	0.900630	75000	0.278108	11.768830
41	0.898284	75000	0.277678	12.046507
42	0.895942	75000	0.277308	12.323815
43	0.893603	75000	0.276825	12.600641
44	0.891268	75000	0.276405	12.877046
45	0.888937	75000	0.275951	13.152997
46	0.886609	75000	0.275492	13.428489
47	0.884285	75000	0.275065	13.703554
48	0.881965	75000	0.274587	13.978140
49	0.879648	75000	0.274172	14.252313
50	0.877335	75000	0.273724	14.526036
51	0.875026	75000	0.273293	14.799329
52	0.872720	75000	0.272869	15.072199
53	0.870418	75000	0.272415	15.344614
54	0.868120	75000	0.271992	15.616606
55	0.865825	75000	0.271524	15.888130
56	0.863534	75000	0.271147	16.159277
57	0.861246	75000	0.270678	16.429955
58	0.858962	75000	0.270258	16.700213
59	0.856682	75000	0.269788	16.970002
60	0.854405	75000	0.269355	17.239357
61	0.852132	75000	0.268943	17.508301
62	0.849863	75000	0.268479	17.776779
63	0.847597	75000	0.268060	18.044840
64	0.845335	75000	0.267612	18.312452
65	0.843077	75000	0.267167	18.579619
66	0.840822	75000	0.266728	18.846346
67	0.838571	75000	0.266293	19.112640
68	0.836323	75000	0.265902	19.378542
69	0.834079	75000	0.265432	19.643974
70	0.831839	75000	0.265003	19.908977
71	0.829602	75000	0.264566	20.173543
72	0.827369	75000	0.264144	20.437687
73	0.825140	75000	0.263621	20.701308
74	0.822914	75000	0.263330	20.964638
75	0.820691	75000	0.262813	21.227451
76	0.818473	75000	0.262373	21.489824
77	0.816258	75000	0.261972	21.751796
78	0.814046	75000	0.261501	22.013297
79	0.811838	75000	0.261070	22.274367
80	0.809634	75000	0.260699	22.535066
81	0.807433	75000	0.260201	22.795267
82	0.805236	75000	0.259796	23.055063
83	0.803043	75000	0.259352	23.314415
84	0.800853	75000	0.258916	23.573331
85	0.798667	75000	0.258477	23.831808
86	0.796484	75000	0.258026	24.089834
87	0.794305	75000	0.257648	24.347482
88	0.792129	75000	0.257184	24.604666
89	0.789957	75000	0.256768	24.861434
90	0.787789	75000	0.256365	25.117799
91	0.785624	75000	0.255965	25.373764
92	0.783463	75000	0.255473	25.629236
93	0.781305	75000	0.255101	25.884337
94	0.779151	75000	0.254569	26.138906
95	0.777000	75000	0.254178	26.393084
96	0.774853	75000	0.253747	26.646830
97	0.772710	75000	0.253366	26.900196
98	0.770570	75000	0.252904	27.153100
99	0.768433	75000	0.252483	27.405583
100	0.766301	75000	0.252042	27.657625
101	0.764172	75000	0.251686	27.909311
102	0.762046	75000	0.251237	28.160548
103	0.759924	75000	0.250804	28.411352
104	0.757805	75000	0.250378	28.661730
105	0.755690	75000	0.249865	28.911594
106	0.753579	75000	0.249524	29.161119
107	0.751471	75000	0.249049	29.410168
108	0.749366	75000	0.248658	29.658826
109	0.747266	75000	0.248153	29.906978
110	0.745168	75000	0.247775	30.154753
111	0.743075	75000	0.247356	30.402109
112	0.740984	75000	0.246942	30.649050
113	0.738898	75000	0.246584	30.895634
114	0.736815	75000	0.246073	31.141708
115	0.734735	75000	0.245716	31.387423
116	0.732659	75000	0.245192	31.632615
117	0.730586	75000	0.244815	31.877431
118	0.728517	75000	0.244412	32.121843
119	0.726452	75000	0.243969	32.365812
120	0.724390	75000	0.243494	32.609306
121	0.722331	75000	0.243129	32.852435
122	0.720276	75000	0.242665	33.095100
123	0.718225	75000	0.242234	33.337334
124	0.716177	75000	0.241824	33.579159
125	0.714132	75000	0.241416	33.820574
126	0.712091	75000	0.241031	34.061606
127	0.710054	75000	0.240571	34.302176
128	0.708020	75000	0.240165	34.542341
129	0.705989	75000	0.239782	34.782123
130	0.703962	75000	0.239314	35.021438
131	0.701939	75000	0.238923	35.260361
132	0.699919	75000	0.238473	35.498834
133	0.697902	75000	0.238041	35.736875
134	0.695889	75000	0.237635	35.974511
135	0.693880	75000	0.237240	36.211751
136	0.691874	75000	0.236765	36.448516
137	0.689871	75000	0.236352	36.684868
138	0.687872	75000	0.235944	36.920812
139	0.685877	75000	0.235467	37.156280
140	0.683885	75000	0.235071	37.391351
141	0.681896	75000	0.234708	37.626059
142	0.679911	75000	0.234250	37.860309
143	0.677929	75000	0.233897	38.094205
144	0.675951	75000	0.233357	38.327562
145	0.673976	75000	0.233099	38.560662
146	0.672005	75000	0.232623	38.793284
147	0.670037	75000	0.232179	39.025463
148	0.668073	75000	0.231803	39.257267
149	0.666112	75000	0.231285	39.488552
150	0.664155	75000	0.230995	39.719547
151	0.662201	75000	0.230523	39.950071
152	0.660250	75000	0.230057	40.180127
153	0.658303	75000	0.229687	40.409815
154	0.656359	75000	0.229232	40.639046
155	0.654419	75000	0.228905	40.867951
156	0.652483	75000	0.228440	41.096391
157	0.650549	75000	0.228029	41.324420
158	0.648619	75000	0.227633	41.552054
159	0.646693	75000	0.227163	41.779217
160	0.644770	75000	0.226735	42.005951
161	0.642851	75000	0.226374	42.232325
162	0.640934	75000	0.225968	42.458293
163	0.639022	75000	0.225590	42.683882
164	0.637113	75000	0.225126	42.909008
165	0.635207	75000	0.224621	43.133629
166	0.633304	75000	0.224234	43.357863
167	0.631405	75000	0.223922	43.581784
168	0.629510	75000	0.223511	43.805295
169	0.627618	75000	0.223056	44.028352
170	0.625729	75000	0.222647	44.250999
171	0.623844	75000	0.222172	44.473171
172	0.621962	75000	0.221881	44.695052
173	0.620083	75000	0.221421	44.916473
174	0.618208	75000	0.220982	45.137455
175	0.616337	75000	0.220670	45.358125
176	0.614468	75000	0.220176	45.578301
177	0.612604	75000	0.219713	45.798014
178	0.610742	75000	0.219405	46.017418
179	0.608884	75000	0.218986	46.236405
180	0.607029	75000	0.218584	46.454988
181	0.605178	75000	0.218113	46.673101
182	0.603330	75000	0.217732	46.890833
183	0.601486	75000	0.217330	47.108163
184	0.599645	75000	0.216892	47.325055
185	0.597807	75000	0.216556	47.541611
186	0.595973	75000	0.215969	47.757580
187	0.594142	75000	0.215641	47.973221
188	0.592314	75000	0.215276	48.188497
189	0.590490	75000	0.214831	48.403328
190	0.588669	75000	0.214485	48.617814
191	0.586852	75000	0.214077	48.831891
192	0.585038	75000	0.213643	49.045534
193	0.583227	75000	0.213252	49.258786
194	0.581420	75000	0.212790	49.471575
195	0.579616	75000	0.212489	49.684065
196	0.577815	75000	0.212066	49.896131
197	0.576018	75000	0.211654	50.107786
198	0.574224	75000	0.211159	50.318945
199	0.572433	75000	0.210879	50.529823
200	0.570646	75000	0.210380	50.740204
201	0.568862	75000	0.209962	50.950165
202	0.567082	75000	0.209571	51.159737
203	0.565305	75000	0.209185	51.368922
204	0.563531	75000	0.208803	51.577725
205	0.561761	75000	0.208295	51.786019
206	0.559993	75000	0.207931	51.993951
207	0.558230	75000	0.207512	52.201462
208	0.556469	75000	0.207172	52.408634
209	0.554712	75000	0.206806	52.615440
210	0.552958	75000	0.206425	52.821865
211	0.551208	75000	0.205918	53.027784
212	0.549461	75000	0.205558	53.233342
213	0.547717	75000	0.205183	53.438525
214	0.545977	75000	0.204806	53.643331
215	0.544240	75000	0.204421	53.847752
216	0.542506	75000	0.203938	54.051690
217	0.540775	75000	0.203556	54.255246
218	0.539048	75000	0.203220	54.458466
219	0.537324	75000	0.202768	54.661234
220	0.535604	75000	0.202314	54.863549
221	0.533887	75000	0.201945	55.065493
222	0.532173	75000	0.201516	55.267009
223	0.530462	75000	0.201151	55.468160
224	0.528755	75000	0.200755	55.668915
225	0.527051	75000	0.200330	55.869245
226	0.525350	75000	0.199971	56.069216
227	0.523653	75000	0.199517	56.268733
228	0.521958	75000	0.199195	56.467929
229	0.520268	75000	0.198785	56.666714
230	0.518580	75000	0.198371	56.865084
231	0.516896	75000	0.197956	57.063040
232	0.515215	75000	0.197551	57.260591
233	0.513537	75000	0.197225	57.457816
234	0.511863	75000	0.196844	57.654660
235	0.510192	75000	0.196417	57.851077
236	0.508524	75000	0.195989	58.047066
237	0.506859	75000	0.195589	58.242655
238	0.505198	75000	0.195155	58.437811
239	0.503540	75000	0.194747	58.632557
240	0.501885	75000	0.194374	58.826932
241	0.500234	75000	0.194007	59.020939
242	0.498586	75000	0.193587	59.214525
243	0.496941	75000	0.193149	59.407675
244	0.495299	75000	0.192894	59.600568
245	0.493660	75000	0.192406	59.792974
246	0.492025	75000	0.192021	59.984995
247	0.490393	75000	0.191637	60.176632
248	0.488765	75000	0.191350	60.367982
249	0.487139	75000	0.190952	60.558934
250	0.485517	75000	0.190431	60.749365
251	0.483898	75000	0.190137	60.939501
252	0.482283	75000	0.189693	61.129194
253	0.480670	75000	0.189294	61.318489
254	0.479061	75000	0.188915	61.507403
255	0.477455	75000	0.188606	61.696009
256	0.475852	75000	0.188080	61.884088
257	0.474253	75000	0.187773	62.071861
258	0.472656	75000	0.187323	62.259184
259	0.471063	75000	0.187010	62.446194
260	0.469474	75000	0.186486	62.632680
261	0.467887	75000	0.186145	62.818825
262	0.466304	75000	0.185766	63.004592
263	0.464723	75000	0.185335	63.189927
264	0.463146	75000	0.184965	63.374892
265	0.461573	75000	0.184625	63.559517
266	0.460002	75000	0.184225	63.743742
267	0.458435	75000	0.183878	63.927620
268	0.456871	75000	0.183423	64.111043
269	0.455310	75000	0.182900	64.293943
270	0.453752	75000	0.182661	64.476604
271	0.452198	75000	0.182289	64.658893
272	0.450647	75000	0.181841	64.840734
273	0.449098	75000	0.181485	65.022219
274	0.447554	75000	0.181163	65.203382
275	0.446012	75000	0.180833	65.384215
276	0.444473	75000	0.180298	65.564512
277	0.442938	75000	0.179927	65.744439
278	0.441406	75000	0.179628	65.924066
279	0.439877	75000	0.179153	66.103220
280	0.438351	75000	0.178848	66.282068
281	0.436829	75000	0.178405	66.460473
282	0.435309	75000	0.178030	66.638504
283	0.433793	75000	0.177682	66.816186
284	0.432280	75000	0.177281	66.993467
285	0.430770	75000	0.176791	67.170258
286	0.429263	75000	0.176469	67.346727
287	0.427760	75000	0.176069	67.522797
288	0.426259	75000	0.175737	67.698533
289	0.424762	75000	0.175355	67.873888
290	0.423268	75000	0.175004	68.048893
291	0.421777	75000	0.174569	68.223461
292	0.420289	75000	0.174167	68.397628
293	0.418805	75000	0.173795	68.571423
294	0.417323	75000	0.173457	68.744880
295	0.415845	75000	0.172965	68.917845
296	0.414370	75000	0.172764	69.090609
297	0.412898	75000	0.172277	69.262887
298	0.411429	75000	0.171986	69.434873
299	0.409963	75000	0.171486	69.606359
300	0.408501	75000	0.171128	69.777487
301	0.407041	75000	0.170768	69.948254
302	0.405585	75000	0.170422	70.118677
303	0.404132	75000	0.169962	70.288639
304	0.402682	75000	0.169693	70.458331
305	0.401235	75000	0.169266	70.627598
306	0.399791	75000	0.168934	70.796532
307	0.398350	75000	0.168435	70.964966
308	0.396913	75000	0.168076	71.133042
309	0.395478	75000	0.167709	71.300751
310	0.394047	75000	0.167373	71.468123
311	0.392619	75000	0.166908	71.635031
312	0.391194	75000	0.166554	71.801586
313	0.389772	75000	0.166248	71.967834
314	0.388353	75000	0.165827	72.133660
315	0.386937	75000	0.165531	72.299191
316	0.385524	75000	0.165117	72.464308
317	0.384115	75000	0.164677	72.628985
318	0.382708	75000	0.164382	72.793367
319	0.381305	75000	0.163853	72.957220
320	0.379904	75000	0.163594	73.120814
321	0.378507	75000	0.163203	73.284017
322	0.377113	75000	0.162881	73.446898
323	0.375722	75000	0.162446	73.609345
324	0.374334	75000	0.162063	73.771407
325	0.372949	75000	0.161716	73.933123
326	0.371567	75000	0.161317	74.094440
327	0.370189	75000	0.160956	74.255396
328	0.368813	75000	0.160623	74.416018
329	0.367440	75000	0.160283	74.576302
330	0.366071	75000	0.159933	74.736234
331	0.364705	75000	0.159483	74.895717
332	0.363341	75000	0.159121	75.054838
333	0.361981	75000	0.158657	75.213495
334	0.360624	75000	0.158390	75.371885
335	0.359269	75000	0.157921	75.529806
336	0.357918	75000	0.157604	75.687410
337	0.356570	75000	0.157253	75.844663
338	0.355225	75000	0.156822	76.001485
339	0.353883	75000	0.156473	76.157957
340	0.352544	75000	0.156133	76.314090
341	0.351208	75000	0.155759	76.469849
342	0.349875	75000	0.155370	76.625219
343	0.348546	75000	0.155002	76.780222
344	0.347219	75000	0.154729	76.934950
345	0.345895	75000	0.154335	77.089285
346	0.344574	75000	0.153950	77.243236
347	0.343257	75000	0.153641	77.396876
348	0.341942	75000	0.153164	77.550041
349	0.340630	75000	0.152820	77.702861
350	0.339322	75000	0.152430	77.855291
351	0.338016	75000	0.152125	78.007415
352	0.336714	75000	0.151730	78.159145
353	0.335414	75000	0.151346	78.310492
354	0.334118	75000	0.150990	78.461482
355	0.332824	75000	0.150568	78.612051
356	0.331534	75000	0.150301	78.762352
357	0.330246	75000	0.149940	78.912292
358	0.328962	75000	0.149580	79.061873
359	0.327680	75000	0.149099	79.210971
360	0.326401	75000	0.148742	79.359713
361	0.325126	75000	0.148403	79.508116
362	0.323853	75000	0.148076	79.656192
363	0.322584	75000	0.147696	79.803888
364	0.321317	75000	0.147348	79.951236
365	0.320054	75000	0.146950	80.098185
366	0.318793	75000	0.146639	80.244824
367	0.317536	75000	0.146257	80.391081
368	0.316281	75000	0.145779	80.536861
369	0.315030	75000	0.145406	80.682266
370	0.313781	75000	0.145171	80.827437
371	0.312535	75000	0.144867	80.972304
372	0.311293	75000	0.144378	81.116682
373	0.310053	75000	0.144084	81.260766
374	0.308816	75000	0.143638	81.404404
375	0.307582	75000	0.143408	81.547812
376	0.306352	75000	0.143020	81.690831
377	0.305124	75000	0.142678	81.833509
378	0.303899	75000	0.142228	81.975737
379	0.302677	75000	0.141908	82.117645
380	0.301458	75000	0.141560	82.259204
381	0.300242	75000	0.141271	82.400475
382	0.299029	75000	0.140856	82.541332
383	0.297819	75000	0.140400	82.681732
384	0.296611	75000	0.140228	82.821960
385	0.295407	75000	0.139711	82.961671
386	0.294206	75000	0.139438	83.101109
387	0.293007	75000	0.139085	83.240194
388	0.291812	75000	0.138658	83.378852
389	0.290619	75000	0.138282	83.517134
390	0.289430	75000	0.137913	83.655047
391	0.288243	75000	0.137594	83.792641
392	0.287059	75000	0.137200	83.929841
393	0.285879	75000	0.136970	84.066811
394	0.284701	75000	0.136574	84.203385
395	0.283526	75000	0.136209	84.339594
396	0.282354	75000	0.135787	84.475381
397	0.281184	75000	0.135384	84.610765
398	0.280018	75000	0.135118	84.745883
399	0.278855	75000	0.134681	84.880564
400	0.277694	75000	0.134444	85.015008
401	0.276537	75000	0.134005	85.149013
402	0.275382	75000	0.133695	85.282708
403	0.274230	75000	0.133298	85.416006
404	0.273082	75000	0.133000	85.549006
405	0.271936	75000	0.132604	85.681611
406	0.270793	75000	0.132266	85.813877
407	0.269652	75000	0.131920	85.945796
408	0.268515	75000	0.131518	86.077314
409	0.267381	75000	0.131239	86.208553
410	0.266249	75000	0.130835	86.339388
411	0.265121	75000	0.130483	86.469871
412	0.263995	75000	0.130207	86.600078
413	0.262872	75000	0.129723	86.729801
414	0.261752	75000	0.129463	86.859264
415	0.260635	75000	0.129182	86.988446
416	0.259520	75000	0.128769	87.117215
417	0.258409	75000	0.128425	87.245640
418	0.257300	75000	0.128017	87.373657
419	0.256195	75000	0.127749	87.501406
420	0.255092	75000	0.127379	87.628785
421	0.253992	75000	0.127045	87.755830
422	0.252895	75000	0.126545	87.882375
423	0.251800	75000	0.126325	88.008700
424	0.250709	75000	0.125964	88.134664
425	0.249620	75000	0.125622	88.260286
426	0.248534	75000	0.125305	88.385591
427	0.247451	75000	0.124920	88.510511
428	0.246371	75000	0.124640	88.635151
429	0.245294	75000	0.124226	88.759377
430	0.244220	75000	0.123860	88.883237
431	0.243148	75000	0.123542	89.006778
432	0.242079	75000	0.123257	89.130035
433	0.241013	75000	0.122834	89.252869
434	0.239950	75000	0.122485	89.375354
435	0.238890	75000	0.122239	89.497593
436	0.237832	75000	0.121822	89.619416
437	0.236778	75000	0.121445	89.740861
438	0.235726	75000	0.121156	89.862016
439	0.234677	75000	0.120828	89.982844
440	0.233630	75000	0.120390	90.103235
441	0.232587	75000	0.120140	90.223374
442	0.231546	75000	0.119743	90.343117
443	0.230509	75000	0.119487	90.462604
444	0.229473	75000	0.119003	90.581607
445	0.228441	75000	0.118704	90.700311
446	0.227412	75000	0.118346	90.818657
447	0.226385	75000	0.118007	90.936665
448	0.225361	75000	0.117727	91.054392
449	0.224340	75000	0.117405	91.171797
450	0.223322	75000	0.116996	91.288793
451	0.222306	75000	0.116624	91.405417
452	0.221293	75000	0.116313	91.521730
453	0.220283	75000	0.115954	91.637685
454	0.219276	75000	0.115563	91.753247
455	0.218272	75000	0.115306	91.868554
456	0.217270	75000	0.115044	91.983597
457	0.216271	75000	0.114554	92.098152
458	0.215275	75000	0.114278	92.212429
459	0.214281	75000	0.113964	92.326393
460	0.213291	75000	0.113646	92.440040
461	0.212303	75000	0.113341	92.553381
462	0.211318	75000	0.112855	92.666237
463	0.210335	75000	0.112530	92.778766
464	0.209356	75000	0.112240	92.891006
465	0.208379	75000	0.111889	93.002895
466	0.207404	75000	0.111603	93.114498
467	0.206433	75000	0.111146	93.225644
468	0.205464	75000	0.111045	93.336689
469	0.204498	75000	0.110552	93.447241
470	0.203535	75000	0.110233	93.557474
471	0.202575	75000	0.109837	93.667311
472	0.201617	75000	0.109478	93.776789
473	0.200662	75000	0.109316	93.886105
474	0.199709	75000	0.108929	93.995033
475	0.198760	75000	0.108611	94.103645
476	0.197813	75000	0.108278	94.211922
477	0.196869	75000	0.107798	94.319720
478	0.195927	75000	0.107609	94.427329
479	0.194988	75000	0.107253	94.534583
480	0.194052	75000	0.106832	94.641415
481	0.193119	75000	0.106487	94.747901
482	0.192188	75000	0.106100	94.854002
483	0.191260	75000	0.105796	94.959797
484	0.190335	75000	0.105366	95.065164
485	0.189412	75000	0.105299	95.170462
486	0.188492	75000	0.104905	95.275367
487	0.187575	75000	0.104525	95.379892
488	0.186660	75000	0.104193	95.484085
489	0.185749	75000	0.103972	95.588057
490	0.184839	75000	0.103601	95.691658
491	0.183933	75000	0.103197	95.794855
492	0.183029	75000	0.102846	95.897701
493	0.182128	75000	0.102630	96.000331
494	0.181229	75000	0.102204	96.102535
495	0.180333	75000	0.101892	96.204427
496	0.179440	75000	0.101594	96.306021
497	0.178550	75000	0.101336	96.407357
498	0.177662	75000	0.100883	96.508240
499	0.176777	75000	0.100724	96.608964
500	0.175894	75000	0.100238	96.709202
501	0.175014	75000	0.099831	96.809034
502	0.174137	75000	0.099689	96.908723
503	0.173262	75000	0.099248	97.007971
504	0.172390	75000	0.098967	97.106938
505	0.171521	75000	0.098639	97.205577
506	0.170654	75000	0.098302	97.303879
507	0.169790	75000	0.097974	97.401853
508	0.168929	75000	0.097714	97.499567
509	0.168070	75000	0.097386	97.596953
510	0.167214	75000	0.096946	97.693898
511	0.166360	75000	0.096678	97.790576
512	0.165509	75000	0.096420	97.886996
513	0.164661	75000	0.095931	97.982927
514	0.163815	75000	0.095660	98.078586
515	0.162972	75000	0.095399	98.173985
516	0.162132	75000	0.094893	98.268879
517	0.161294	75000	0.094708	98.363587
518	0.160458	75000	0.094282	98.457869
519	0.159626	75000	0.093996	98.551865
520	0.158796	75000	0.093720	98.645585
521	0.157968	75000	0.093453	98.739038
522	0.157143	75000	0.093001	98.832039
523	0.156321	75000	0.092747	98.924786
524	0.155501	75000	0.092385	99.017170
525	0.154684	75000	0.092231	99.109401
526	0.153870	75000	0.091820	99.201221
527	0.153058	75000	0.091624	99.292845
528	0.152248	75000	0.091226	99.384071
529	0.151441	75000	0.090959	99.475030
530	0.150637	75000	0.090551	99.565581
531	0.149835	75000	0.090286	99.655867
532	0.149036	75000	0.089813	99.745679
533	0.148240	75000	0.089497	99.835177
534	0.147446	75000	0.089347	99.924524
535	0.146654	75000	0.088963	100.013487
536	0.145865	75000	0.088651	100.102138
537	0.145079	75000	0.088360	100.190498
538	0.144295	75000	0.087980	100.278478
539	0.143514	75000	0.087644	100.366122
540	0.142735	75000	0.087321	100.453442
541	0.141959	75000	0.087116	100.540558
542	0.141186	75000	0.086724	100.627282
543	0.140415	75000	0.086363	100.713644
544	0.139646	75000	0.086226	100.799870
545	0.138880	75000	0.085758	100.885628
546	0.138116	75000	0.085582	100.971211
547	0.137356	75000	0.085233	101.056443
548	0.136597	75000	0.084791	101.141234
549	0.135841	75000	0.084394	101.225628
550	0.135088	75000	0.084211	101.309839
551	0.134337	75000	0.083898	101.393737
552	0.133588	75000	0.083649	101.477386
553	0.132843	75000	0.083298	101.560683
554	0.132099	75000	0.082844	101.643528
555	0.131358	75000	0.082594	101.726122
556	0.130620	75000	0.082326	101.808448
557	0.129884	75000	0.081936	101.890384
558	0.129151	75000	0.081577	101.971961
559	0.128420	75000	0.081377	102.053338
560	0.127691	75000	0.081100	102.134438
561	0.126965	75000	0.080737	102.215175
562	0.126242	75000	0.080576	102.295750
563	0.125521	75000	0.080020	102.375770
564	0.124802	75000	0.079876	102.455646
565	0.124086	75000	0.079570	102.535215
566	0.123373	75000	0.079165	102.614381
567	0.122662	75000	0.078933	102.693314
568	0.121953	75000	0.078472	102.771786
569	0.121247	75000	0.078293	102.850079
570	0.120543	75000	0.077989	102.928068
571	0.119842	75000	0.077596	103.005664
572	0.119143	75000	0.077383	103.083048
573	0.118447	75000	0.077064	103.160112
574	0.117753	75000	0.076830	103.236942
575	0.117062	75000	0.076415	103.313357
576	0.116373	75000	0.076073	103.389429
577	0.115686	75000	0.075818	103.465247
578	0.115002	75000	0.075404	103.540652
579	0.114320	75000	0.075025	103.615677
580	0.113641	75000	0.074732	103.690409
581	0.112964	75000	0.074533	103.764942
582	0.112290	75000	0.074180	103.839122
583	0.111618	75000	0.073923	103.913046
584	0.110948	75000	0.073767	103.986812
585	0.110281	75000	0.073328	104.060141
586	0.109616	75000	0.072903	104.133044
587	0.108954	75000	0.072727	104.205771
588	0.108294	75000	0.072394	104.278165
589	0.107637	75000	0.072121	104.350285
590	0.106981	75000	0.071649	104.421935
591	0.106329	75000	0.071483	104.493418
592	0.105678	75000	0.071091	104.564508
593	0.105030	75000	0.070981	104.635490
594	0.104385	75000	0.070661	104.706150
595	0.103742	75000	0.070158	104.776309
596	0.103101	75000	0.070082	104.846390
597	0.102463	75000	0.069736	104.916126
598	0.101827	75000	0.069498	104.985624
599	0.101193	75000	0.069137	105.054761
600	0.100562	75000	0.068858	105.123618
601	0.099933	75000	0.068461	105.192079
602	0.099306	75000	0.068152	105.260231
603	0.098682	75000	0.067847	105.328078
604	0.098060	75000	0.067645	105.395723
605	0.097441	75000	0.067179	105.462902
606	0.096824	75000	0.067013	105.529915
607	0.096209	75000	0.066582	105.596497
608	0.095596	75000	0.066329	105.662826
609	0.094986	75000	0.065944	105.728770
610	0.094379	75000	0.065739	105.794508
611	0.093773	75000	0.065552	105.860060
612	0.093170	75000	0.065116	105.925176
613	0.092570	75000	0.064748	105.989924
614	0.091971	75000	0.064699	106.054623
615	0.091375	75000	0.064290	106.118913
616	0.090781	75000	0.063941	106.182854
617	0.090190	75000	0.063649	106.246503
618	0.089601	75000	0.063341	106.309844
619	0.089014	75000	0.063126	106.372970
620	0.088430	75000	0.062777	106.435747
621	0.087848	75000	0.062477	106.498224
622	0.087268	75000	0.062131	106.560355
623	0.086690	75000	0.061785	106.622140
624	0.086115	75000	0.061584	106.683724
625	0.085542	75000	0.061448	106.745172
626	0.084971	75000	0.060916	106.806088
627	0.084403	75000	0.060747	106.866835
628	0.083837	75000	0.060335	106.927170
629	0.083273	75000	0.060044	106.987214
630	0.082712	75000	0.059778	107.046992
631	0.082152	75000	0.059398	107.106390
632	0.081595	75000	0.059184	107.165574
633	0.081041	75000	0.059010	107.224583
634	0.080488	75000	0.058392	107.282976
635	0.079938	75000	0.058177	107.341153
636	0.079390	75000	0.057930	107.399083
637	0.078845	75000	0.057795	107.456879
638	0.078301	75000	0.057381	107.514260
639	0.077760	75000	0.057053	107.571312
640	0.077221	75000	0.057042	107.628355
641	0.076684	75000	0.056514	107.684869
642	0.076150	75000	0.056357	107.741226
643	0.075618	75000	0.055866	107.797092
644	0.075088	75000	0.055591	107.852683
645	0.074560	75000	0.055412	107.908095
646	0.074035	75000	0.055105	107.963201
647	0.073512	75000	0.054799	108.018000
648	0.072991	75000	0.054494	108.072494
649	0.072472	75000	0.054025	108.126519
650	0.071955	75000	0.053883	108.180402
651	0.071441	75000	0.053472	108.233874
652	0.070929	75000	0.053382	108.287256
653	0.070419	75000	0.053019	108.340276
654	0.069911	75000	0.052719	108.392995
655	0.069406	75000	0.052465	108.445460
656	0.068903	75000	0.052096	108.497556
657	0.068401	75000	0.052027	108.549583
658	0.067903	75000	0.051431	108.601014
659	0.067406	75000	0.051291	108.652304
660	0.066911	75000	0.050952	108.703256
661	0.066419	75000	0.050632	108.753888
662	0.065929	75000	0.050365	108.804254
663	0.065441	75000	0.050256	108.854509
664	0.064955	75000	0.049807	108.904316
665	0.064471	75000	0.049591	108.953907
666	0.063990	75000	0.049164	109.003071
667	0.063510	75000	0.048957	109.052028
668	0.063033	75000	0.048528	109.100556
669	0.062558	75000	0.048481	109.149037
670	0.062085	75000	0.048196	109.197233
671	0.061615	75000	0.047931	109.245164
672	0.061146	75000	0.047524	109.292688
673	0.060680	75000	0.047277	109.339965
674	0.060216	75000	0.046575	109.386540
675	0.059753	75000	0.046675	109.433215
676	0.059293	75000	0.046289	109.479504
677	0.058836	75000	0.045953	109.525457
678	0.058380	75000	0.045785	109.571242
679	0.057926	75000	0.045548	109.616790
680	0.057475	75000	0.045179	109.661969
681	0.057025	75000	0.044899	109.706868
682	0.056578	75000	0.044492	109.751360
683	0.056133	75000	0.044443	109.795803
684	0.055690	75000	0.044357	109.840159
685	0.055249	75000	0.043866	109.884026
686	0.054810	75000	0.043452	109.927477
687	0.054373	75000	0.043265	109.970742
688	0.053939	75000	0.042933	110.013675
689	0.053506	75000	0.042490	110.056166
690	0.053076	75000	0.042369	110.098535
691	0.052647	75000	0.042027	110.140562
692	0.052221	75000	0.041765	110.182327
693	0.051797	75000	0.041311	110.223638
694	0.051375	75000	0.041239	110.264876
695	0.050955	75000	0.040860	110.305737
696	0.050537	75000	0.040677	110.346413
697	0.050121	75000	0.040466	110.386879
698	0.049707	75000	0.040201	110.427080
699	0.049295	75000	0.039956	110.467036
700	0.048885	75000	0.039521	110.506557
701	0.048478	75000	0.039053	110.545610
702	0.048072	75000	0.038816	110.584426
703	0.047668	75000	0.038557	110.622984
704	0.047267	75000	0.038331	110.661315
705	0.046867	75000	0.037874	110.699189
706	0.046470	75000	0.037683	110.736872
707	0.046074	75000	0.037426	110.774298
708	0.045681	75000	0.037260	110.811558
709	0.045289	75000	0.036727	110.848285
710	0.044900	75000	0.036415	110.884700
711	0.044512	75000	0.036462	110.921162
712	0.044127	75000	0.036155	110.957317
713	0.043744	75000	0.035656	110.992973
714	0.043362	75000	0.035362	111.028335
715	0.042983	75000	0.035148	111.063484
716	0.042606	75000	0.034943	111.098427
717	0.042230	75000	0.034564	111.132991
718	0.041857	75000	0.034330	111.167321
719	0.041485	75000	0.034136	111.201457
720	0.041116	75000	0.033559	111.235016
721	0.040749	75000	0.033327	111.268342
722	0.040383	75000	0.033167	111.301509
723	0.040020	75000	0.033045	111.334555
724	0.039658	75000	0.032736	111.367291
725	0.039299	75000	0.032447	111.399738
726	0.038941	75000	0.032102	111.431841
727	0.038585	75000	0.031703	111.463544
728	0.038232	75000	0.031250	111.494793
729	0.037880	75000	0.031119	111.525912
730	0.037530	75000	0.030730	111.556642
731	0.037182	75000	0.030589	111.587231
732	0.036836	75000	0.030246	111.617477
733	0.036493	75000	0.030086	111.647562
734	0.036151	75000	0.029495	111.677057
735	0.035810	75000	0.029358	111.706415
736	0.035472	75000	0.028889	111.735304
737	0.035136	75000	0.028426	111.763731
738	0.034802	75000	0.028562	111.792293
739	0.034469	75000	0.028456	111.820749
740	0.034139	75000	0.028004	111.848753
741	0.033810	75000	0.027639	111.876392
742	0.033484	75000	0.027018	111.903410
743	0.033159	75000	0.026528	111.929938
744	0.032836	75000	0.026869	111.956807
745	0.032515	75000	0.026163	111.982970
746	0.032196	75000	0.025876	112.008847
747	0.031879	75000	0.025871	112.034718
748	0.031563	75000	0.025258	112.059976
749	0.031250	75000	0.025062	112.085038
750	0.030938	75000	0.024765	112.109803
751	0.030629	75000	0.024313	112.134116
752	0.030321	75000	0.024387	112.158503
753	0.030015	75000	0.023896	112.182398
754	0.029711	75000	0.023609	112.206008
755	0.029409	75000	0.022971	112.228979
756	0.029108	75000	0.023087	112.252065
757	0.028810	75000	0.022566	112.274631
758	0.028513	75000	0.022205	112.296836
759	0.028218	75000	0.021996	112.318831
760	0.027925	75000	0.022224	112.341055
761	0.027634	75000	0.021439	112.362494
762	0.027345	75000	0.020951	112.383445
763	0.027057	75000	0.020711	112.404156
764	0.026771	75000	0.020268	112.424424
765	0.026487	75000	0.020276	112.444701
766	0.026205	75000	0.019850	112.464551
767	0.025925	75000	0.019587	112.484138
768	0.025647	75000	0.019194	112.503332
769	0.025370	75000	0.019068	112.522401
770	0.025095	75000	0.018415	112.540815
771	0.024822	75000	0.018371	112.559187
772	0.024551	75000	0.017903	112.577090
773	0.024281	75000	0.018093	112.595182
774	0.024014	75000	0.017139	112.612322
775	0.023748	75000	0.016950	112.629272
776	0.023483	75000	0.016625	112.645896
777	0.023221	75000	0.016182	112.662078
778	0.022960	75000	0.016037	112.678115
779	0.022702	75000	0.015553	112.693669
780	0.022445	75000	0.015456	112.709124
781	0.022189	75000	0.014714	112.723839
782	0.021936	75000	0.014429	112.738268
783	0.021684	75000	0.014446	112.752714
784	0.021434	75000	0.014243	112.766957
785	0.021185	75000	0.012989	112.779946
786	0.020939	75000	0.013422	112.793368
787	0.020694	75000	0.012938	112.806307
788	0.020451	75000	0.012647	112.818954
789	0.020209	75000	0.011567	112.830520
790	0.019969	75000	0.011514	112.842035
791	0.019731	75000	0.011436	112.853471
792	0.019495	75000	0.011298	112.864769
793	0.019261	75000	0.010738	112.875507
794	0.019028	75000	0.009914	112.885421
795	0.018796	75000	0.010333	112.895754
796	0.018567	75000	0.009414	112.905168
797	0.018339	75000	0.008637	112.913805
798	0.018113	75000	0.008405	112.922210
799	0.017889	75000	0.008585	112.930795
800	0.017666	75000	0.007724	112.938519
801	0.017445	75000	0.007516	112.946035
802	0.017225	75000	0.007566	112.953601
803	0.017007	75000	0.006691	112.960292
804	0.016791	75000	0.006952	112.967244
805	0.016577	75000	0.005692	112.972936
806	0.016364	75000	0.005948	112.978883
807	0.016153	75000	0.004699	112.983583
808	0.015943	75000	0.004742	112.988324
809	0.015736	75000	0.004327	112.992652
810	0.015529	75000	0.003878	112.996529
811	0.015325	75000	0.003218	112.999747
812	0.015122	75000	0.003243	113.002990
813	0.014920	75000	0.001538	113.004528
814	0.014721	75000	0.002278	113.006806
815	0.014523	75000	0.001509	113.008315
816	0.014326	75000	0.000974	113.009289
817	0.014131	75000	0.000033	113.009321
818	0.013938	75000	0.000031	113.009353
819	0.013746	75000	0.000138	113.009491
820	0.013556	75000	-0.000877	113.008614
821	0.013367	75000	-0.001954	113.006660
822	0.013181	75000	-0.002617	113.004043
823	0.012995	75000	-0.004052	112.999991
824	0.012811	75000	-0.005573	112.994419
825	0.012629	75000	-0.004976	112.989442
826	0.012448	75000	-0.004990	112.984453
827	0.012269	75000	-0.004747	112.979706
828	0.012092	75000	-0.006536	112.973170
829	0.011916	75000	-0.006270	112.966900
830	0.011741	75000	-0.006714	112.960185
831	0.011568	75000	-0.008143	112.952042
832	0.011397	75000	-0.008983	112.943060
833	0.011227	75000	-0.008392	112.934668
834	0.011059	75000	-0.009017	112.925650
835	0.010892	75000	-0.010944	112.914706
836	0.010727	75000	-0.010353	112.904353
837	0.010563	75000	-0.012128	112.892225
838	0.010401	75000	-0.014040	112.878186
839	0.010240	75000	-0.012969	112.865216
840	0.010081	75000	-0.014898	112.850318
841	0.009923	75000	-0.016792	112.833527
842	0.009767	75000	-0.015440	112.818087
843	0.009612	75000	-0.016883	112.801204
844	0.009459	75000	-0.018703	112.782501
845	0.009307	75000	-0.019029	112.763472
846	0.009156	75000	-0.020972	112.742500
847	0.009008	75000	-0.021706	112.720794
848	0.008860	75000	-0.024332	112.696462
849	0.008714	75000	-0.024677	112.671785
850	0.008570	75000	-0.024796	112.646990
851	0.008427	75000	-0.027002	112.619987
852	0.008285	75000	-0.026426	112.593561
853	0.008145	75000	-0.031216	112.562345
854	0.008006	75000	-0.029732	112.532613
855	0.007869	75000	-0.031977	112.500636
856	0.007733	75000	-0.034081	112.466555
857	0.007598	75000	-0.035577	112.430978
858	0.007465	75000	-0.034635	112.396343
859	0.007334	75000	-0.037718	112.358625
860	0.007203	75000	-0.038699	112.319926
861	0.007075	75000	-0.041772	112.278154
862	0.006947	75000	-0.040153	112.238001
863	0.006821	75000	-0.046740	112.191262
864	0.006696	75000	-0.045991	112.145271
865	0.006573	75000	-0.048366	112.096906
866	0.006451	75000	-0.048989	112.047916
867	0.006330	75000	-0.048440	111.999476
868	0.006211	75000	-0.050497	111.948979
869	0.006093	75000	-0.051582	111.897397
870	0.005977	75000	-0.058937	111.838461
871	0.005862	75000	-0.056193	111.782268
872	0.005748	75000	-0.059068	111.723200
873	0.005635	75000	-0.062559	111.660641
874	0.005524	75000	-0.067101	111.593540
875	0.005414	75000	-0.066351	111.527189
876	0.005306	75000	-0.069369	111.457820
877	0.005199	75000	-0.070941	111.386879
878	0.005093	75000	-0.068981	111.317898
879	0.004988	75000	-0.070263	111.247636
880	0.004885	75000	-0.076151	111.171485
881	0.004783	75000	-0.076708	111.094777
882	0.004682	75000	-0.078752	111.016025
883	0.004583	75000	-0.081356	110.934669
884	0.004485	75000	-0.082262	110.852407
885	0.004388	75000	-0.084456	110.767951
886	0.004292	75000	-0.084247	110.683704
887	0.004198	75000	-0.085904	110.597800
888	0.004105	75000	-0.088260	110.509539
889	0.004013	75000	-0.087680	110.421859
890	0.003923	75000	-0.088853	110.333006
891	0.003833	75000	-0.091052	110.241954
892	0.003745	75000	-0.091208	110.150746
893	0.003658	75000	-0.093119	110.057627
894	0.003573	75000	-0.091488	109.966139
895	0.003488	75000	-0.095208	109.870931
896	0.003405	75000	-0.094180	109.776751
897	0.003323	75000	-0.092574	109.684177
898	0.003242	75000	-0.094276	109.589901
899	0.003162	75000	-0.095700	109.494201
900	0.003084	75000	-0.096540	109.397661
901	0.003007	75000	-0.096350	109.301311
902	0.002930	75000	-0.097078	109.204233
903	0.002855	75000	-0.096486	109.107747
904	0.002782	75000	-0.096099	109.011648
905	0.002709	75000	-0.096470	108.915178
906	0.002638	75000	-0.095904	108.819274
907	0.002567	75000	-0.096640	108.722634
908	0.002498	75000	-0.094708	108.627926
909	0.002430	75000	-0.094430	108.533496
910	0.002363	75000	-0.094549	108.438948
911	0.002297	75000	-0.092723	108.346225
912	0.002233	75000	-0.094242	108.251983
913	0.002169	75000	-0.092969	108.159013
914	0.002106	75000	-0.092603	108.066410
915	0.002045	75000	-0.090148	107.976262
916	0.001985	75000	-0.090469	107.885794
917	0.001925	75000	-0.089043	107.796751
918	0.001867	75000	-0.089209	107.707542
919	0.001810	75000	-0.088207	107.619335
920	0.001754	75000	-0.086509	107.532826
921	0.001699	75000	-0.084955	107.447871
922	0.001645	75000	-0.085076	107.362794
923	0.001592	75000	-0.083073	107.279722
924	0.001540	75000	-0.082794	107.196928
925	0.001490	75000	-0.080834	107.116093
926	0.001440	75000	-0.079381	107.036712
927	0.001391	75000	-0.078853	106.957859
928	0.001343	75000	-0.077635	106.880224
929	0.001296	75000	-0.075756	106.804468
930	0.001251	75000	-0.075416	106.729052
931	0.001206	75000	-0.073359	106.655694
932	0.001162	75000	-0.072649	106.583044
933	0.001119	75000	-0.071097	106.511947
934	0.001077	75000	-0.070165	106.441782
935	0.001036	75000	-0.068179	106.373602
936	0.000996	75000	-0.067625	106.305977
937	0.000957	75000	-0.065429	106.240548
938	0.000919	75000	-0.064601	106.175947
939	0.000882	75000	-0.063130	106.112817
940	0.000846	75000	-0.061713	106.051105
941	0.000810	75000	-0.060263	105.990841
942	0.000776	75000	-0.058914	105.931927
943	0.000742	75000	-0.057708	105.874219
944	0.000709	75000	-0.056323	105.817896
945	0.000678	75000	-0.054318	105.763577
946	0.000647	75000	-0.053631	105.709947
947	0.000617	75000	-0.052088	105.657858
948	0.000587	75000	-0.050743	105.607115
949	0.000559	75000	-0.049457	105.557658
950	0.000531	75000	-0.047921	105.509737
951	0.000505	75000	-0.046431	105.463306
952	0.000479	75000	-0.045233	105.418073
953	0.000454	75000	-0.044097	105.373976
954	0.000430	75000	-0.042609	105.331367
955	0.000406	75000	-0.041269	105.290098
956	0.000383	75000	-0.039903	105.250195
957	0.000362	75000	-0.038800	105.211396
958	0.000340	75000	-0.037525	105.173871
959	0.000320	75000	-0.036016	105.137854
960	0.000300	75000	-0.034909	105.102945
961	0.000281	75000	-0.033442	105.069503
962	0.000263	75000	-0.032252	105.037251
963	0.000246	75000	-0.031113	105.006138
964	0.000229	75000	-0.029716	104.976422
965	0.000213	75000	-0.028662	104.947760
966	0.000198	75000	-0.027415	104.920345
967	0.000183	75000	-0.026317	104.894028
968	0.000169	75000	-0.025058	104.868970
969	0.000156	75000	-0.023944	104.845026
970	0.000143	75000	-0.022674	104.822352
971	0.000131	75000	-0.021535	104.800817
972	0.000120	75000	-0.020460	104.780357
973	0.000109	75000	-0.019377	104.760980
974	0.000099	75000	-0.018283	104.742697
975	0.000089	75000	-0.017282	104.725415
976	0.000080	75000	-0.016222	104.709193
977	0.000072	75000	-0.015207	104.693986
978	0.000064	75000	-0.014232	104.679754
979	0.000057	75000	-0.013232	104.666522
980	0.000050	75000	-0.012299	104.654223
981	0.000043	75000	-0.011318	104.642905
982	0.000038	75000	-0.010468	104.632437
983	0.000032	75000	-0.009610	104.622827
984	0.000028	75000	-0.008714	104.614113
985	0.000023	75000	-0.007891	104.606222
986	0.000019	75000	-0.007100	104.599122
987	0.000016	75000	-0.006314	104.592808
988	0.000013	75000	-0.005580	104.587228
989	0.000010	75000	-0.004855	104.582373
990	0.000008	75000	-0.004202	104.578171
991	0.000006	75000	-0.003553	104.574618
992	0.000004	75000	-0.002948	104.571670
993	0.000003	75000	-0.002369	104.569301
994	0.000002	75000	-0.001846	104.567455
995	0.000001	75000	-0.001371	104.566084
996	0.000000	75000	-0.000939	104.565145
997	0.000000	75000	-0.000569	104.564576
998	0.000000	75000	-0.000266	104.564310
999	0.000000	75000	-0.000057	104.564252
Log marginal likelihood:	104.564252
