Steppingstone sampler:
        No Stones:                  1000
        Start It:                   10000001
        It Per Stone:               100000
        Sample Freq:                1
        Dist:                       Beta(0.400000,1.000000)
Stone No	Power	N	Stone MLh	Running MLh
0	0.997502	75000	-0.511504	-0.511504
1	0.995007	75000	-0.510714	-1.022218
2	0.992517	75000	-0.509953	-1.532171
3	0.990030	75000	-0.509163	-2.041334
4	0.987547	75000	-0.508448	-2.549782
5	0.985067	75000	-0.507730	-3.057512
6	0.982592	75000	-0.506955	-3.564467
7	0.980120	75000	-0.506233	-4.070700
8	0.977652	75000	-0.505419	-4.576119
9	0.975187	75000	-0.504646	-5.080764
10	0.972726	75000	-0.503838	-5.584603
11	0.970269	75000	-0.503084	-6.087686
12	0.967816	75000	-0.502288	-6.589974
13	0.965367	75000	-0.501629	-7.091604
14	0.962921	75000	-0.500820	-7.592423
15	0.960479	75000	-0.500135	-8.092558
16	0.958040	75000	-0.499350	-8.591908
17	0.955606	75000	-0.498583	-9.090491
18	0.953175	75000	-0.497814	-9.588305
19	0.950747	75000	-0.497038	-10.085343
20	0.948324	75000	-0.496308	-10.581652
21	0.945904	75000	-0.495607	-11.077259
22	0.943488	75000	-0.494837	-11.572095
23	0.941076	75000	-0.493984	-12.066080
24	0.938667	75000	-0.493302	-12.559382
25	0.936262	75000	-0.492593	-13.051975
26	0.933861	75000	-0.491816	-13.543790
27	0.931463	75000	-0.491063	-14.034854
28	0.929069	75000	-0.490308	-14.525161
29	0.926679	75000	-0.489570	-15.014731
30	0.924293	75000	-0.488780	-15.503511
31	0.921910	75000	-0.488096	-15.991607
32	0.919531	75000	-0.487306	-16.478913
33	0.917155	75000	-0.486529	-16.965442
34	0.914783	75000	-0.485787	-17.451230
35	0.912415	75000	-0.485011	-17.936241
36	0.910051	75000	-0.484409	-18.420650
37	0.907690	75000	-0.483564	-18.904214
38	0.905333	75000	-0.482805	-19.387019
39	0.902980	75000	-0.482081	-19.869100
40	0.900630	75000	-0.481382	-20.350482
41	0.898284	75000	-0.480578	-20.831060
42	0.895942	75000	-0.479882	-21.310942
43	0.893603	75000	-0.479107	-21.790049
44	0.891268	75000	-0.478355	-22.268404
45	0.888937	75000	-0.477620	-22.746025
46	0.886609	75000	-0.476857	-23.222881
47	0.884285	75000	-0.476089	-23.698970
48	0.881965	75000	-0.475299	-24.174270
49	0.879648	75000	-0.474689	-24.648959
50	0.877335	75000	-0.473899	-25.122857
51	0.875026	75000	-0.473165	-25.596022
52	0.872720	75000	-0.472406	-26.068428
53	0.870418	75000	-0.471694	-26.540122
54	0.868120	75000	-0.470974	-27.011096
55	0.865825	75000	-0.470159	-27.481255
56	0.863534	75000	-0.469454	-27.950708
57	0.861246	75000	-0.468798	-28.419507
58	0.858962	75000	-0.468026	-28.887533
59	0.856682	75000	-0.467248	-29.354781
60	0.854405	75000	-0.466502	-29.821283
61	0.852132	75000	-0.465740	-30.287023
62	0.849863	75000	-0.464971	-30.751993
63	0.847597	75000	-0.464225	-31.216219
64	0.845335	75000	-0.463577	-31.679796
65	0.843077	75000	-0.462810	-32.142605
66	0.840822	75000	-0.462139	-32.604744
67	0.838571	75000	-0.461359	-33.066104
68	0.836323	75000	-0.460566	-33.526669
69	0.834079	75000	-0.459896	-33.986565
70	0.831839	75000	-0.459152	-34.445718
71	0.829602	75000	-0.458394	-34.904112
72	0.827369	75000	-0.457639	-35.361751
73	0.825140	75000	-0.456942	-35.818692
74	0.822914	75000	-0.456195	-36.274887
75	0.820691	75000	-0.455482	-36.730369
76	0.818473	75000	-0.454776	-37.185145
77	0.816258	75000	-0.454048	-37.639194
78	0.814046	75000	-0.453343	-38.092537
79	0.811838	75000	-0.452545	-38.545081
80	0.809634	75000	-0.451804	-38.996885
81	0.807433	75000	-0.451135	-39.448020
82	0.805236	75000	-0.450363	-39.898383
83	0.803043	75000	-0.449648	-40.348031
84	0.800853	75000	-0.448843	-40.796874
85	0.798667	75000	-0.448150	-41.245024
86	0.796484	75000	-0.447454	-41.692478
87	0.794305	75000	-0.446767	-42.139245
88	0.792129	75000	-0.446005	-42.585250
89	0.789957	75000	-0.445343	-43.030593
90	0.787789	75000	-0.444542	-43.475135
91	0.785624	75000	-0.443822	-43.918957
92	0.783463	75000	-0.443079	-44.362037
93	0.781305	75000	-0.442387	-44.804424
94	0.779151	75000	-0.441622	-45.246045
95	0.777000	75000	-0.440915	-45.686960
96	0.774853	75000	-0.440151	-46.127111
97	0.772710	75000	-0.439441	-46.566552
98	0.770570	75000	-0.438765	-47.005317
99	0.768433	75000	-0.438070	-47.443388
100	0.766301	75000	-0.437376	-47.880763
101	0.764172	75000	-0.436585	-48.317348
102	0.762046	75000	-0.435940	-48.753288
103	0.759924	75000	-0.435181	-49.188470
104	0.757805	75000	-0.434475	-49.622945
105	0.755690	75000	-0.433777	-50.056721
106	0.753579	75000	-0.432999	-50.489721
107	0.751471	75000	-0.432344	-50.922065
108	0.749366	75000	-0.431550	-51.353615
109	0.747266	75000	-0.430803	-51.784418
110	0.745168	75000	-0.430135	-52.214553
111	0.743075	75000	-0.429349	-52.643902
112	0.740984	75000	-0.428680	-53.072582
113	0.738898	75000	-0.427963	-53.500544
114	0.736815	75000	-0.427214	-53.927759
115	0.734735	75000	-0.426502	-54.354261
116	0.732659	75000	-0.425830	-54.780091
117	0.730586	75000	-0.425202	-55.205293
118	0.728517	75000	-0.424433	-55.629726
119	0.726452	75000	-0.423734	-56.053459
120	0.724390	75000	-0.422992	-56.476451
121	0.722331	75000	-0.422231	-56.898682
122	0.720276	75000	-0.421511	-57.320192
123	0.718225	75000	-0.420856	-57.741048
124	0.716177	75000	-0.420088	-58.161136
125	0.714132	75000	-0.419437	-58.580573
126	0.712091	75000	-0.418677	-58.999250
127	0.710054	75000	-0.417958	-59.417209
128	0.708020	75000	-0.417231	-59.834440
129	0.705989	75000	-0.416686	-60.251125
130	0.703962	75000	-0.415902	-60.667027
131	0.701939	75000	-0.415163	-61.082190
132	0.699919	75000	-0.414420	-61.496610
133	0.697902	75000	-0.413765	-61.910375
134	0.695889	75000	-0.413024	-62.323399
135	0.693880	75000	-0.412366	-62.735765
136	0.691874	75000	-0.411631	-63.147396
137	0.689871	75000	-0.410967	-63.558363
138	0.687872	75000	-0.410297	-63.968660
139	0.685877	75000	-0.409438	-64.378098
140	0.683885	75000	-0.408797	-64.786894
141	0.681896	75000	-0.408056	-65.194950
142	0.679911	75000	-0.407402	-65.602352
143	0.677929	75000	-0.406722	-66.009074
144	0.675951	75000	-0.405943	-66.415016
145	0.673976	75000	-0.405244	-66.820260
146	0.672005	75000	-0.404536	-67.224796
147	0.670037	75000	-0.403864	-67.628660
148	0.668073	75000	-0.403116	-68.031777
149	0.666112	75000	-0.402492	-68.434269
150	0.664155	75000	-0.401780	-68.836048
151	0.662201	75000	-0.401043	-69.237091
152	0.660250	75000	-0.400387	-69.637479
153	0.658303	75000	-0.399659	-70.037138
154	0.656359	75000	-0.398994	-70.436132
155	0.654419	75000	-0.398273	-70.834405
156	0.652483	75000	-0.397524	-71.231929
157	0.650549	75000	-0.396879	-71.628808
158	0.648619	75000	-0.396117	-72.024926
159	0.646693	75000	-0.395536	-72.420461
160	0.644770	75000	-0.394896	-72.815358
161	0.642851	75000	-0.394121	-73.209479
162	0.640934	75000	-0.393376	-73.602855
163	0.639022	75000	-0.392704	-73.995558
164	0.637113	75000	-0.392009	-74.387567
165	0.635207	75000	-0.391350	-74.778917
166	0.633304	75000	-0.390646	-75.169563
167	0.631405	75000	-0.389939	-75.559502
168	0.629510	75000	-0.389209	-75.948711
169	0.627618	75000	-0.388492	-76.337203
170	0.625729	75000	-0.387807	-76.725011
171	0.623844	75000	-0.387183	-77.112194
172	0.621962	75000	-0.386425	-77.498619
173	0.620083	75000	-0.385786	-77.884405
174	0.618208	75000	-0.385073	-78.269478
175	0.616337	75000	-0.384287	-78.653765
176	0.614468	75000	-0.383691	-79.037456
177	0.612604	75000	-0.383010	-79.420467
178	0.610742	75000	-0.382271	-79.802738
179	0.608884	75000	-0.381622	-80.184360
180	0.607029	75000	-0.380928	-80.565288
181	0.605178	75000	-0.380267	-80.945555
182	0.603330	75000	-0.379591	-81.325146
183	0.601486	75000	-0.378864	-81.704010
184	0.599645	75000	-0.378125	-82.082135
185	0.597807	75000	-0.377515	-82.459650
186	0.595973	75000	-0.376845	-82.836495
187	0.594142	75000	-0.376213	-83.212708
188	0.592314	75000	-0.375415	-83.588124
189	0.590490	75000	-0.374742	-83.962866
190	0.588669	75000	-0.374091	-84.336957
191	0.586852	75000	-0.373397	-84.710354
192	0.585038	75000	-0.372687	-85.083041
193	0.583227	75000	-0.372029	-85.455069
194	0.581420	75000	-0.371291	-85.826361
195	0.579616	75000	-0.370684	-86.197044
196	0.577815	75000	-0.369942	-86.566987
197	0.576018	75000	-0.369280	-86.936267
198	0.574224	75000	-0.368598	-87.304866
199	0.572433	75000	-0.367940	-87.672806
200	0.570646	75000	-0.367292	-88.040097
201	0.568862	75000	-0.366556	-88.406654
202	0.567082	75000	-0.365897	-88.772550
203	0.565305	75000	-0.365276	-89.137826
204	0.563531	75000	-0.364568	-89.502395
205	0.561761	75000	-0.364040	-89.866435
206	0.559993	75000	-0.363209	-90.229644
207	0.558230	75000	-0.362504	-90.592149
208	0.556469	75000	-0.361861	-90.954010
209	0.554712	75000	-0.361142	-91.315151
210	0.552958	75000	-0.360603	-91.675755
211	0.551208	75000	-0.359800	-92.035555
212	0.549461	75000	-0.359146	-92.394701
213	0.547717	75000	-0.358522	-92.753223
214	0.545977	75000	-0.357921	-93.111144
215	0.544240	75000	-0.357071	-93.468215
216	0.542506	75000	-0.356474	-93.824689
217	0.540775	75000	-0.355764	-94.180452
218	0.539048	75000	-0.355118	-94.535570
219	0.537324	75000	-0.354445	-94.890015
220	0.535604	75000	-0.353759	-95.243774
221	0.533887	75000	-0.353087	-95.596861
222	0.532173	75000	-0.352464	-95.949326
223	0.530462	75000	-0.351722	-96.301048
224	0.528755	75000	-0.351121	-96.652169
225	0.527051	75000	-0.350450	-97.002619
226	0.525350	75000	-0.349768	-97.352387
227	0.523653	75000	-0.349102	-97.701489
228	0.521958	75000	-0.348487	-98.049976
229	0.520268	75000	-0.347776	-98.397752
230	0.518580	75000	-0.347073	-98.744825
231	0.516896	75000	-0.346414	-99.091239
232	0.515215	75000	-0.345716	-99.436955
233	0.513537	75000	-0.345123	-99.782078
234	0.511863	75000	-0.344395	-100.126474
235	0.510192	75000	-0.343835	-100.470308
236	0.508524	75000	-0.343117	-100.813425
237	0.506859	75000	-0.342436	-101.155861
238	0.505198	75000	-0.341763	-101.497624
239	0.503540	75000	-0.341123	-101.838746
240	0.501885	75000	-0.340493	-102.179239
241	0.500234	75000	-0.339741	-102.518980
242	0.498586	75000	-0.339222	-102.858202
243	0.496941	75000	-0.338497	-103.196699
244	0.495299	75000	-0.337771	-103.534470
245	0.493660	75000	-0.337210	-103.871680
246	0.492025	75000	-0.336500	-104.208180
247	0.490393	75000	-0.335911	-104.544091
248	0.488765	75000	-0.335299	-104.879390
249	0.487139	75000	-0.334585	-105.213975
250	0.485517	75000	-0.333892	-105.547867
251	0.483898	75000	-0.333121	-105.880988
252	0.482283	75000	-0.332673	-106.213661
253	0.480670	75000	-0.331883	-106.545544
254	0.479061	75000	-0.331241	-106.876785
255	0.477455	75000	-0.330635	-107.207420
256	0.475852	75000	-0.329920	-107.537340
257	0.474253	75000	-0.329317	-107.866657
258	0.472656	75000	-0.328657	-108.195314
259	0.471063	75000	-0.328021	-108.523335
260	0.469474	75000	-0.327371	-108.850706
261	0.467887	75000	-0.326695	-109.177401
262	0.466304	75000	-0.325931	-109.503332
263	0.464723	75000	-0.325446	-109.828778
264	0.463146	75000	-0.324652	-110.153431
265	0.461573	75000	-0.324020	-110.477451
266	0.460002	75000	-0.323426	-110.800876
267	0.458435	75000	-0.322786	-111.123662
268	0.456871	75000	-0.322183	-111.445845
269	0.455310	75000	-0.321426	-111.767271
270	0.453752	75000	-0.320844	-112.088115
271	0.452198	75000	-0.320218	-112.408333
272	0.450647	75000	-0.319536	-112.727869
273	0.449098	75000	-0.318880	-113.046749
274	0.447554	75000	-0.318254	-113.365003
275	0.446012	75000	-0.317606	-113.682609
276	0.444473	75000	-0.316912	-113.999521
277	0.442938	75000	-0.316392	-114.315912
278	0.441406	75000	-0.315596	-114.631509
279	0.439877	75000	-0.314999	-114.946508
280	0.438351	75000	-0.314331	-115.260839
281	0.436829	75000	-0.313707	-115.574546
282	0.435309	75000	-0.313187	-115.887734
283	0.433793	75000	-0.312439	-116.200172
284	0.432280	75000	-0.311734	-116.511907
285	0.430770	75000	-0.311103	-116.823009
286	0.429263	75000	-0.310473	-117.133482
287	0.427760	75000	-0.309890	-117.443373
288	0.426259	75000	-0.309240	-117.752613
289	0.424762	75000	-0.308624	-118.061237
290	0.423268	75000	-0.307998	-118.369235
291	0.421777	75000	-0.307421	-118.676655
292	0.420289	75000	-0.306659	-118.983315
293	0.418805	75000	-0.305978	-119.289293
294	0.417323	75000	-0.305314	-119.594606
295	0.415845	75000	-0.304807	-119.899414
296	0.414370	75000	-0.304139	-120.203553
297	0.412898	75000	-0.303570	-120.507123
298	0.411429	75000	-0.302849	-120.809972
299	0.409963	75000	-0.302197	-121.112169
300	0.408501	75000	-0.301638	-121.413807
301	0.407041	75000	-0.300928	-121.714735
302	0.405585	75000	-0.300376	-122.015111
303	0.404132	75000	-0.299684	-122.314795
304	0.402682	75000	-0.299057	-122.613851
305	0.401235	75000	-0.298487	-122.912338
306	0.399791	75000	-0.297824	-123.210162
307	0.398350	75000	-0.297175	-123.507337
308	0.396913	75000	-0.296625	-123.803962
309	0.395478	75000	-0.295883	-124.099844
310	0.394047	75000	-0.295280	-124.395124
311	0.392619	75000	-0.294696	-124.689820
312	0.391194	75000	-0.293984	-124.983804
313	0.389772	75000	-0.293466	-125.277269
314	0.388353	75000	-0.292752	-125.570022
315	0.386937	75000	-0.292185	-125.862207
316	0.385524	75000	-0.291594	-126.153801
317	0.384115	75000	-0.290855	-126.444656
318	0.382708	75000	-0.290340	-126.734996
319	0.381305	75000	-0.289584	-127.024580
320	0.379904	75000	-0.289042	-127.313622
321	0.378507	75000	-0.288498	-127.602121
322	0.377113	75000	-0.287767	-127.889887
323	0.375722	75000	-0.287176	-128.177064
324	0.374334	75000	-0.286523	-128.463586
325	0.372949	75000	-0.285877	-128.749464
326	0.371567	75000	-0.285261	-129.034725
327	0.370189	75000	-0.284690	-129.319414
328	0.368813	75000	-0.284123	-129.603537
329	0.367440	75000	-0.283429	-129.886966
330	0.366071	75000	-0.282810	-130.169776
331	0.364705	75000	-0.282197	-130.451974
332	0.363341	75000	-0.281616	-130.733590
333	0.361981	75000	-0.280974	-131.014564
334	0.360624	75000	-0.280241	-131.294805
335	0.359269	75000	-0.279682	-131.574487
336	0.357918	75000	-0.279176	-131.853663
337	0.356570	75000	-0.278555	-132.132218
338	0.355225	75000	-0.277894	-132.410112
339	0.353883	75000	-0.277178	-132.687290
340	0.352544	75000	-0.276605	-132.963895
341	0.351208	75000	-0.276002	-133.239897
342	0.349875	75000	-0.275412	-133.515309
343	0.348546	75000	-0.274800	-133.790109
344	0.347219	75000	-0.274231	-134.064340
345	0.345895	75000	-0.273558	-134.337898
346	0.344574	75000	-0.272967	-134.610866
347	0.343257	75000	-0.272422	-134.883288
348	0.341942	75000	-0.271786	-135.155074
349	0.340630	75000	-0.271169	-135.426243
350	0.339322	75000	-0.270512	-135.696754
351	0.338016	75000	-0.269826	-135.966580
352	0.336714	75000	-0.269301	-136.235881
353	0.335414	75000	-0.268692	-136.504573
354	0.334118	75000	-0.268027	-136.772600
355	0.332824	75000	-0.267437	-137.040037
356	0.331534	75000	-0.266965	-137.307002
357	0.330246	75000	-0.266274	-137.573276
358	0.328962	75000	-0.265716	-137.838992
359	0.327680	75000	-0.265040	-138.104032
360	0.326401	75000	-0.264431	-138.368463
361	0.325126	75000	-0.263864	-138.632327
362	0.323853	75000	-0.263338	-138.895666
363	0.322584	75000	-0.262653	-139.158319
364	0.321317	75000	-0.261937	-139.420256
365	0.320054	75000	-0.261406	-139.681662
366	0.318793	75000	-0.260831	-139.942493
367	0.317536	75000	-0.260173	-140.202666
368	0.316281	75000	-0.259643	-140.462309
369	0.315030	75000	-0.259051	-140.721359
370	0.313781	75000	-0.258457	-140.979817
371	0.312535	75000	-0.257900	-141.237716
372	0.311293	75000	-0.257299	-141.495015
373	0.310053	75000	-0.256648	-141.751663
374	0.308816	75000	-0.255984	-142.007647
375	0.307582	75000	-0.255499	-142.263146
376	0.306352	75000	-0.254816	-142.517961
377	0.305124	75000	-0.254264	-142.772226
378	0.303899	75000	-0.253670	-143.025895
379	0.302677	75000	-0.253047	-143.278942
380	0.301458	75000	-0.252512	-143.531454
381	0.300242	75000	-0.251925	-143.783379
382	0.299029	75000	-0.251279	-144.034658
383	0.297819	75000	-0.250580	-144.285237
384	0.296611	75000	-0.250152	-144.535389
385	0.295407	75000	-0.249543	-144.784932
386	0.294206	75000	-0.248968	-145.033900
387	0.293007	75000	-0.248300	-145.282200
388	0.291812	75000	-0.247760	-145.529960
389	0.290619	75000	-0.247321	-145.777281
390	0.289430	75000	-0.246596	-146.023877
391	0.288243	75000	-0.245917	-146.269795
392	0.287059	75000	-0.245399	-146.515194
393	0.285879	75000	-0.244828	-146.760022
394	0.284701	75000	-0.244055	-147.004077
395	0.283526	75000	-0.243651	-147.247727
396	0.282354	75000	-0.243027	-147.490755
397	0.281184	75000	-0.242465	-147.733220
398	0.280018	75000	-0.241901	-147.975120
399	0.278855	75000	-0.241265	-148.216385
400	0.277694	75000	-0.240656	-148.457041
401	0.276537	75000	-0.240103	-148.697145
402	0.275382	75000	-0.239517	-148.936662
403	0.274230	75000	-0.238981	-149.175643
404	0.273082	75000	-0.238328	-149.413972
405	0.271936	75000	-0.237764	-149.651736
406	0.270793	75000	-0.237154	-149.888890
407	0.269652	75000	-0.236585	-150.125474
408	0.268515	75000	-0.236019	-150.361494
409	0.267381	75000	-0.235430	-150.596924
410	0.266249	75000	-0.234937	-150.831860
411	0.265121	75000	-0.234402	-151.066262
412	0.263995	75000	-0.233734	-151.299996
413	0.262872	75000	-0.233103	-151.533099
414	0.261752	75000	-0.232559	-151.765658
415	0.260635	75000	-0.232028	-151.997686
416	0.259520	75000	-0.231396	-152.229082
417	0.258409	75000	-0.230914	-152.459996
418	0.257300	75000	-0.230328	-152.690324
419	0.256195	75000	-0.229688	-152.920012
420	0.255092	75000	-0.229019	-153.149030
421	0.253992	75000	-0.228403	-153.377434
422	0.252895	75000	-0.227918	-153.605352
423	0.251800	75000	-0.227449	-153.832801
424	0.250709	75000	-0.226859	-154.059660
425	0.249620	75000	-0.226280	-154.285941
426	0.248534	75000	-0.225777	-154.511718
427	0.247451	75000	-0.225034	-154.736752
428	0.246371	75000	-0.224540	-154.961292
429	0.245294	75000	-0.224031	-155.185323
430	0.244220	75000	-0.223544	-155.408867
431	0.243148	75000	-0.222810	-155.631677
432	0.242079	75000	-0.222242	-155.853919
433	0.241013	75000	-0.221636	-156.075555
434	0.239950	75000	-0.221211	-156.296766
435	0.238890	75000	-0.220612	-156.517378
436	0.237832	75000	-0.219962	-156.737340
437	0.236778	75000	-0.219360	-156.956701
438	0.235726	75000	-0.218865	-157.175566
439	0.234677	75000	-0.218273	-157.393839
440	0.233630	75000	-0.217782	-157.611621
441	0.232587	75000	-0.217258	-157.828879
442	0.231546	75000	-0.216624	-158.045503
443	0.230509	75000	-0.216131	-158.261634
444	0.229473	75000	-0.215512	-158.477146
445	0.228441	75000	-0.215012	-158.692158
446	0.227412	75000	-0.214416	-158.906574
447	0.226385	75000	-0.213876	-159.120450
448	0.225361	75000	-0.213242	-159.333692
449	0.224340	75000	-0.212712	-159.546404
450	0.223322	75000	-0.212034	-159.758438
451	0.222306	75000	-0.211585	-159.970024
452	0.221293	75000	-0.211016	-160.181039
453	0.220283	75000	-0.210402	-160.391442
454	0.219276	75000	-0.209874	-160.601316
455	0.218272	75000	-0.209327	-160.810643
456	0.217270	75000	-0.208790	-161.019433
457	0.216271	75000	-0.208301	-161.227734
458	0.215275	75000	-0.207700	-161.435433
459	0.214281	75000	-0.207039	-161.642472
460	0.213291	75000	-0.206720	-161.849192
461	0.212303	75000	-0.206004	-162.055196
462	0.211318	75000	-0.205452	-162.260648
463	0.210335	75000	-0.205017	-162.465665
464	0.209356	75000	-0.204294	-162.669959
465	0.208379	75000	-0.203853	-162.873812
466	0.207404	75000	-0.203389	-163.077201
467	0.206433	75000	-0.202763	-163.279964
468	0.205464	75000	-0.202081	-163.482045
469	0.204498	75000	-0.201733	-163.683778
470	0.203535	75000	-0.201072	-163.884851
471	0.202575	75000	-0.200736	-164.085586
472	0.201617	75000	-0.200087	-164.285673
473	0.200662	75000	-0.199500	-164.485174
474	0.199709	75000	-0.198908	-164.684082
475	0.198760	75000	-0.198455	-164.882537
476	0.197813	75000	-0.197757	-165.080294
477	0.196869	75000	-0.197291	-165.277585
478	0.195927	75000	-0.196845	-165.474429
479	0.194988	75000	-0.196238	-165.670667
480	0.194052	75000	-0.195663	-165.866330
481	0.193119	75000	-0.195125	-166.061455
482	0.192188	75000	-0.194620	-166.256074
483	0.191260	75000	-0.194156	-166.450231
484	0.190335	75000	-0.193504	-166.643735
485	0.189412	75000	-0.193094	-166.836828
486	0.188492	75000	-0.192543	-167.029371
487	0.187575	75000	-0.191921	-167.221292
488	0.186660	75000	-0.191407	-167.412699
489	0.185749	75000	-0.190830	-167.603529
490	0.184839	75000	-0.190334	-167.793862
491	0.183933	75000	-0.189901	-167.983763
492	0.183029	75000	-0.189101	-168.172864
493	0.182128	75000	-0.188686	-168.361550
494	0.181229	75000	-0.188135	-168.549685
495	0.180333	75000	-0.187640	-168.737325
496	0.179440	75000	-0.187189	-168.924514
497	0.178550	75000	-0.186503	-169.111017
498	0.177662	75000	-0.186016	-169.297033
499	0.176777	75000	-0.185511	-169.482545
500	0.175894	75000	-0.185079	-169.667623
501	0.175014	75000	-0.184450	-169.852073
502	0.174137	75000	-0.183815	-170.035888
503	0.173262	75000	-0.183465	-170.219353
504	0.172390	75000	-0.182729	-170.402081
505	0.171521	75000	-0.182361	-170.584443
506	0.170654	75000	-0.181762	-170.766205
507	0.169790	75000	-0.181237	-170.947442
508	0.168929	75000	-0.180649	-171.128091
509	0.168070	75000	-0.180239	-171.308331
510	0.167214	75000	-0.179729	-171.488060
511	0.166360	75000	-0.179163	-171.667222
512	0.165509	75000	-0.178695	-171.845918
513	0.164661	75000	-0.178211	-172.024128
514	0.163815	75000	-0.177616	-172.201744
515	0.162972	75000	-0.177103	-172.378847
516	0.162132	75000	-0.176666	-172.555513
517	0.161294	75000	-0.176156	-172.731670
518	0.160458	75000	-0.175531	-172.907201
519	0.159626	75000	-0.175049	-173.082251
520	0.158796	75000	-0.174627	-173.256877
521	0.157968	75000	-0.174098	-173.430976
522	0.157143	75000	-0.173419	-173.604395
523	0.156321	75000	-0.172996	-173.777391
524	0.155501	75000	-0.172467	-173.949858
525	0.154684	75000	-0.172021	-174.121878
526	0.153870	75000	-0.171385	-174.293264
527	0.153058	75000	-0.170897	-174.464161
528	0.152248	75000	-0.170541	-174.634702
529	0.151441	75000	-0.169963	-174.804665
530	0.150637	75000	-0.169352	-174.974017
531	0.149835	75000	-0.168812	-175.142829
532	0.149036	75000	-0.168376	-175.311205
533	0.148240	75000	-0.167827	-175.479032
534	0.147446	75000	-0.167387	-175.646419
535	0.146654	75000	-0.166906	-175.813325
536	0.145865	75000	-0.166456	-175.979781
537	0.145079	75000	-0.165916	-176.145696
538	0.144295	75000	-0.165375	-176.311072
539	0.143514	75000	-0.164933	-176.476005
540	0.142735	75000	-0.164285	-176.640290
541	0.141959	75000	-0.163670	-176.803959
542	0.141186	75000	-0.163237	-176.967197
543	0.140415	75000	-0.162795	-177.129991
544	0.139646	75000	-0.162377	-177.292368
545	0.138880	75000	-0.161791	-177.454159
546	0.138116	75000	-0.161325	-177.615484
547	0.137356	75000	-0.160895	-177.776379
548	0.136597	75000	-0.160259	-177.936639
549	0.135841	75000	-0.159710	-178.096349
550	0.135088	75000	-0.159357	-178.255706
551	0.134337	75000	-0.158836	-178.414542
552	0.133588	75000	-0.158231	-178.572773
553	0.132843	75000	-0.157728	-178.730500
554	0.132099	75000	-0.157404	-178.887904
555	0.131358	75000	-0.156956	-179.044861
556	0.130620	75000	-0.156443	-179.201304
557	0.129884	75000	-0.155934	-179.357238
558	0.129151	75000	-0.155396	-179.512634
559	0.128420	75000	-0.154872	-179.667506
560	0.127691	75000	-0.154552	-179.822058
561	0.126965	75000	-0.153765	-179.975823
562	0.126242	75000	-0.153443	-180.129265
563	0.125521	75000	-0.152944	-180.282209
564	0.124802	75000	-0.152517	-180.434726
565	0.124086	75000	-0.151887	-180.586613
566	0.123373	75000	-0.151473	-180.738086
567	0.122662	75000	-0.150904	-180.888990
568	0.121953	75000	-0.150502	-181.039492
569	0.121247	75000	-0.149931	-181.189423
570	0.120543	75000	-0.149462	-181.338886
571	0.119842	75000	-0.148957	-181.487842
572	0.119143	75000	-0.148594	-181.636436
573	0.118447	75000	-0.148005	-181.784441
574	0.117753	75000	-0.147539	-181.931981
575	0.117062	75000	-0.146919	-182.078900
576	0.116373	75000	-0.146541	-182.225441
577	0.115686	75000	-0.145979	-182.371420
578	0.115002	75000	-0.145769	-182.517189
579	0.114320	75000	-0.145117	-182.662306
580	0.113641	75000	-0.144777	-182.807083
581	0.112964	75000	-0.144208	-182.951291
582	0.112290	75000	-0.143780	-183.095070
583	0.111618	75000	-0.143324	-183.238394
584	0.110948	75000	-0.142714	-183.381108
585	0.110281	75000	-0.142208	-183.523317
586	0.109616	75000	-0.141829	-183.665146
587	0.108954	75000	-0.141467	-183.806613
588	0.108294	75000	-0.140938	-183.947551
589	0.107637	75000	-0.140461	-184.088012
590	0.106981	75000	-0.139822	-184.227834
591	0.106329	75000	-0.139544	-184.367378
592	0.105678	75000	-0.138943	-184.506321
593	0.105030	75000	-0.138570	-184.644891
594	0.104385	75000	-0.137967	-184.782858
595	0.103742	75000	-0.137571	-184.920429
596	0.103101	75000	-0.137247	-185.057676
597	0.102463	75000	-0.136634	-185.194310
598	0.101827	75000	-0.136398	-185.330708
599	0.101193	75000	-0.135681	-185.466389
600	0.100562	75000	-0.135292	-185.601681
601	0.099933	75000	-0.134745	-185.736426
602	0.099306	75000	-0.134593	-185.871019
603	0.098682	75000	-0.133897	-186.004916
604	0.098060	75000	-0.133513	-186.138429
605	0.097441	75000	-0.132946	-186.271375
606	0.096824	75000	-0.132475	-186.403851
607	0.096209	75000	-0.132095	-186.535945
608	0.095596	75000	-0.131519	-186.667464
609	0.094986	75000	-0.131102	-186.798566
610	0.094379	75000	-0.130724	-186.929290
611	0.093773	75000	-0.130168	-187.059458
612	0.093170	75000	-0.129815	-187.189274
613	0.092570	75000	-0.129449	-187.318723
614	0.091971	75000	-0.128890	-187.447613
615	0.091375	75000	-0.128352	-187.575965
616	0.090781	75000	-0.127952	-187.703917
617	0.090190	75000	-0.127426	-187.831343
618	0.089601	75000	-0.127151	-187.958494
619	0.089014	75000	-0.126488	-188.084982
620	0.088430	75000	-0.126101	-188.211083
621	0.087848	75000	-0.125687	-188.336770
622	0.087268	75000	-0.125147	-188.461917
623	0.086690	75000	-0.124871	-188.586788
624	0.086115	75000	-0.124272	-188.711060
625	0.085542	75000	-0.123874	-188.834934
626	0.084971	75000	-0.123430	-188.958364
627	0.084403	75000	-0.123217	-189.081581
628	0.083837	75000	-0.122458	-189.204039
629	0.083273	75000	-0.122359	-189.326398
630	0.082712	75000	-0.121656	-189.448054
631	0.082152	75000	-0.121262	-189.569316
632	0.081595	75000	-0.120853	-189.690170
633	0.081041	75000	-0.120406	-189.810576
634	0.080488	75000	-0.119970	-189.930547
635	0.079938	75000	-0.119408	-190.049955
636	0.079390	75000	-0.119063	-190.169017
637	0.078845	75000	-0.118696	-190.287713
638	0.078301	75000	-0.118233	-190.405947
639	0.077760	75000	-0.117741	-190.523688
640	0.077221	75000	-0.117442	-190.641130
641	0.076684	75000	-0.116877	-190.758006
642	0.076150	75000	-0.116580	-190.874587
643	0.075618	75000	-0.115913	-190.990499
644	0.075088	75000	-0.115585	-191.106085
645	0.074560	75000	-0.115220	-191.221304
646	0.074035	75000	-0.114736	-191.336040
647	0.073512	75000	-0.114202	-191.450242
648	0.072991	75000	-0.113846	-191.564088
649	0.072472	75000	-0.113331	-191.677419
650	0.071955	75000	-0.113146	-191.790565
651	0.071441	75000	-0.112613	-191.903178
652	0.070929	75000	-0.112265	-192.015443
653	0.070419	75000	-0.111480	-192.126923
654	0.069911	75000	-0.111312	-192.238235
655	0.069406	75000	-0.110929	-192.349164
656	0.068903	75000	-0.110559	-192.459723
657	0.068401	75000	-0.110094	-192.569817
658	0.067903	75000	-0.109507	-192.679324
659	0.067406	75000	-0.109294	-192.788618
660	0.066911	75000	-0.108770	-192.897388
661	0.066419	75000	-0.108499	-193.005887
662	0.065929	75000	-0.107989	-193.113876
663	0.065441	75000	-0.107627	-193.221502
664	0.064955	75000	-0.107328	-193.328831
665	0.064471	75000	-0.106685	-193.435516
666	0.063990	75000	-0.106396	-193.541912
667	0.063510	75000	-0.105901	-193.647813
668	0.063033	75000	-0.105679	-193.753492
669	0.062558	75000	-0.105418	-193.858910
670	0.062085	75000	-0.104659	-193.963570
671	0.061615	75000	-0.104394	-194.067964
672	0.061146	75000	-0.103840	-194.171804
673	0.060680	75000	-0.103584	-194.275388
674	0.060216	75000	-0.103205	-194.378593
675	0.059753	75000	-0.102694	-194.481287
676	0.059293	75000	-0.102380	-194.583667
677	0.058836	75000	-0.101908	-194.685575
678	0.058380	75000	-0.101606	-194.787180
679	0.057926	75000	-0.101013	-194.888193
680	0.057475	75000	-0.100999	-194.989192
681	0.057025	75000	-0.100352	-195.089543
682	0.056578	75000	-0.099912	-195.189455
683	0.056133	75000	-0.099573	-195.289028
684	0.055690	75000	-0.099015	-195.388043
685	0.055249	75000	-0.098668	-195.486711
686	0.054810	75000	-0.098217	-195.584929
687	0.054373	75000	-0.098045	-195.682974
688	0.053939	75000	-0.097597	-195.780571
689	0.053506	75000	-0.097123	-195.877694
690	0.053076	75000	-0.096778	-195.974472
691	0.052647	75000	-0.096377	-196.070848
692	0.052221	75000	-0.095940	-196.166789
693	0.051797	75000	-0.095577	-196.262366
694	0.051375	75000	-0.095367	-196.357733
695	0.050955	75000	-0.094802	-196.452534
696	0.050537	75000	-0.094410	-196.546944
697	0.050121	75000	-0.094148	-196.641093
698	0.049707	75000	-0.094007	-196.735100
699	0.049295	75000	-0.093374	-196.828473
700	0.048885	75000	-0.093037	-196.921510
701	0.048478	75000	-0.092529	-197.014040
702	0.048072	75000	-0.092134	-197.106174
703	0.047668	75000	-0.092041	-197.198215
704	0.047267	75000	-0.091597	-197.289812
705	0.046867	75000	-0.091127	-197.380939
706	0.046470	75000	-0.091038	-197.471977
707	0.046074	75000	-0.090640	-197.562617
708	0.045681	75000	-0.089926	-197.652543
709	0.045289	75000	-0.089550	-197.742093
710	0.044900	75000	-0.089291	-197.831384
711	0.044512	75000	-0.089057	-197.920441
712	0.044127	75000	-0.088508	-198.008949
713	0.043744	75000	-0.088345	-198.097295
714	0.043362	75000	-0.087718	-198.185012
715	0.042983	75000	-0.087434	-198.272446
716	0.042606	75000	-0.087361	-198.359808
717	0.042230	75000	-0.086907	-198.446715
718	0.041857	75000	-0.086375	-198.533090
719	0.041485	75000	-0.086213	-198.619303
720	0.041116	75000	-0.085647	-198.704950
721	0.040749	75000	-0.085423	-198.790373
722	0.040383	75000	-0.084987	-198.875360
723	0.040020	75000	-0.084408	-198.959768
724	0.039658	75000	-0.084184	-199.043952
725	0.039299	75000	-0.084020	-199.127971
726	0.038941	75000	-0.083394	-199.211365
727	0.038585	75000	-0.083395	-199.294760
728	0.038232	75000	-0.082860	-199.377620
729	0.037880	75000	-0.082702	-199.460322
730	0.037530	75000	-0.082136	-199.542458
731	0.037182	75000	-0.081982	-199.624439
732	0.036836	75000	-0.081773	-199.706213
733	0.036493	75000	-0.081146	-199.787359
734	0.036151	75000	-0.081226	-199.868584
735	0.035810	75000	-0.080421	-199.949005
736	0.035472	75000	-0.080483	-200.029488
737	0.035136	75000	-0.079783	-200.109272
738	0.034802	75000	-0.079696	-200.188967
739	0.034469	75000	-0.079395	-200.268363
740	0.034139	75000	-0.078712	-200.347075
741	0.033810	75000	-0.078672	-200.425747
742	0.033484	75000	-0.078307	-200.504054
743	0.033159	75000	-0.078099	-200.582152
744	0.032836	75000	-0.077943	-200.660096
745	0.032515	75000	-0.077543	-200.737639
746	0.032196	75000	-0.077047	-200.814685
747	0.031879	75000	-0.077111	-200.891797
748	0.031563	75000	-0.076751	-200.968548
749	0.031250	75000	-0.076377	-201.044925
750	0.030938	75000	-0.075789	-201.120714
751	0.030629	75000	-0.075577	-201.196291
752	0.030321	75000	-0.075280	-201.271571
753	0.030015	75000	-0.074832	-201.346403
754	0.029711	75000	-0.074747	-201.421150
755	0.029409	75000	-0.074374	-201.495524
756	0.029108	75000	-0.074093	-201.569617
757	0.028810	75000	-0.073936	-201.643553
758	0.028513	75000	-0.073452	-201.717005
759	0.028218	75000	-0.073212	-201.790216
760	0.027925	75000	-0.073231	-201.863447
761	0.027634	75000	-0.072642	-201.936089
762	0.027345	75000	-0.072417	-202.008506
763	0.027057	75000	-0.072398	-202.080903
764	0.026771	75000	-0.071815	-202.152718
765	0.026487	75000	-0.071397	-202.224116
766	0.026205	75000	-0.071296	-202.295412
767	0.025925	75000	-0.071141	-202.366553
768	0.025647	75000	-0.070792	-202.437346
769	0.025370	75000	-0.070170	-202.507515
770	0.025095	75000	-0.070346	-202.577861
771	0.024822	75000	-0.070086	-202.647948
772	0.024551	75000	-0.070070	-202.718018
773	0.024281	75000	-0.069526	-202.787544
774	0.024014	75000	-0.069279	-202.856823
775	0.023748	75000	-0.068812	-202.925635
776	0.023483	75000	-0.069258	-202.994893
777	0.023221	75000	-0.068368	-203.063262
778	0.022960	75000	-0.068211	-203.131473
779	0.022702	75000	-0.067605	-203.199078
780	0.022445	75000	-0.067918	-203.266996
781	0.022189	75000	-0.067904	-203.334900
782	0.021936	75000	-0.067476	-203.402376
783	0.021684	75000	-0.067304	-203.469680
784	0.021434	75000	-0.066626	-203.536306
785	0.021185	75000	-0.066941	-203.603247
786	0.020939	75000	-0.066698	-203.669945
787	0.020694	75000	-0.066105	-203.736050
788	0.020451	75000	-0.066194	-203.802244
789	0.020209	75000	-0.065929	-203.868173
790	0.019969	75000	-0.066018	-203.934190
791	0.019731	75000	-0.065428	-203.999618
792	0.019495	75000	-0.065516	-204.065134
793	0.019261	75000	-0.065039	-204.130173
794	0.019028	75000	-0.064640	-204.194813
795	0.018796	75000	-0.064492	-204.259305
796	0.018567	75000	-0.064672	-204.323977
797	0.018339	75000	-0.064259	-204.388236
798	0.018113	75000	-0.063993	-204.452229
799	0.017889	75000	-0.063992	-204.516220
800	0.017666	75000	-0.063499	-204.579719
801	0.017445	75000	-0.063565	-204.643285
802	0.017225	75000	-0.063389	-204.706673
803	0.017007	75000	-0.063997	-204.770670
804	0.016791	75000	-0.062961	-204.833631
805	0.016577	75000	-0.063163	-204.896794
806	0.016364	75000	-0.062570	-204.959364
807	0.016153	75000	-0.062526	-205.021889
808	0.015943	75000	-0.063241	-205.085131
809	0.015736	75000	-0.063035	-205.148166
810	0.015529	75000	-0.063042	-205.211208
811	0.015325	75000	-0.062838	-205.274046
812	0.015122	75000	-0.063039	-205.337085
813	0.014920	75000	-0.063421	-205.400505
814	0.014721	75000	-0.062891	-205.463397
815	0.014523	75000	-0.062934	-205.526331
816	0.014326	75000	-0.063632	-205.589962
817	0.014131	75000	-0.063796	-205.653758
818	0.013938	75000	-0.063689	-205.717447
819	0.013746	75000	-0.062692	-205.780139
820	0.013556	75000	-0.063088	-205.843227
821	0.013367	75000	-0.062463	-205.905690
822	0.013181	75000	-0.062335	-205.968025
823	0.012995	75000	-0.062739	-206.030764
824	0.012811	75000	-0.062492	-206.093257
825	0.012629	75000	-0.062760	-206.156017
826	0.012448	75000	-0.062897	-206.218914
827	0.012269	75000	-0.063813	-206.282727
828	0.012092	75000	-0.062508	-206.345234
829	0.011916	75000	-0.062709	-206.407943
830	0.011741	75000	-0.062436	-206.470379
831	0.011568	75000	-0.064105	-206.534484
832	0.011397	75000	-0.063592	-206.598076
833	0.011227	75000	-0.064215	-206.662291
834	0.011059	75000	-0.063824	-206.726116
835	0.010892	75000	-0.065057	-206.791172
836	0.010727	75000	-0.063816	-206.854988
837	0.010563	75000	-0.065630	-206.920618
838	0.010401	75000	-0.066545	-206.987163
839	0.010240	75000	-0.065507	-207.052671
840	0.010081	75000	-0.065815	-207.118486
841	0.009923	75000	-0.066044	-207.184530
842	0.009767	75000	-0.068709	-207.253239
843	0.009612	75000	-0.066521	-207.319760
844	0.009459	75000	-0.068073	-207.387833
845	0.009307	75000	-0.068831	-207.456664
846	0.009156	75000	-0.067356	-207.524020
847	0.009008	75000	-0.068694	-207.592714
848	0.008860	75000	-0.070195	-207.662909
849	0.008714	75000	-0.069191	-207.732100
850	0.008570	75000	-0.069247	-207.801347
851	0.008427	75000	-0.073910	-207.875257
852	0.008285	75000	-0.072481	-207.947738
853	0.008145	75000	-0.071898	-208.019636
854	0.008006	75000	-0.075018	-208.094654
855	0.007869	75000	-0.071951	-208.166604
856	0.007733	75000	-0.075245	-208.241850
857	0.007598	75000	-0.077735	-208.319584
858	0.007465	75000	-0.078831	-208.398416
859	0.007334	75000	-0.077314	-208.475730
860	0.007203	75000	-0.080271	-208.556001
861	0.007075	75000	-0.079490	-208.635491
862	0.006947	75000	-0.081479	-208.716970
863	0.006821	75000	-0.080932	-208.797902
864	0.006696	75000	-0.083294	-208.881196
865	0.006573	75000	-0.084116	-208.965311
866	0.006451	75000	-0.084074	-209.049386
867	0.006330	75000	-0.086291	-209.135677
868	0.006211	75000	-0.087286	-209.222962
869	0.006093	75000	-0.088688	-209.311650
870	0.005977	75000	-0.088252	-209.399902
871	0.005862	75000	-0.090685	-209.490588
872	0.005748	75000	-0.090767	-209.581354
873	0.005635	75000	-0.091480	-209.672834
874	0.005524	75000	-0.093476	-209.766310
875	0.005414	75000	-0.094692	-209.861002
876	0.005306	75000	-0.094164	-209.955166
877	0.005199	75000	-0.095721	-210.050886
878	0.005093	75000	-0.094511	-210.145398
879	0.004988	75000	-0.098751	-210.244148
880	0.004885	75000	-0.099655	-210.343803
881	0.004783	75000	-0.099291	-210.443095
882	0.004682	75000	-0.099691	-210.542786
883	0.004583	75000	-0.098914	-210.641699
884	0.004485	75000	-0.103148	-210.744848
885	0.004388	75000	-0.101018	-210.845865
886	0.004292	75000	-0.101801	-210.947666
887	0.004198	75000	-0.102082	-211.049748
888	0.004105	75000	-0.103138	-211.152887
889	0.004013	75000	-0.104248	-211.257134
890	0.003923	75000	-0.103593	-211.360727
891	0.003833	75000	-0.103104	-211.463830
892	0.003745	75000	-0.104533	-211.568364
893	0.003658	75000	-0.106026	-211.674390
894	0.003573	75000	-0.105056	-211.779445
895	0.003488	75000	-0.105336	-211.884781
896	0.003405	75000	-0.104579	-211.989360
897	0.003323	75000	-0.104395	-212.093755
898	0.003242	75000	-0.104160	-212.197914
899	0.003162	75000	-0.102819	-212.300734
900	0.003084	75000	-0.103941	-212.404675
901	0.003007	75000	-0.104017	-212.508693
902	0.002930	75000	-0.102886	-212.611578
903	0.002855	75000	-0.102462	-212.714040
904	0.002782	75000	-0.102091	-212.816131
905	0.002709	75000	-0.101672	-212.917804
906	0.002638	75000	-0.099949	-213.017753
907	0.002567	75000	-0.099634	-213.117387
908	0.002498	75000	-0.100528	-213.217915
909	0.002430	75000	-0.099794	-213.317709
910	0.002363	75000	-0.098919	-213.416628
911	0.002297	75000	-0.097772	-213.514401
912	0.002233	75000	-0.096368	-213.610768
913	0.002169	75000	-0.096180	-213.706949
914	0.002106	75000	-0.094571	-213.801519
915	0.002045	75000	-0.093751	-213.895270
916	0.001985	75000	-0.092543	-213.987814
917	0.001925	75000	-0.092066	-214.079880
918	0.001867	75000	-0.090820	-214.170699
919	0.001810	75000	-0.090108	-214.260807
920	0.001754	75000	-0.089159	-214.349966
921	0.001699	75000	-0.086741	-214.436707
922	0.001645	75000	-0.085496	-214.522204
923	0.001592	75000	-0.084524	-214.606728
924	0.001540	75000	-0.083666	-214.690393
925	0.001490	75000	-0.082675	-214.773068
926	0.001440	75000	-0.081000	-214.854068
927	0.001391	75000	-0.080039	-214.934107
928	0.001343	75000	-0.078187	-215.012294
929	0.001296	75000	-0.077014	-215.089308
930	0.001251	75000	-0.075734	-215.165042
931	0.001206	75000	-0.074941	-215.239983
932	0.001162	75000	-0.073525	-215.313508
933	0.001119	75000	-0.071861	-215.385369
934	0.001077	75000	-0.070617	-215.455986
935	0.001036	75000	-0.068881	-215.524867
936	0.000996	75000	-0.067998	-215.592865
937	0.000957	75000	-0.066353	-215.659218
938	0.000919	75000	-0.065039	-215.724257
939	0.000882	75000	-0.063372	-215.787630
940	0.000846	75000	-0.062410	-215.850040
941	0.000810	75000	-0.061035	-215.911074
942	0.000776	75000	-0.059570	-215.970644
943	0.000742	75000	-0.057985	-216.028629
944	0.000709	75000	-0.056644	-216.085273
945	0.000678	75000	-0.055177	-216.140451
946	0.000647	75000	-0.054069	-216.194520
947	0.000617	75000	-0.052412	-216.246932
948	0.000587	75000	-0.051097	-216.298029
949	0.000559	75000	-0.050006	-216.348035
950	0.000531	75000	-0.048320	-216.396355
951	0.000505	75000	-0.046861	-216.443215
952	0.000479	75000	-0.045315	-216.488530
953	0.000454	75000	-0.044206	-216.532736
954	0.000430	75000	-0.043020	-216.575756
955	0.000406	75000	-0.041414	-216.617170
956	0.000383	75000	-0.040251	-216.657421
957	0.000362	75000	-0.038659	-216.696080
958	0.000340	75000	-0.037738	-216.733818
959	0.000320	75000	-0.036287	-216.770105
960	0.000300	75000	-0.034873	-216.804978
961	0.000281	75000	-0.033672	-216.838650
962	0.000263	75000	-0.032482	-216.871132
963	0.000246	75000	-0.031110	-216.902242
964	0.000229	75000	-0.029989	-216.932231
965	0.000213	75000	-0.028733	-216.960964
966	0.000198	75000	-0.027402	-216.988366
967	0.000183	75000	-0.026350	-217.014716
968	0.000169	75000	-0.025136	-217.039852
969	0.000156	75000	-0.023990	-217.063842
970	0.000143	75000	-0.022742	-217.086584
971	0.000131	75000	-0.021675	-217.108259
972	0.000120	75000	-0.020615	-217.128874
973	0.000109	75000	-0.019493	-217.148367
974	0.000099	75000	-0.018377	-217.166744
975	0.000089	75000	-0.017313	-217.184057
976	0.000080	75000	-0.016279	-217.200336
977	0.000072	75000	-0.015190	-217.215527
978	0.000064	75000	-0.014282	-217.229808
979	0.000057	75000	-0.013260	-217.243068
980	0.000050	75000	-0.012325	-217.255393
981	0.000043	75000	-0.011405	-217.266798
982	0.000038	75000	-0.010480	-217.277278
983	0.000032	75000	-0.009597	-217.286875
984	0.000028	75000	-0.008761	-217.295636
985	0.000023	75000	-0.007913	-217.303550
986	0.000019	75000	-0.007130	-217.310680
987	0.000016	75000	-0.006360	-217.317040
988	0.000013	75000	-0.005602	-217.322641
989	0.000010	75000	-0.004877	-217.327519
990	0.000008	75000	-0.004190	-217.331708
991	0.000006	75000	-0.003561	-217.335270
992	0.000004	75000	-0.002956	-217.338225
993	0.000003	75000	-0.002369	-217.340595
994	0.000002	75000	-0.001857	-217.342452
995	0.000001	75000	-0.001365	-217.343817
996	0.000000	75000	-0.000940	-217.344756
997	0.000000	75000	-0.000570	-217.345326
998	0.000000	75000	-0.000268	-217.345594
999	0.000000	75000	-0.000058	-217.345651
Log marginal likelihood:	-217.345651
