Steppingstone sampler:
        No Stones:                  1000
        Start It:                   10000001
        It Per Stone:               100000
        Sample Freq:                1
        Dist:                       Beta(0.400000,1.000000)
Stone No	Power	N	Stone MLh	Running MLh
0	0.997502	75000	-0.019855	-0.019855
1	0.995007	75000	-0.019784	-0.039639
2	0.992517	75000	-0.019715	-0.059353
3	0.990030	75000	-0.019782	-0.079136
4	0.987547	75000	-0.019736	-0.098872
5	0.985067	75000	-0.019727	-0.118599
6	0.982592	75000	-0.019700	-0.138299
7	0.980120	75000	-0.019657	-0.157957
8	0.977652	75000	-0.019681	-0.177638
9	0.975187	75000	-0.019647	-0.197284
10	0.972726	75000	-0.019569	-0.216853
11	0.970269	75000	-0.019591	-0.236445
12	0.967816	75000	-0.019532	-0.255977
13	0.965367	75000	-0.019551	-0.275528
14	0.962921	75000	-0.019523	-0.295051
15	0.960479	75000	-0.019549	-0.314599
16	0.958040	75000	-0.019467	-0.334066
17	0.955606	75000	-0.019415	-0.353481
18	0.953175	75000	-0.019417	-0.372898
19	0.950747	75000	-0.019394	-0.392292
20	0.948324	75000	-0.019402	-0.411695
21	0.945904	75000	-0.019332	-0.431027
22	0.943488	75000	-0.019343	-0.450370
23	0.941076	75000	-0.019354	-0.469723
24	0.938667	75000	-0.019303	-0.489026
25	0.936262	75000	-0.019308	-0.508334
26	0.933861	75000	-0.019239	-0.527573
27	0.931463	75000	-0.019193	-0.546766
28	0.929069	75000	-0.019185	-0.565951
29	0.926679	75000	-0.019215	-0.585166
30	0.924293	75000	-0.019167	-0.604333
31	0.921910	75000	-0.019096	-0.623429
32	0.919531	75000	-0.019085	-0.642514
33	0.917155	75000	-0.019157	-0.661670
34	0.914783	75000	-0.019076	-0.680746
35	0.912415	75000	-0.019011	-0.699757
36	0.910051	75000	-0.019062	-0.718819
37	0.907690	75000	-0.019004	-0.737822
38	0.905333	75000	-0.018929	-0.756751
39	0.902980	75000	-0.018913	-0.775664
40	0.900630	75000	-0.018948	-0.794612
41	0.898284	75000	-0.018928	-0.813541
42	0.895942	75000	-0.018867	-0.832408
43	0.893603	75000	-0.018859	-0.851266
44	0.891268	75000	-0.018838	-0.870105
45	0.888937	75000	-0.018818	-0.888922
46	0.886609	75000	-0.018741	-0.907664
47	0.884285	75000	-0.018759	-0.926423
48	0.881965	75000	-0.018718	-0.945141
49	0.879648	75000	-0.018730	-0.963871
50	0.877335	75000	-0.018713	-0.982584
51	0.875026	75000	-0.018714	-1.001298
52	0.872720	75000	-0.018619	-1.019917
53	0.870418	75000	-0.018594	-1.038511
54	0.868120	75000	-0.018591	-1.057102
55	0.865825	75000	-0.018601	-1.075703
56	0.863534	75000	-0.018539	-1.094242
57	0.861246	75000	-0.018521	-1.112763
58	0.858962	75000	-0.018566	-1.131329
59	0.856682	75000	-0.018482	-1.149811
60	0.854405	75000	-0.018522	-1.168333
61	0.852132	75000	-0.018418	-1.186751
62	0.849863	75000	-0.018435	-1.205186
63	0.847597	75000	-0.018406	-1.223592
64	0.845335	75000	-0.018398	-1.241990
65	0.843077	75000	-0.018310	-1.260300
66	0.840822	75000	-0.018352	-1.278653
67	0.838571	75000	-0.018339	-1.296992
68	0.836323	75000	-0.018291	-1.315284
69	0.834079	75000	-0.018309	-1.333593
70	0.831839	75000	-0.018259	-1.351852
71	0.829602	75000	-0.018235	-1.370087
72	0.827369	75000	-0.018167	-1.388254
73	0.825140	75000	-0.018174	-1.406427
74	0.822914	75000	-0.018202	-1.424629
75	0.820691	75000	-0.018147	-1.442776
76	0.818473	75000	-0.018100	-1.460876
77	0.816258	75000	-0.018108	-1.478984
78	0.814046	75000	-0.018098	-1.497082
79	0.811838	75000	-0.018013	-1.515095
80	0.809634	75000	-0.018031	-1.533126
81	0.807433	75000	-0.018073	-1.551199
82	0.805236	75000	-0.017999	-1.569198
83	0.803043	75000	-0.017973	-1.587171
84	0.800853	75000	-0.017956	-1.605127
85	0.798667	75000	-0.017902	-1.623029
86	0.796484	75000	-0.017856	-1.640885
87	0.794305	75000	-0.017879	-1.658764
88	0.792129	75000	-0.017772	-1.676536
89	0.789957	75000	-0.017868	-1.694405
90	0.787789	75000	-0.017851	-1.712256
91	0.785624	75000	-0.017794	-1.730050
92	0.783463	75000	-0.017781	-1.747831
93	0.781305	75000	-0.017753	-1.765584
94	0.779151	75000	-0.017707	-1.783291
95	0.777000	75000	-0.017710	-1.801001
96	0.774853	75000	-0.017680	-1.818681
97	0.772710	75000	-0.017645	-1.836326
98	0.770570	75000	-0.017623	-1.853949
99	0.768433	75000	-0.017612	-1.871561
100	0.766301	75000	-0.017642	-1.889203
101	0.764172	75000	-0.017596	-1.906799
102	0.762046	75000	-0.017564	-1.924363
103	0.759924	75000	-0.017560	-1.941922
104	0.757805	75000	-0.017466	-1.959389
105	0.755690	75000	-0.017487	-1.976876
106	0.753579	75000	-0.017427	-1.994303
107	0.751471	75000	-0.017529	-2.011831
108	0.749366	75000	-0.017386	-2.029217
109	0.747266	75000	-0.017374	-2.046591
110	0.745168	75000	-0.017368	-2.063959
111	0.743075	75000	-0.017327	-2.081286
112	0.740984	75000	-0.017389	-2.098675
113	0.738898	75000	-0.017332	-2.116007
114	0.736815	75000	-0.017278	-2.133285
115	0.734735	75000	-0.017303	-2.150588
116	0.732659	75000	-0.017262	-2.167850
117	0.730586	75000	-0.017235	-2.185086
118	0.728517	75000	-0.017177	-2.202262
119	0.726452	75000	-0.017159	-2.219421
120	0.724390	75000	-0.017230	-2.236651
121	0.722331	75000	-0.017183	-2.253834
122	0.720276	75000	-0.017172	-2.271006
123	0.718225	75000	-0.017113	-2.288119
124	0.716177	75000	-0.017064	-2.305183
125	0.714132	75000	-0.017131	-2.322314
126	0.712091	75000	-0.017091	-2.339406
127	0.710054	75000	-0.016988	-2.356394
128	0.708020	75000	-0.017010	-2.373404
129	0.705989	75000	-0.016978	-2.390382
130	0.703962	75000	-0.017030	-2.407412
131	0.701939	75000	-0.016962	-2.424374
132	0.699919	75000	-0.016955	-2.441329
133	0.697902	75000	-0.016895	-2.458224
134	0.695889	75000	-0.016912	-2.475136
135	0.693880	75000	-0.016814	-2.491950
136	0.691874	75000	-0.016863	-2.508814
137	0.689871	75000	-0.016837	-2.525651
138	0.687872	75000	-0.016806	-2.542456
139	0.685877	75000	-0.016797	-2.559253
140	0.683885	75000	-0.016725	-2.575978
141	0.681896	75000	-0.016711	-2.592689
142	0.679911	75000	-0.016757	-2.609446
143	0.677929	75000	-0.016661	-2.626107
144	0.675951	75000	-0.016625	-2.642732
145	0.673976	75000	-0.016711	-2.659443
146	0.672005	75000	-0.016548	-2.675991
147	0.670037	75000	-0.016665	-2.692656
148	0.668073	75000	-0.016581	-2.709237
149	0.666112	75000	-0.016510	-2.725747
150	0.664155	75000	-0.016447	-2.742194
151	0.662201	75000	-0.016521	-2.758715
152	0.660250	75000	-0.016515	-2.775231
153	0.658303	75000	-0.016456	-2.791686
154	0.656359	75000	-0.016484	-2.808171
155	0.654419	75000	-0.016457	-2.824627
156	0.652483	75000	-0.016480	-2.841107
157	0.650549	75000	-0.016406	-2.857513
158	0.648619	75000	-0.016405	-2.873917
159	0.646693	75000	-0.016377	-2.890294
160	0.644770	75000	-0.016368	-2.906662
161	0.642851	75000	-0.016291	-2.922953
162	0.640934	75000	-0.016268	-2.939221
163	0.639022	75000	-0.016330	-2.955551
164	0.637113	75000	-0.016281	-2.971832
165	0.635207	75000	-0.016173	-2.988005
166	0.633304	75000	-0.016222	-3.004227
167	0.631405	75000	-0.016224	-3.020451
168	0.629510	75000	-0.016172	-3.036623
169	0.627618	75000	-0.016170	-3.052793
170	0.625729	75000	-0.016100	-3.068893
171	0.623844	75000	-0.016197	-3.085091
172	0.621962	75000	-0.016159	-3.101250
173	0.620083	75000	-0.016194	-3.117444
174	0.618208	75000	-0.016079	-3.133522
175	0.616337	75000	-0.016089	-3.149611
176	0.614468	75000	-0.016012	-3.165623
177	0.612604	75000	-0.015993	-3.181616
178	0.610742	75000	-0.015992	-3.197608
179	0.608884	75000	-0.015992	-3.213600
180	0.607029	75000	-0.016000	-3.229600
181	0.605178	75000	-0.015824	-3.245424
182	0.603330	75000	-0.015864	-3.261288
183	0.601486	75000	-0.015909	-3.277197
184	0.599645	75000	-0.015934	-3.293131
185	0.597807	75000	-0.015841	-3.308973
186	0.595973	75000	-0.015785	-3.324757
187	0.594142	75000	-0.015711	-3.340468
188	0.592314	75000	-0.015798	-3.356267
189	0.590490	75000	-0.015756	-3.372023
190	0.588669	75000	-0.015732	-3.387755
191	0.586852	75000	-0.015706	-3.403461
192	0.585038	75000	-0.015749	-3.419210
193	0.583227	75000	-0.015739	-3.434949
194	0.581420	75000	-0.015750	-3.450698
195	0.579616	75000	-0.015679	-3.466377
196	0.577815	75000	-0.015609	-3.481986
197	0.576018	75000	-0.015583	-3.497569
198	0.574224	75000	-0.015629	-3.513198
199	0.572433	75000	-0.015591	-3.528789
200	0.570646	75000	-0.015567	-3.544357
201	0.568862	75000	-0.015565	-3.559922
202	0.567082	75000	-0.015466	-3.575387
203	0.565305	75000	-0.015472	-3.590859
204	0.563531	75000	-0.015430	-3.606289
205	0.561761	75000	-0.015457	-3.621746
206	0.559993	75000	-0.015489	-3.637234
207	0.558230	75000	-0.015432	-3.652666
208	0.556469	75000	-0.015370	-3.668036
209	0.554712	75000	-0.015419	-3.683455
210	0.552958	75000	-0.015333	-3.698789
211	0.551208	75000	-0.015366	-3.714155
212	0.549461	75000	-0.015343	-3.729498
213	0.547717	75000	-0.015315	-3.744813
214	0.545977	75000	-0.015278	-3.760091
215	0.544240	75000	-0.015221	-3.775312
216	0.542506	75000	-0.015318	-3.790630
217	0.540775	75000	-0.015249	-3.805879
218	0.539048	75000	-0.015197	-3.821075
219	0.537324	75000	-0.015196	-3.836272
220	0.535604	75000	-0.015160	-3.851432
221	0.533887	75000	-0.015060	-3.866492
222	0.532173	75000	-0.015185	-3.881677
223	0.530462	75000	-0.015117	-3.896794
224	0.528755	75000	-0.015230	-3.912024
225	0.527051	75000	-0.015084	-3.927109
226	0.525350	75000	-0.015000	-3.942109
227	0.523653	75000	-0.014990	-3.957099
228	0.521958	75000	-0.015073	-3.972172
229	0.520268	75000	-0.015019	-3.987191
230	0.518580	75000	-0.015001	-4.002191
231	0.516896	75000	-0.015079	-4.017271
232	0.515215	75000	-0.014935	-4.032206
233	0.513537	75000	-0.014998	-4.047204
234	0.511863	75000	-0.014957	-4.062161
235	0.510192	75000	-0.014915	-4.077076
236	0.508524	75000	-0.014842	-4.091918
237	0.506859	75000	-0.014842	-4.106761
238	0.505198	75000	-0.014805	-4.121566
239	0.503540	75000	-0.014816	-4.136382
240	0.501885	75000	-0.014850	-4.151232
241	0.500234	75000	-0.014826	-4.166059
242	0.498586	75000	-0.014765	-4.180824
243	0.496941	75000	-0.014706	-4.195529
244	0.495299	75000	-0.014744	-4.210273
245	0.493660	75000	-0.014771	-4.225044
246	0.492025	75000	-0.014700	-4.239744
247	0.490393	75000	-0.014589	-4.254333
248	0.488765	75000	-0.014651	-4.268984
249	0.487139	75000	-0.014692	-4.283677
250	0.485517	75000	-0.014618	-4.298294
251	0.483898	75000	-0.014621	-4.312916
252	0.482283	75000	-0.014571	-4.327487
253	0.480670	75000	-0.014570	-4.342057
254	0.479061	75000	-0.014490	-4.356547
255	0.477455	75000	-0.014594	-4.371141
256	0.475852	75000	-0.014501	-4.385642
257	0.474253	75000	-0.014482	-4.400124
258	0.472656	75000	-0.014445	-4.414569
259	0.471063	75000	-0.014462	-4.429030
260	0.469474	75000	-0.014448	-4.443479
261	0.467887	75000	-0.014463	-4.457942
262	0.466304	75000	-0.014433	-4.472375
263	0.464723	75000	-0.014416	-4.486791
264	0.463146	75000	-0.014381	-4.501172
265	0.461573	75000	-0.014356	-4.515528
266	0.460002	75000	-0.014306	-4.529835
267	0.458435	75000	-0.014393	-4.544227
268	0.456871	75000	-0.014344	-4.558572
269	0.455310	75000	-0.014225	-4.572797
270	0.453752	75000	-0.014322	-4.587119
271	0.452198	75000	-0.014122	-4.601241
272	0.450647	75000	-0.014149	-4.615391
273	0.449098	75000	-0.014244	-4.629634
274	0.447554	75000	-0.014168	-4.643802
275	0.446012	75000	-0.014173	-4.657975
276	0.444473	75000	-0.014203	-4.672177
277	0.442938	75000	-0.014179	-4.686356
278	0.441406	75000	-0.014199	-4.700555
279	0.439877	75000	-0.014172	-4.714727
280	0.438351	75000	-0.014142	-4.728870
281	0.436829	75000	-0.014152	-4.743021
282	0.435309	75000	-0.014034	-4.757055
283	0.433793	75000	-0.013952	-4.771006
284	0.432280	75000	-0.014072	-4.785078
285	0.430770	75000	-0.013961	-4.799039
286	0.429263	75000	-0.014057	-4.813096
287	0.427760	75000	-0.013997	-4.827093
288	0.426259	75000	-0.014001	-4.841095
289	0.424762	75000	-0.013904	-4.854999
290	0.423268	75000	-0.013876	-4.868875
291	0.421777	75000	-0.013891	-4.882766
292	0.420289	75000	-0.013883	-4.896649
293	0.418805	75000	-0.013918	-4.910567
294	0.417323	75000	-0.013865	-4.924432
295	0.415845	75000	-0.013915	-4.938347
296	0.414370	75000	-0.013866	-4.952213
297	0.412898	75000	-0.013842	-4.966054
298	0.411429	75000	-0.013834	-4.979888
299	0.409963	75000	-0.013812	-4.993700
300	0.408501	75000	-0.013856	-5.007556
301	0.407041	75000	-0.013653	-5.021209
302	0.405585	75000	-0.013719	-5.034929
303	0.404132	75000	-0.013759	-5.048688
304	0.402682	75000	-0.013693	-5.062381
305	0.401235	75000	-0.013696	-5.076077
306	0.399791	75000	-0.013693	-5.089770
307	0.398350	75000	-0.013692	-5.103461
308	0.396913	75000	-0.013665	-5.117126
309	0.395478	75000	-0.013700	-5.130826
310	0.394047	75000	-0.013611	-5.144436
311	0.392619	75000	-0.013589	-5.158026
312	0.391194	75000	-0.013603	-5.171629
313	0.389772	75000	-0.013542	-5.185171
314	0.388353	75000	-0.013531	-5.198702
315	0.386937	75000	-0.013519	-5.212221
316	0.385524	75000	-0.013489	-5.225710
317	0.384115	75000	-0.013596	-5.239306
318	0.382708	75000	-0.013537	-5.252843
319	0.381305	75000	-0.013505	-5.266348
320	0.379904	75000	-0.013453	-5.279801
321	0.378507	75000	-0.013409	-5.293210
322	0.377113	75000	-0.013461	-5.306671
323	0.375722	75000	-0.013420	-5.320091
324	0.374334	75000	-0.013310	-5.333401
325	0.372949	75000	-0.013371	-5.346772
326	0.371567	75000	-0.013359	-5.360131
327	0.370189	75000	-0.013440	-5.373571
328	0.368813	75000	-0.013342	-5.386913
329	0.367440	75000	-0.013267	-5.400181
330	0.366071	75000	-0.013291	-5.413472
331	0.364705	75000	-0.013309	-5.426781
332	0.363341	75000	-0.013207	-5.439988
333	0.361981	75000	-0.013253	-5.453241
334	0.360624	75000	-0.013189	-5.466429
335	0.359269	75000	-0.013255	-5.479684
336	0.357918	75000	-0.013226	-5.492911
337	0.356570	75000	-0.013120	-5.506030
338	0.355225	75000	-0.013041	-5.519071
339	0.353883	75000	-0.013179	-5.532250
340	0.352544	75000	-0.013098	-5.545348
341	0.351208	75000	-0.013158	-5.558506
342	0.349875	75000	-0.013087	-5.571593
343	0.348546	75000	-0.013105	-5.584698
344	0.347219	75000	-0.013038	-5.597736
345	0.345895	75000	-0.013131	-5.610867
346	0.344574	75000	-0.012971	-5.623838
347	0.343257	75000	-0.013001	-5.636839
348	0.341942	75000	-0.013032	-5.649871
349	0.340630	75000	-0.013036	-5.662907
350	0.339322	75000	-0.012935	-5.675843
351	0.338016	75000	-0.012897	-5.688739
352	0.336714	75000	-0.012914	-5.701654
353	0.335414	75000	-0.012955	-5.714608
354	0.334118	75000	-0.012884	-5.727492
355	0.332824	75000	-0.013044	-5.740537
356	0.331534	75000	-0.012902	-5.753439
357	0.330246	75000	-0.012896	-5.766335
358	0.328962	75000	-0.012978	-5.779314
359	0.327680	75000	-0.012878	-5.792192
360	0.326401	75000	-0.012890	-5.805082
361	0.325126	75000	-0.012820	-5.817902
362	0.323853	75000	-0.012894	-5.830796
363	0.322584	75000	-0.012755	-5.843551
364	0.321317	75000	-0.012783	-5.856333
365	0.320054	75000	-0.012799	-5.869132
366	0.318793	75000	-0.012806	-5.881938
367	0.317536	75000	-0.012739	-5.894677
368	0.316281	75000	-0.012792	-5.907468
369	0.315030	75000	-0.012783	-5.920251
370	0.313781	75000	-0.012660	-5.932911
371	0.312535	75000	-0.012763	-5.945674
372	0.311293	75000	-0.012658	-5.958332
373	0.310053	75000	-0.012629	-5.970961
374	0.308816	75000	-0.012679	-5.983640
375	0.307582	75000	-0.012597	-5.996237
376	0.306352	75000	-0.012632	-6.008869
377	0.305124	75000	-0.012688	-6.021557
378	0.303899	75000	-0.012591	-6.034149
379	0.302677	75000	-0.012595	-6.046744
380	0.301458	75000	-0.012576	-6.059320
381	0.300242	75000	-0.012448	-6.071767
382	0.299029	75000	-0.012566	-6.084333
383	0.297819	75000	-0.012518	-6.096851
384	0.296611	75000	-0.012566	-6.109417
385	0.295407	75000	-0.012452	-6.121869
386	0.294206	75000	-0.012538	-6.134407
387	0.293007	75000	-0.012502	-6.146909
388	0.291812	75000	-0.012394	-6.159303
389	0.290619	75000	-0.012523	-6.171825
390	0.289430	75000	-0.012390	-6.184216
391	0.288243	75000	-0.012372	-6.196588
392	0.287059	75000	-0.012434	-6.209022
393	0.285879	75000	-0.012331	-6.221353
394	0.284701	75000	-0.012377	-6.233729
395	0.283526	75000	-0.012268	-6.245998
396	0.282354	75000	-0.012433	-6.258431
397	0.281184	75000	-0.012307	-6.270739
398	0.280018	75000	-0.012375	-6.283114
399	0.278855	75000	-0.012319	-6.295433
400	0.277694	75000	-0.012371	-6.307805
401	0.276537	75000	-0.012331	-6.320136
402	0.275382	75000	-0.012406	-6.332542
403	0.274230	75000	-0.012222	-6.344763
404	0.273082	75000	-0.012200	-6.356963
405	0.271936	75000	-0.012250	-6.369213
406	0.270793	75000	-0.012103	-6.381316
407	0.269652	75000	-0.012261	-6.393578
408	0.268515	75000	-0.012180	-6.405758
409	0.267381	75000	-0.012177	-6.417936
410	0.266249	75000	-0.012229	-6.430164
411	0.265121	75000	-0.012280	-6.442444
412	0.263995	75000	-0.012149	-6.454594
413	0.262872	75000	-0.012178	-6.466772
414	0.261752	75000	-0.012162	-6.478933
415	0.260635	75000	-0.012087	-6.491020
416	0.259520	75000	-0.012204	-6.503224
417	0.258409	75000	-0.012087	-6.515311
418	0.257300	75000	-0.012140	-6.527451
419	0.256195	75000	-0.012084	-6.539535
420	0.255092	75000	-0.012095	-6.551629
421	0.253992	75000	-0.012068	-6.563697
422	0.252895	75000	-0.012035	-6.575732
423	0.251800	75000	-0.012100	-6.587832
424	0.250709	75000	-0.012054	-6.599887
425	0.249620	75000	-0.011955	-6.611841
426	0.248534	75000	-0.011972	-6.623813
427	0.247451	75000	-0.011896	-6.635710
428	0.246371	75000	-0.012015	-6.647724
429	0.245294	75000	-0.011947	-6.659671
430	0.244220	75000	-0.011993	-6.671664
431	0.243148	75000	-0.011882	-6.683547
432	0.242079	75000	-0.011975	-6.695522
433	0.241013	75000	-0.011887	-6.707408
434	0.239950	75000	-0.011882	-6.719290
435	0.238890	75000	-0.011907	-6.731197
436	0.237832	75000	-0.011886	-6.743083
437	0.236778	75000	-0.011901	-6.754984
438	0.235726	75000	-0.011809	-6.766793
439	0.234677	75000	-0.011828	-6.778621
440	0.233630	75000	-0.011839	-6.790460
441	0.232587	75000	-0.011854	-6.802314
442	0.231546	75000	-0.011691	-6.814004
443	0.230509	75000	-0.011908	-6.825913
444	0.229473	75000	-0.011880	-6.837793
445	0.228441	75000	-0.011732	-6.849525
446	0.227412	75000	-0.011825	-6.861350
447	0.226385	75000	-0.011775	-6.873125
448	0.225361	75000	-0.011766	-6.884891
449	0.224340	75000	-0.011703	-6.896594
450	0.223322	75000	-0.011744	-6.908338
451	0.222306	75000	-0.011776	-6.920114
452	0.221293	75000	-0.011663	-6.931776
453	0.220283	75000	-0.011707	-6.943484
454	0.219276	75000	-0.011604	-6.955088
455	0.218272	75000	-0.011694	-6.966782
456	0.217270	75000	-0.011725	-6.978508
457	0.216271	75000	-0.011660	-6.990168
458	0.215275	75000	-0.011627	-7.001795
459	0.214281	75000	-0.011611	-7.013406
460	0.213291	75000	-0.011703	-7.025109
461	0.212303	75000	-0.011717	-7.036826
462	0.211318	75000	-0.011687	-7.048514
463	0.210335	75000	-0.011639	-7.060153
464	0.209356	75000	-0.011608	-7.071761
465	0.208379	75000	-0.011613	-7.083374
466	0.207404	75000	-0.011530	-7.094904
467	0.206433	75000	-0.011597	-7.106501
468	0.205464	75000	-0.011493	-7.117994
469	0.204498	75000	-0.011484	-7.129478
470	0.203535	75000	-0.011588	-7.141066
471	0.202575	75000	-0.011550	-7.152616
472	0.201617	75000	-0.011507	-7.164123
473	0.200662	75000	-0.011702	-7.175825
474	0.199709	75000	-0.011616	-7.187441
475	0.198760	75000	-0.011403	-7.198845
476	0.197813	75000	-0.011499	-7.210344
477	0.196869	75000	-0.011415	-7.221759
478	0.195927	75000	-0.011555	-7.233314
479	0.194988	75000	-0.011539	-7.244853
480	0.194052	75000	-0.011535	-7.256388
481	0.193119	75000	-0.011390	-7.267778
482	0.192188	75000	-0.011533	-7.279311
483	0.191260	75000	-0.011407	-7.290718
484	0.190335	75000	-0.011454	-7.302172
485	0.189412	75000	-0.011436	-7.313608
486	0.188492	75000	-0.011309	-7.324917
487	0.187575	75000	-0.011434	-7.336351
488	0.186660	75000	-0.011324	-7.347675
489	0.185749	75000	-0.011370	-7.359045
490	0.184839	75000	-0.011388	-7.370434
491	0.183933	75000	-0.011483	-7.381917
492	0.183029	75000	-0.011346	-7.393263
493	0.182128	75000	-0.011246	-7.404509
494	0.181229	75000	-0.011259	-7.415768
495	0.180333	75000	-0.011311	-7.427079
496	0.179440	75000	-0.011468	-7.438547
497	0.178550	75000	-0.011224	-7.449771
498	0.177662	75000	-0.011300	-7.461071
499	0.176777	75000	-0.011261	-7.472332
500	0.175894	75000	-0.011340	-7.483672
501	0.175014	75000	-0.011338	-7.495010
502	0.174137	75000	-0.011306	-7.506316
503	0.173262	75000	-0.011308	-7.517624
504	0.172390	75000	-0.011228	-7.528851
505	0.171521	75000	-0.011229	-7.540080
506	0.170654	75000	-0.011136	-7.551216
507	0.169790	75000	-0.011299	-7.562515
508	0.168929	75000	-0.011163	-7.573678
509	0.168070	75000	-0.011228	-7.584906
510	0.167214	75000	-0.011297	-7.596203
511	0.166360	75000	-0.011237	-7.607439
512	0.165509	75000	-0.011167	-7.618607
513	0.164661	75000	-0.011166	-7.629772
514	0.163815	75000	-0.011284	-7.641057
515	0.162972	75000	-0.011178	-7.652235
516	0.162132	75000	-0.011159	-7.663393
517	0.161294	75000	-0.011177	-7.674571
518	0.160458	75000	-0.011216	-7.685786
519	0.159626	75000	-0.011055	-7.696842
520	0.158796	75000	-0.011227	-7.708068
521	0.157968	75000	-0.011155	-7.719223
522	0.157143	75000	-0.011065	-7.730288
523	0.156321	75000	-0.011099	-7.741387
524	0.155501	75000	-0.011064	-7.752451
525	0.154684	75000	-0.011112	-7.763563
526	0.153870	75000	-0.011150	-7.774713
527	0.153058	75000	-0.011095	-7.785808
528	0.152248	75000	-0.011153	-7.796961
529	0.151441	75000	-0.011088	-7.808049
530	0.150637	75000	-0.011143	-7.819192
531	0.149835	75000	-0.011132	-7.830324
532	0.149036	75000	-0.011041	-7.841365
533	0.148240	75000	-0.011150	-7.852516
534	0.147446	75000	-0.011147	-7.863663
535	0.146654	75000	-0.011164	-7.874827
536	0.145865	75000	-0.011082	-7.885909
537	0.145079	75000	-0.011093	-7.897002
538	0.144295	75000	-0.011079	-7.908081
539	0.143514	75000	-0.011130	-7.919211
540	0.142735	75000	-0.011053	-7.930264
541	0.141959	75000	-0.010954	-7.941218
542	0.141186	75000	-0.011182	-7.952400
543	0.140415	75000	-0.010969	-7.963369
544	0.139646	75000	-0.011239	-7.974608
545	0.138880	75000	-0.011004	-7.985612
546	0.138116	75000	-0.011019	-7.996632
547	0.137356	75000	-0.011103	-8.007735
548	0.136597	75000	-0.010935	-8.018669
549	0.135841	75000	-0.011102	-8.029771
550	0.135088	75000	-0.011074	-8.040845
551	0.134337	75000	-0.011196	-8.052041
552	0.133588	75000	-0.011017	-8.063058
553	0.132843	75000	-0.011134	-8.074192
554	0.132099	75000	-0.011185	-8.085377
555	0.131358	75000	-0.011069	-8.096445
556	0.130620	75000	-0.011065	-8.107511
557	0.129884	75000	-0.011052	-8.118562
558	0.129151	75000	-0.011012	-8.129575
559	0.128420	75000	-0.010889	-8.140463
560	0.127691	75000	-0.011018	-8.151481
561	0.126965	75000	-0.010925	-8.162406
562	0.126242	75000	-0.010958	-8.173364
563	0.125521	75000	-0.010926	-8.184290
564	0.124802	75000	-0.011078	-8.195368
565	0.124086	75000	-0.010979	-8.206347
566	0.123373	75000	-0.011024	-8.217371
567	0.122662	75000	-0.010937	-8.228308
568	0.121953	75000	-0.011028	-8.239336
569	0.121247	75000	-0.010994	-8.250330
570	0.120543	75000	-0.011235	-8.261565
571	0.119842	75000	-0.011038	-8.272603
572	0.119143	75000	-0.011137	-8.283741
573	0.118447	75000	-0.010967	-8.294708
574	0.117753	75000	-0.010977	-8.305686
575	0.117062	75000	-0.010961	-8.316646
576	0.116373	75000	-0.011049	-8.327696
577	0.115686	75000	-0.010899	-8.338594
578	0.115002	75000	-0.010943	-8.349538
579	0.114320	75000	-0.011109	-8.360647
580	0.113641	75000	-0.011000	-8.371647
581	0.112964	75000	-0.010925	-8.382572
582	0.112290	75000	-0.011011	-8.393583
583	0.111618	75000	-0.011032	-8.404614
584	0.110948	75000	-0.010970	-8.415584
585	0.110281	75000	-0.010999	-8.426584
586	0.109616	75000	-0.011056	-8.437640
587	0.108954	75000	-0.011010	-8.448650
588	0.108294	75000	-0.010859	-8.459509
589	0.107637	75000	-0.011091	-8.470600
590	0.106981	75000	-0.011010	-8.481609
591	0.106329	75000	-0.011067	-8.492676
592	0.105678	75000	-0.011088	-8.503764
593	0.105030	75000	-0.010921	-8.514685
594	0.104385	75000	-0.011041	-8.525725
595	0.103742	75000	-0.011100	-8.536825
596	0.103101	75000	-0.011312	-8.548137
597	0.102463	75000	-0.010920	-8.559056
598	0.101827	75000	-0.010936	-8.569992
599	0.101193	75000	-0.011028	-8.581020
600	0.100562	75000	-0.010918	-8.591938
601	0.099933	75000	-0.010886	-8.602824
602	0.099306	75000	-0.011057	-8.613881
603	0.098682	75000	-0.011046	-8.624927
604	0.098060	75000	-0.011072	-8.636000
605	0.097441	75000	-0.011227	-8.647226
606	0.096824	75000	-0.011079	-8.658305
607	0.096209	75000	-0.011008	-8.669314
608	0.095596	75000	-0.011090	-8.680403
609	0.094986	75000	-0.011017	-8.691420
610	0.094379	75000	-0.011012	-8.702432
611	0.093773	75000	-0.011105	-8.713537
612	0.093170	75000	-0.011160	-8.724698
613	0.092570	75000	-0.011142	-8.735840
614	0.091971	75000	-0.011197	-8.747037
615	0.091375	75000	-0.011186	-8.758223
616	0.090781	75000	-0.011095	-8.769318
617	0.090190	75000	-0.011170	-8.780488
618	0.089601	75000	-0.011066	-8.791554
619	0.089014	75000	-0.011175	-8.802729
620	0.088430	75000	-0.011280	-8.814009
621	0.087848	75000	-0.011148	-8.825157
622	0.087268	75000	-0.011161	-8.836318
623	0.086690	75000	-0.011202	-8.847520
624	0.086115	75000	-0.011150	-8.858670
625	0.085542	75000	-0.011024	-8.869694
626	0.084971	75000	-0.011264	-8.880958
627	0.084403	75000	-0.011209	-8.892168
628	0.083837	75000	-0.011212	-8.903380
629	0.083273	75000	-0.011393	-8.914773
630	0.082712	75000	-0.011143	-8.925916
631	0.082152	75000	-0.011264	-8.937180
632	0.081595	75000	-0.011125	-8.948304
633	0.081041	75000	-0.011252	-8.959556
634	0.080488	75000	-0.011217	-8.970773
635	0.079938	75000	-0.011143	-8.981916
636	0.079390	75000	-0.011068	-8.992984
637	0.078845	75000	-0.011413	-9.004397
638	0.078301	75000	-0.011339	-9.015736
639	0.077760	75000	-0.011293	-9.027029
640	0.077221	75000	-0.011161	-9.038190
641	0.076684	75000	-0.011440	-9.049631
642	0.076150	75000	-0.011316	-9.060947
643	0.075618	75000	-0.011364	-9.072311
644	0.075088	75000	-0.011404	-9.083715
645	0.074560	75000	-0.011302	-9.095016
646	0.074035	75000	-0.011389	-9.106405
647	0.073512	75000	-0.011485	-9.117890
648	0.072991	75000	-0.011326	-9.129215
649	0.072472	75000	-0.011328	-9.140543
650	0.071955	75000	-0.011430	-9.151973
651	0.071441	75000	-0.011200	-9.163173
652	0.070929	75000	-0.011436	-9.174609
653	0.070419	75000	-0.011524	-9.186133
654	0.069911	75000	-0.011462	-9.197595
655	0.069406	75000	-0.011589	-9.209184
656	0.068903	75000	-0.011543	-9.220727
657	0.068401	75000	-0.011605	-9.232332
658	0.067903	75000	-0.011598	-9.243930
659	0.067406	75000	-0.011462	-9.255392
660	0.066911	75000	-0.011411	-9.266803
661	0.066419	75000	-0.011445	-9.278248
662	0.065929	75000	-0.011717	-9.289965
663	0.065441	75000	-0.011635	-9.301600
664	0.064955	75000	-0.011660	-9.313261
665	0.064471	75000	-0.011619	-9.324880
666	0.063990	75000	-0.011502	-9.336382
667	0.063510	75000	-0.011428	-9.347810
668	0.063033	75000	-0.011515	-9.359324
669	0.062558	75000	-0.011870	-9.371194
670	0.062085	75000	-0.011867	-9.383062
671	0.061615	75000	-0.011652	-9.394714
672	0.061146	75000	-0.011742	-9.406456
673	0.060680	75000	-0.011548	-9.418004
674	0.060216	75000	-0.011837	-9.429841
675	0.059753	75000	-0.011823	-9.441664
676	0.059293	75000	-0.011852	-9.453517
677	0.058836	75000	-0.011828	-9.465344
678	0.058380	75000	-0.011916	-9.477260
679	0.057926	75000	-0.011828	-9.489088
680	0.057475	75000	-0.011865	-9.500953
681	0.057025	75000	-0.011844	-9.512798
682	0.056578	75000	-0.011799	-9.524597
683	0.056133	75000	-0.012093	-9.536690
684	0.055690	75000	-0.012230	-9.548919
685	0.055249	75000	-0.011924	-9.560843
686	0.054810	75000	-0.012102	-9.572945
687	0.054373	75000	-0.012141	-9.585087
688	0.053939	75000	-0.012290	-9.597376
689	0.053506	75000	-0.012358	-9.609734
690	0.053076	75000	-0.012018	-9.621752
691	0.052647	75000	-0.012182	-9.633934
692	0.052221	75000	-0.012059	-9.645993
693	0.051797	75000	-0.012206	-9.658199
694	0.051375	75000	-0.012201	-9.670400
695	0.050955	75000	-0.011927	-9.682327
696	0.050537	75000	-0.012271	-9.694598
697	0.050121	75000	-0.012401	-9.706999
698	0.049707	75000	-0.012318	-9.719317
699	0.049295	75000	-0.012377	-9.731694
700	0.048885	75000	-0.012368	-9.744062
701	0.048478	75000	-0.012238	-9.756300
702	0.048072	75000	-0.012319	-9.768619
703	0.047668	75000	-0.012446	-9.781064
704	0.047267	75000	-0.012490	-9.793555
705	0.046867	75000	-0.012285	-9.805840
706	0.046470	75000	-0.012679	-9.818519
707	0.046074	75000	-0.012620	-9.831139
708	0.045681	75000	-0.012737	-9.843875
709	0.045289	75000	-0.012558	-9.856433
710	0.044900	75000	-0.012652	-9.869085
711	0.044512	75000	-0.012699	-9.881784
712	0.044127	75000	-0.012611	-9.894395
713	0.043744	75000	-0.012569	-9.906965
714	0.043362	75000	-0.012786	-9.919751
715	0.042983	75000	-0.012898	-9.932648
716	0.042606	75000	-0.012838	-9.945486
717	0.042230	75000	-0.013006	-9.958492
718	0.041857	75000	-0.012901	-9.971393
719	0.041485	75000	-0.013070	-9.984462
720	0.041116	75000	-0.013007	-9.997469
721	0.040749	75000	-0.013123	-10.010592
722	0.040383	75000	-0.013010	-10.023601
723	0.040020	75000	-0.013263	-10.036864
724	0.039658	75000	-0.013100	-10.049964
725	0.039299	75000	-0.013402	-10.063366
726	0.038941	75000	-0.013223	-10.076589
727	0.038585	75000	-0.013129	-10.089718
728	0.038232	75000	-0.013586	-10.103303
729	0.037880	75000	-0.013602	-10.116905
730	0.037530	75000	-0.013566	-10.130471
731	0.037182	75000	-0.013716	-10.144187
732	0.036836	75000	-0.013638	-10.157825
733	0.036493	75000	-0.013918	-10.171744
734	0.036151	75000	-0.013289	-10.185033
735	0.035810	75000	-0.013586	-10.198619
736	0.035472	75000	-0.013803	-10.212422
737	0.035136	75000	-0.013573	-10.225996
738	0.034802	75000	-0.013776	-10.239772
739	0.034469	75000	-0.014044	-10.253816
740	0.034139	75000	-0.014134	-10.267950
741	0.033810	75000	-0.014238	-10.282188
742	0.033484	75000	-0.014096	-10.296284
743	0.033159	75000	-0.014110	-10.310394
744	0.032836	75000	-0.014085	-10.324479
745	0.032515	75000	-0.014434	-10.338913
746	0.032196	75000	-0.014076	-10.352989
747	0.031879	75000	-0.014259	-10.367248
748	0.031563	75000	-0.014439	-10.381688
749	0.031250	75000	-0.014594	-10.396282
750	0.030938	75000	-0.014643	-10.410925
751	0.030629	75000	-0.014753	-10.425678
752	0.030321	75000	-0.014696	-10.440374
753	0.030015	75000	-0.014745	-10.455119
754	0.029711	75000	-0.014999	-10.470118
755	0.029409	75000	-0.014862	-10.484980
756	0.029108	75000	-0.015167	-10.500147
757	0.028810	75000	-0.014689	-10.514836
758	0.028513	75000	-0.014982	-10.529817
759	0.028218	75000	-0.015023	-10.544841
760	0.027925	75000	-0.015293	-10.560133
761	0.027634	75000	-0.015213	-10.575346
762	0.027345	75000	-0.015608	-10.590954
763	0.027057	75000	-0.015471	-10.606425
764	0.026771	75000	-0.015912	-10.622336
765	0.026487	75000	-0.015650	-10.637987
766	0.026205	75000	-0.015844	-10.653830
767	0.025925	75000	-0.016058	-10.669888
768	0.025647	75000	-0.015914	-10.685802
769	0.025370	75000	-0.016125	-10.701927
770	0.025095	75000	-0.016293	-10.718220
771	0.024822	75000	-0.016694	-10.734915
772	0.024551	75000	-0.016143	-10.751058
773	0.024281	75000	-0.016639	-10.767697
774	0.024014	75000	-0.016707	-10.784404
775	0.023748	75000	-0.016878	-10.801283
776	0.023483	75000	-0.016878	-10.818160
777	0.023221	75000	-0.017134	-10.835295
778	0.022960	75000	-0.016830	-10.852124
779	0.022702	75000	-0.017173	-10.869297
780	0.022445	75000	-0.017098	-10.886396
781	0.022189	75000	-0.017565	-10.903961
782	0.021936	75000	-0.017713	-10.921674
783	0.021684	75000	-0.017414	-10.939088
784	0.021434	75000	-0.017728	-10.956816
785	0.021185	75000	-0.017959	-10.974775
786	0.020939	75000	-0.017523	-10.992298
787	0.020694	75000	-0.017833	-11.010132
788	0.020451	75000	-0.017991	-11.028123
789	0.020209	75000	-0.018073	-11.046196
790	0.019969	75000	-0.018544	-11.064739
791	0.019731	75000	-0.018568	-11.083308
792	0.019495	75000	-0.018526	-11.101834
793	0.019261	75000	-0.018815	-11.120649
794	0.019028	75000	-0.019605	-11.140254
795	0.018796	75000	-0.019194	-11.159448
796	0.018567	75000	-0.019875	-11.179323
797	0.018339	75000	-0.019360	-11.198683
798	0.018113	75000	-0.020053	-11.218736
799	0.017889	75000	-0.020242	-11.238978
800	0.017666	75000	-0.020120	-11.259098
801	0.017445	75000	-0.020615	-11.279712
802	0.017225	75000	-0.021159	-11.300872
803	0.017007	75000	-0.020713	-11.321585
804	0.016791	75000	-0.020833	-11.342418
805	0.016577	75000	-0.021180	-11.363598
806	0.016364	75000	-0.021672	-11.385270
807	0.016153	75000	-0.022393	-11.407663
808	0.015943	75000	-0.021802	-11.429465
809	0.015736	75000	-0.022273	-11.451738
810	0.015529	75000	-0.022403	-11.474142
811	0.015325	75000	-0.022434	-11.496576
812	0.015122	75000	-0.022635	-11.519210
813	0.014920	75000	-0.023142	-11.542352
814	0.014721	75000	-0.023332	-11.565684
815	0.014523	75000	-0.023633	-11.589317
816	0.014326	75000	-0.024085	-11.613402
817	0.014131	75000	-0.024015	-11.637417
818	0.013938	75000	-0.024639	-11.662057
819	0.013746	75000	-0.024812	-11.686869
820	0.013556	75000	-0.025637	-11.712505
821	0.013367	75000	-0.025393	-11.737898
822	0.013181	75000	-0.025840	-11.763739
823	0.012995	75000	-0.026703	-11.790441
824	0.012811	75000	-0.026255	-11.816697
825	0.012629	75000	-0.027587	-11.844284
826	0.012448	75000	-0.027506	-11.871789
827	0.012269	75000	-0.027384	-11.899173
828	0.012092	75000	-0.028188	-11.927360
829	0.011916	75000	-0.028508	-11.955868
830	0.011741	75000	-0.027501	-11.983369
831	0.011568	75000	-0.028597	-12.011966
832	0.011397	75000	-0.030527	-12.042493
833	0.011227	75000	-0.030528	-12.073021
834	0.011059	75000	-0.031027	-12.104048
835	0.010892	75000	-0.031734	-12.135783
836	0.010727	75000	-0.031179	-12.166962
837	0.010563	75000	-0.036131	-12.203093
838	0.010401	75000	-0.032250	-12.235343
839	0.010240	75000	-0.035857	-12.271199
840	0.010081	75000	-0.035747	-12.306946
841	0.009923	75000	-0.036549	-12.343496
842	0.009767	75000	-0.036974	-12.380470
843	0.009612	75000	-0.037098	-12.417568
844	0.009459	75000	-0.036689	-12.454257
845	0.009307	75000	-0.040446	-12.494703
846	0.009156	75000	-0.041574	-12.536277
847	0.009008	75000	-0.040862	-12.577139
848	0.008860	75000	-0.039484	-12.616623
849	0.008714	75000	-0.042033	-12.658655
850	0.008570	75000	-0.041625	-12.700280
851	0.008427	75000	-0.042554	-12.742835
852	0.008285	75000	-0.046632	-12.789467
853	0.008145	75000	-0.045313	-12.834780
854	0.008006	75000	-0.047565	-12.882346
855	0.007869	75000	-0.048618	-12.930964
856	0.007733	75000	-0.048899	-12.979863
857	0.007598	75000	-0.051006	-13.030870
858	0.007465	75000	-0.051010	-13.081880
859	0.007334	75000	-0.055287	-13.137167
860	0.007203	75000	-0.053306	-13.190473
861	0.007075	75000	-0.052859	-13.243333
862	0.006947	75000	-0.057539	-13.300871
863	0.006821	75000	-0.058234	-13.359105
864	0.006696	75000	-0.057950	-13.417055
865	0.006573	75000	-0.059568	-13.476622
866	0.006451	75000	-0.061846	-13.538469
867	0.006330	75000	-0.067281	-13.605749
868	0.006211	75000	-0.064807	-13.670556
869	0.006093	75000	-0.069175	-13.739732
870	0.005977	75000	-0.067519	-13.807251
871	0.005862	75000	-0.070019	-13.877270
872	0.005748	75000	-0.072032	-13.949302
873	0.005635	75000	-0.073000	-14.022301
874	0.005524	75000	-0.075882	-14.098183
875	0.005414	75000	-0.074737	-14.172920
876	0.005306	75000	-0.078537	-14.251457
877	0.005199	75000	-0.079806	-14.331264
878	0.005093	75000	-0.082147	-14.413411
879	0.004988	75000	-0.082245	-14.495655
880	0.004885	75000	-0.084634	-14.580290
881	0.004783	75000	-0.083505	-14.663795
882	0.004682	75000	-0.087326	-14.751121
883	0.004583	75000	-0.088811	-14.839931
884	0.004485	75000	-0.088782	-14.928714
885	0.004388	75000	-0.090802	-15.019516
886	0.004292	75000	-0.090746	-15.110262
887	0.004198	75000	-0.090981	-15.201243
888	0.004105	75000	-0.092314	-15.293557
889	0.004013	75000	-0.093347	-15.386904
890	0.003923	75000	-0.094839	-15.481743
891	0.003833	75000	-0.096585	-15.578328
892	0.003745	75000	-0.096793	-15.675121
893	0.003658	75000	-0.095901	-15.771022
894	0.003573	75000	-0.097238	-15.868261
895	0.003488	75000	-0.096810	-15.965070
896	0.003405	75000	-0.098846	-16.063916
897	0.003323	75000	-0.098874	-16.162790
898	0.003242	75000	-0.097935	-16.260725
899	0.003162	75000	-0.100249	-16.360974
900	0.003084	75000	-0.098931	-16.459904
901	0.003007	75000	-0.099029	-16.558933
902	0.002930	75000	-0.100326	-16.659259
903	0.002855	75000	-0.097187	-16.756447
904	0.002782	75000	-0.098085	-16.854532
905	0.002709	75000	-0.096819	-16.951351
906	0.002638	75000	-0.098792	-17.050143
907	0.002567	75000	-0.098525	-17.148668
908	0.002498	75000	-0.096894	-17.245562
909	0.002430	75000	-0.096609	-17.342171
910	0.002363	75000	-0.096638	-17.438808
911	0.002297	75000	-0.094219	-17.533027
912	0.002233	75000	-0.095554	-17.628581
913	0.002169	75000	-0.094277	-17.722858
914	0.002106	75000	-0.092304	-17.815162
915	0.002045	75000	-0.091704	-17.906866
916	0.001985	75000	-0.091010	-17.997877
917	0.001925	75000	-0.090671	-18.088548
918	0.001867	75000	-0.089633	-18.178180
919	0.001810	75000	-0.088630	-18.266810
920	0.001754	75000	-0.086743	-18.353553
921	0.001699	75000	-0.085822	-18.439375
922	0.001645	75000	-0.084744	-18.524119
923	0.001592	75000	-0.083828	-18.607947
924	0.001540	75000	-0.083297	-18.691244
925	0.001490	75000	-0.081515	-18.772758
926	0.001440	75000	-0.080071	-18.852829
927	0.001391	75000	-0.078731	-18.931561
928	0.001343	75000	-0.078186	-19.009747
929	0.001296	75000	-0.076515	-19.086262
930	0.001251	75000	-0.075818	-19.162080
931	0.001206	75000	-0.073949	-19.236029
932	0.001162	75000	-0.072353	-19.308382
933	0.001119	75000	-0.071281	-19.379663
934	0.001077	75000	-0.069882	-19.449545
935	0.001036	75000	-0.068795	-19.518340
936	0.000996	75000	-0.067776	-19.586116
937	0.000957	75000	-0.065739	-19.651854
938	0.000919	75000	-0.064787	-19.716641
939	0.000882	75000	-0.063378	-19.780019
940	0.000846	75000	-0.061980	-19.841999
941	0.000810	75000	-0.060243	-19.902242
942	0.000776	75000	-0.059306	-19.961548
943	0.000742	75000	-0.057796	-20.019343
944	0.000709	75000	-0.056211	-20.075554
945	0.000678	75000	-0.055265	-20.130820
946	0.000647	75000	-0.053655	-20.184474
947	0.000617	75000	-0.052507	-20.236981
948	0.000587	75000	-0.050764	-20.287745
949	0.000559	75000	-0.049385	-20.337129
950	0.000531	75000	-0.048222	-20.385351
951	0.000505	75000	-0.046919	-20.432270
952	0.000479	75000	-0.045503	-20.477773
953	0.000454	75000	-0.044015	-20.521788
954	0.000430	75000	-0.042725	-20.564513
955	0.000406	75000	-0.041374	-20.605886
956	0.000383	75000	-0.040230	-20.646116
957	0.000362	75000	-0.038800	-20.684916
958	0.000340	75000	-0.037594	-20.722510
959	0.000320	75000	-0.036245	-20.758755
960	0.000300	75000	-0.034814	-20.793569
961	0.000281	75000	-0.033624	-20.827193
962	0.000263	75000	-0.032367	-20.859561
963	0.000246	75000	-0.031112	-20.890672
964	0.000229	75000	-0.029720	-20.920392
965	0.000213	75000	-0.028626	-20.949018
966	0.000198	75000	-0.027378	-20.976396
967	0.000183	75000	-0.026202	-21.002598
968	0.000169	75000	-0.025093	-21.027692
969	0.000156	75000	-0.023929	-21.051621
970	0.000143	75000	-0.022784	-21.074405
971	0.000131	75000	-0.021604	-21.096008
972	0.000120	75000	-0.020560	-21.116569
973	0.000109	75000	-0.019464	-21.136033
974	0.000099	75000	-0.018413	-21.154446
975	0.000089	75000	-0.017293	-21.171739
976	0.000080	75000	-0.016181	-21.187920
977	0.000072	75000	-0.015237	-21.203157
978	0.000064	75000	-0.014249	-21.217406
979	0.000057	75000	-0.013226	-21.230632
980	0.000050	75000	-0.012266	-21.242898
981	0.000043	75000	-0.011419	-21.254317
982	0.000038	75000	-0.010470	-21.264787
983	0.000032	75000	-0.009568	-21.274355
984	0.000028	75000	-0.008721	-21.283076
985	0.000023	75000	-0.007888	-21.290965
986	0.000019	75000	-0.007094	-21.298059
987	0.000016	75000	-0.006343	-21.304402
988	0.000013	75000	-0.005603	-21.310005
989	0.000010	75000	-0.004880	-21.314885
990	0.000008	75000	-0.004176	-21.319061
991	0.000006	75000	-0.003544	-21.322605
992	0.000004	75000	-0.002947	-21.325552
993	0.000003	75000	-0.002376	-21.327928
994	0.000002	75000	-0.001850	-21.329778
995	0.000001	75000	-0.001371	-21.331149
996	0.000000	75000	-0.000942	-21.332091
997	0.000000	75000	-0.000568	-21.332659
998	0.000000	75000	-0.000268	-21.332927
999	0.000000	75000	-0.000057	-21.332984
Log marginal likelihood:	-21.332984
