Steppingstone sampler:
        No Stones:                  1000
        Start It:                   10000001
        It Per Stone:               100000
        Sample Freq:                1
        Dist:                       Beta(0.400000,1.000000)
Stone No	Power	N	Stone MLh	Running MLh
0	0.997502	75000	-0.233972	-0.233972
1	0.995007	75000	-0.233596	-0.467568
2	0.992517	75000	-0.233288	-0.700855
3	0.990030	75000	-0.232911	-0.933766
4	0.987547	75000	-0.232597	-1.166362
5	0.985067	75000	-0.232286	-1.398648
6	0.982592	75000	-0.231979	-1.630627
7	0.980120	75000	-0.231529	-1.862156
8	0.977652	75000	-0.231255	-2.093411
9	0.975187	75000	-0.230826	-2.324236
10	0.972726	75000	-0.230511	-2.554748
11	0.970269	75000	-0.230222	-2.784970
12	0.967816	75000	-0.229867	-3.014837
13	0.965367	75000	-0.229470	-3.244306
14	0.962921	75000	-0.229130	-3.473436
15	0.960479	75000	-0.228789	-3.702225
16	0.958040	75000	-0.228502	-3.930727
17	0.955606	75000	-0.228179	-4.158906
18	0.953175	75000	-0.227797	-4.386703
19	0.950747	75000	-0.227474	-4.614177
20	0.948324	75000	-0.227087	-4.841263
21	0.945904	75000	-0.226785	-5.068048
22	0.943488	75000	-0.226374	-5.294422
23	0.941076	75000	-0.226040	-5.520462
24	0.938667	75000	-0.225699	-5.746161
25	0.936262	75000	-0.225433	-5.971594
26	0.933861	75000	-0.225063	-6.196657
27	0.931463	75000	-0.224675	-6.421332
28	0.929069	75000	-0.224357	-6.645689
29	0.926679	75000	-0.224056	-6.869745
30	0.924293	75000	-0.223572	-7.093317
31	0.921910	75000	-0.223400	-7.316717
32	0.919531	75000	-0.222991	-7.539708
33	0.917155	75000	-0.222666	-7.762373
34	0.914783	75000	-0.222312	-7.984685
35	0.912415	75000	-0.222048	-8.206733
36	0.910051	75000	-0.221667	-8.428400
37	0.907690	75000	-0.221301	-8.649702
38	0.905333	75000	-0.220968	-8.870670
39	0.902980	75000	-0.220672	-9.091342
40	0.900630	75000	-0.220277	-9.311619
41	0.898284	75000	-0.220025	-9.531645
42	0.895942	75000	-0.219649	-9.751294
43	0.893603	75000	-0.219325	-9.970619
44	0.891268	75000	-0.218953	-10.189572
45	0.888937	75000	-0.218578	-10.408150
46	0.886609	75000	-0.218268	-10.626418
47	0.884285	75000	-0.217983	-10.844401
48	0.881965	75000	-0.217654	-11.062056
49	0.879648	75000	-0.217290	-11.279346
50	0.877335	75000	-0.216912	-11.496258
51	0.875026	75000	-0.216663	-11.712921
52	0.872720	75000	-0.216246	-11.929167
53	0.870418	75000	-0.215953	-12.145120
54	0.868120	75000	-0.215588	-12.360708
55	0.865825	75000	-0.215316	-12.576024
56	0.863534	75000	-0.214935	-12.790959
57	0.861246	75000	-0.214604	-13.005563
58	0.858962	75000	-0.214269	-13.219833
59	0.856682	75000	-0.213941	-13.433774
60	0.854405	75000	-0.213622	-13.647395
61	0.852132	75000	-0.213277	-13.860672
62	0.849863	75000	-0.212924	-14.073596
63	0.847597	75000	-0.212632	-14.286228
64	0.845335	75000	-0.212252	-14.498480
65	0.843077	75000	-0.211961	-14.710441
66	0.840822	75000	-0.211576	-14.922017
67	0.838571	75000	-0.211312	-15.133329
68	0.836323	75000	-0.210935	-15.344264
69	0.834079	75000	-0.210595	-15.554859
70	0.831839	75000	-0.210275	-15.765134
71	0.829602	75000	-0.209919	-15.975053
72	0.827369	75000	-0.209616	-16.184668
73	0.825140	75000	-0.209269	-16.393937
74	0.822914	75000	-0.208991	-16.602928
75	0.820691	75000	-0.208606	-16.811534
76	0.818473	75000	-0.208375	-17.019909
77	0.816258	75000	-0.207969	-17.227878
78	0.814046	75000	-0.207634	-17.435512
79	0.811838	75000	-0.207278	-17.642790
80	0.809634	75000	-0.207017	-17.849807
81	0.807433	75000	-0.206678	-18.056485
82	0.805236	75000	-0.206286	-18.262771
83	0.803043	75000	-0.206034	-18.468805
84	0.800853	75000	-0.205633	-18.674438
85	0.798667	75000	-0.205321	-18.879759
86	0.796484	75000	-0.205002	-19.084761
87	0.794305	75000	-0.204677	-19.289438
88	0.792129	75000	-0.204324	-19.493762
89	0.789957	75000	-0.204041	-19.697803
90	0.787789	75000	-0.203703	-19.901506
91	0.785624	75000	-0.203386	-20.104891
92	0.783463	75000	-0.203036	-20.307928
93	0.781305	75000	-0.202725	-20.510653
94	0.779151	75000	-0.202419	-20.713072
95	0.777000	75000	-0.201964	-20.915036
96	0.774853	75000	-0.201714	-21.116750
97	0.772710	75000	-0.201417	-21.318167
98	0.770570	75000	-0.200992	-21.519159
99	0.768433	75000	-0.200759	-21.719918
100	0.766301	75000	-0.200447	-21.920364
101	0.764172	75000	-0.200103	-22.120467
102	0.762046	75000	-0.199753	-22.320220
103	0.759924	75000	-0.199508	-22.519728
104	0.757805	75000	-0.199080	-22.718808
105	0.755690	75000	-0.198739	-22.917547
106	0.753579	75000	-0.198507	-23.116054
107	0.751471	75000	-0.198119	-23.314173
108	0.749366	75000	-0.197772	-23.511945
109	0.747266	75000	-0.197470	-23.709415
110	0.745168	75000	-0.197072	-23.906487
111	0.743075	75000	-0.196844	-24.103331
112	0.740984	75000	-0.196427	-24.299758
113	0.738898	75000	-0.196133	-24.495890
114	0.736815	75000	-0.195833	-24.691723
115	0.734735	75000	-0.195501	-24.887224
116	0.732659	75000	-0.195268	-25.082492
117	0.730586	75000	-0.194861	-25.277353
118	0.728517	75000	-0.194541	-25.471894
119	0.726452	75000	-0.194128	-25.666022
120	0.724390	75000	-0.193951	-25.859973
121	0.722331	75000	-0.193643	-26.053616
122	0.720276	75000	-0.193296	-26.246911
123	0.718225	75000	-0.192962	-26.439873
124	0.716177	75000	-0.192603	-26.632476
125	0.714132	75000	-0.192278	-26.824754
126	0.712091	75000	-0.192008	-27.016762
127	0.710054	75000	-0.191668	-27.208430
128	0.708020	75000	-0.191314	-27.399744
129	0.705989	75000	-0.190984	-27.590727
130	0.703962	75000	-0.190644	-27.781371
131	0.701939	75000	-0.190357	-27.971728
132	0.699919	75000	-0.190078	-28.161806
133	0.697902	75000	-0.189737	-28.351543
134	0.695889	75000	-0.189423	-28.540966
135	0.693880	75000	-0.189173	-28.730139
136	0.691874	75000	-0.188799	-28.918937
137	0.689871	75000	-0.188522	-29.107460
138	0.687872	75000	-0.188132	-29.295592
139	0.685877	75000	-0.187838	-29.483430
140	0.683885	75000	-0.187496	-29.670925
141	0.681896	75000	-0.187271	-29.858197
142	0.679911	75000	-0.186874	-30.045070
143	0.677929	75000	-0.186559	-30.231629
144	0.675951	75000	-0.186272	-30.417901
145	0.673976	75000	-0.185851	-30.603751
146	0.672005	75000	-0.185542	-30.789294
147	0.670037	75000	-0.185297	-30.974590
148	0.668073	75000	-0.184947	-31.159538
149	0.666112	75000	-0.184618	-31.344155
150	0.664155	75000	-0.184394	-31.528550
151	0.662201	75000	-0.184044	-31.712594
152	0.660250	75000	-0.183678	-31.896272
153	0.658303	75000	-0.183375	-32.079647
154	0.656359	75000	-0.183068	-32.262716
155	0.654419	75000	-0.182735	-32.445450
156	0.652483	75000	-0.182478	-32.627928
157	0.650549	75000	-0.182128	-32.810056
158	0.648619	75000	-0.181844	-32.991900
159	0.646693	75000	-0.181513	-33.173413
160	0.644770	75000	-0.181222	-33.354635
161	0.642851	75000	-0.180893	-33.535528
162	0.640934	75000	-0.180477	-33.716004
163	0.639022	75000	-0.180265	-33.896270
164	0.637113	75000	-0.179904	-34.076173
165	0.635207	75000	-0.179638	-34.255811
166	0.633304	75000	-0.179280	-34.435091
167	0.631405	75000	-0.178960	-34.614051
168	0.629510	75000	-0.178666	-34.792717
169	0.627618	75000	-0.178317	-34.971034
170	0.625729	75000	-0.178031	-35.149066
171	0.623844	75000	-0.177720	-35.326786
172	0.621962	75000	-0.177406	-35.504191
173	0.620083	75000	-0.177084	-35.681275
174	0.618208	75000	-0.176759	-35.858034
175	0.616337	75000	-0.176501	-36.034535
176	0.614468	75000	-0.176179	-36.210715
177	0.612604	75000	-0.175791	-36.386506
178	0.610742	75000	-0.175539	-36.562045
179	0.608884	75000	-0.175234	-36.737278
180	0.607029	75000	-0.174899	-36.912177
181	0.605178	75000	-0.174630	-37.086807
182	0.603330	75000	-0.174289	-37.261096
183	0.601486	75000	-0.173998	-37.435095
184	0.599645	75000	-0.173698	-37.608793
185	0.597807	75000	-0.173345	-37.782138
186	0.595973	75000	-0.173029	-37.955167
187	0.594142	75000	-0.172718	-38.127886
188	0.592314	75000	-0.172438	-38.300324
189	0.590490	75000	-0.172162	-38.472486
190	0.588669	75000	-0.171733	-38.644219
191	0.586852	75000	-0.171507	-38.815726
192	0.585038	75000	-0.171214	-38.986941
193	0.583227	75000	-0.170905	-39.157845
194	0.581420	75000	-0.170543	-39.328389
195	0.579616	75000	-0.170244	-39.498632
196	0.577815	75000	-0.169965	-39.668597
197	0.576018	75000	-0.169655	-39.838252
198	0.574224	75000	-0.169328	-40.007580
199	0.572433	75000	-0.168974	-40.176554
200	0.570646	75000	-0.168741	-40.345296
201	0.568862	75000	-0.168414	-40.513710
202	0.567082	75000	-0.168122	-40.681832
203	0.565305	75000	-0.167751	-40.849583
204	0.563531	75000	-0.167557	-41.017140
205	0.561761	75000	-0.167265	-41.184406
206	0.559993	75000	-0.166891	-41.351297
207	0.558230	75000	-0.166573	-41.517869
208	0.556469	75000	-0.166321	-41.684190
209	0.554712	75000	-0.165981	-41.850172
210	0.552958	75000	-0.165613	-42.015784
211	0.551208	75000	-0.165354	-42.181138
212	0.549461	75000	-0.165085	-42.346223
213	0.547717	75000	-0.164788	-42.511011
214	0.545977	75000	-0.164417	-42.675428
215	0.544240	75000	-0.164143	-42.839571
216	0.542506	75000	-0.163825	-43.003396
217	0.540775	75000	-0.163530	-43.166926
218	0.539048	75000	-0.163297	-43.330223
219	0.537324	75000	-0.162991	-43.493214
220	0.535604	75000	-0.162658	-43.655873
221	0.533887	75000	-0.162404	-43.818277
222	0.532173	75000	-0.161969	-43.980246
223	0.530462	75000	-0.161738	-44.141984
224	0.528755	75000	-0.161476	-44.303460
225	0.527051	75000	-0.161127	-44.464587
226	0.525350	75000	-0.160819	-44.625406
227	0.523653	75000	-0.160498	-44.785904
228	0.521958	75000	-0.160343	-44.946247
229	0.520268	75000	-0.159947	-45.106194
230	0.518580	75000	-0.159631	-45.265825
231	0.516896	75000	-0.159385	-45.425210
232	0.515215	75000	-0.159052	-45.584263
233	0.513537	75000	-0.158761	-45.743024
234	0.511863	75000	-0.158474	-45.901498
235	0.510192	75000	-0.158197	-46.059695
236	0.508524	75000	-0.157827	-46.217522
237	0.506859	75000	-0.157492	-46.375015
238	0.505198	75000	-0.157290	-46.532305
239	0.503540	75000	-0.156949	-46.689254
240	0.501885	75000	-0.156637	-46.845891
241	0.500234	75000	-0.156277	-47.002168
242	0.498586	75000	-0.156023	-47.158191
243	0.496941	75000	-0.155755	-47.313946
244	0.495299	75000	-0.155418	-47.469364
245	0.493660	75000	-0.155135	-47.624499
246	0.492025	75000	-0.154858	-47.779357
247	0.490393	75000	-0.154592	-47.933949
248	0.488765	75000	-0.154239	-48.088188
249	0.487139	75000	-0.153987	-48.242175
250	0.485517	75000	-0.153714	-48.395889
251	0.483898	75000	-0.153364	-48.549253
252	0.482283	75000	-0.153103	-48.702356
253	0.480670	75000	-0.152761	-48.855118
254	0.479061	75000	-0.152559	-49.007677
255	0.477455	75000	-0.152182	-49.159859
256	0.475852	75000	-0.151907	-49.311766
257	0.474253	75000	-0.151592	-49.463357
258	0.472656	75000	-0.151324	-49.614681
259	0.471063	75000	-0.151058	-49.765740
260	0.469474	75000	-0.150751	-49.916491
261	0.467887	75000	-0.150449	-50.066939
262	0.466304	75000	-0.150109	-50.217049
263	0.464723	75000	-0.149904	-50.366953
264	0.463146	75000	-0.149532	-50.516484
265	0.461573	75000	-0.149279	-50.665763
266	0.460002	75000	-0.148997	-50.814760
267	0.458435	75000	-0.148601	-50.963361
268	0.456871	75000	-0.148324	-51.111685
269	0.455310	75000	-0.148090	-51.259775
270	0.453752	75000	-0.147847	-51.407622
271	0.452198	75000	-0.147485	-51.555107
272	0.450647	75000	-0.147223	-51.702330
273	0.449098	75000	-0.146958	-51.849288
274	0.447554	75000	-0.146461	-51.995749
275	0.446012	75000	-0.146353	-52.142102
276	0.444473	75000	-0.146023	-52.288125
277	0.442938	75000	-0.145686	-52.433811
278	0.441406	75000	-0.145515	-52.579325
279	0.439877	75000	-0.145170	-52.724496
280	0.438351	75000	-0.144842	-52.869338
281	0.436829	75000	-0.144570	-53.013908
282	0.435309	75000	-0.144285	-53.158193
283	0.433793	75000	-0.143961	-53.302154
284	0.432280	75000	-0.143752	-53.445906
285	0.430770	75000	-0.143459	-53.589366
286	0.429263	75000	-0.143164	-53.732530
287	0.427760	75000	-0.142856	-53.875385
288	0.426259	75000	-0.142587	-54.017973
289	0.424762	75000	-0.142323	-54.160296
290	0.423268	75000	-0.142004	-54.302300
291	0.421777	75000	-0.141648	-54.443948
292	0.420289	75000	-0.141332	-54.585280
293	0.418805	75000	-0.141142	-54.726423
294	0.417323	75000	-0.140808	-54.867231
295	0.415845	75000	-0.140720	-55.007951
296	0.414370	75000	-0.140266	-55.148217
297	0.412898	75000	-0.139992	-55.288209
298	0.411429	75000	-0.139626	-55.427836
299	0.409963	75000	-0.139421	-55.567257
300	0.408501	75000	-0.139160	-55.706417
301	0.407041	75000	-0.138793	-55.845210
302	0.405585	75000	-0.138571	-55.983781
303	0.404132	75000	-0.138273	-56.122054
304	0.402682	75000	-0.137986	-56.260039
305	0.401235	75000	-0.137733	-56.397772
306	0.399791	75000	-0.137402	-56.535174
307	0.398350	75000	-0.137103	-56.672277
308	0.396913	75000	-0.136827	-56.809104
309	0.395478	75000	-0.136628	-56.945732
310	0.394047	75000	-0.136349	-57.082081
311	0.392619	75000	-0.135955	-57.218037
312	0.391194	75000	-0.135805	-57.353842
313	0.389772	75000	-0.135491	-57.489333
314	0.388353	75000	-0.135149	-57.624482
315	0.386937	75000	-0.134891	-57.759373
316	0.385524	75000	-0.134588	-57.893961
317	0.384115	75000	-0.134310	-58.028271
318	0.382708	75000	-0.134018	-58.162289
319	0.381305	75000	-0.133675	-58.295964
320	0.379904	75000	-0.133434	-58.429398
321	0.378507	75000	-0.133201	-58.562599
322	0.377113	75000	-0.132839	-58.695437
323	0.375722	75000	-0.132601	-58.828038
324	0.374334	75000	-0.132358	-58.960397
325	0.372949	75000	-0.132141	-59.092538
326	0.371567	75000	-0.131897	-59.224435
327	0.370189	75000	-0.131553	-59.355988
328	0.368813	75000	-0.131232	-59.487220
329	0.367440	75000	-0.131003	-59.618223
330	0.366071	75000	-0.130746	-59.748969
331	0.364705	75000	-0.130450	-59.879419
332	0.363341	75000	-0.130174	-60.009593
333	0.361981	75000	-0.129838	-60.139431
334	0.360624	75000	-0.129520	-60.268952
335	0.359269	75000	-0.129296	-60.398248
336	0.357918	75000	-0.129074	-60.527322
337	0.356570	75000	-0.128753	-60.656075
338	0.355225	75000	-0.128410	-60.784486
339	0.353883	75000	-0.128182	-60.912667
340	0.352544	75000	-0.127913	-61.040581
341	0.351208	75000	-0.127604	-61.168185
342	0.349875	75000	-0.127294	-61.295478
343	0.348546	75000	-0.127037	-61.422515
344	0.347219	75000	-0.126758	-61.549274
345	0.345895	75000	-0.126520	-61.675794
346	0.344574	75000	-0.126261	-61.802055
347	0.343257	75000	-0.126037	-61.928092
348	0.341942	75000	-0.125743	-62.053835
349	0.340630	75000	-0.125430	-62.179265
350	0.339322	75000	-0.125159	-62.304424
351	0.338016	75000	-0.124838	-62.429262
352	0.336714	75000	-0.124592	-62.553853
353	0.335414	75000	-0.124292	-62.678146
354	0.334118	75000	-0.124006	-62.802151
355	0.332824	75000	-0.123815	-62.925966
356	0.331534	75000	-0.123536	-63.049502
357	0.330246	75000	-0.123311	-63.172813
358	0.328962	75000	-0.123008	-63.295821
359	0.327680	75000	-0.122656	-63.418477
360	0.326401	75000	-0.122374	-63.540851
361	0.325126	75000	-0.122124	-63.662975
362	0.323853	75000	-0.121897	-63.784872
363	0.322584	75000	-0.121523	-63.906394
364	0.321317	75000	-0.121335	-64.027729
365	0.320054	75000	-0.121078	-64.148807
366	0.318793	75000	-0.120776	-64.269583
367	0.317536	75000	-0.120478	-64.390061
368	0.316281	75000	-0.120287	-64.510348
369	0.315030	75000	-0.119896	-64.630245
370	0.313781	75000	-0.119743	-64.749988
371	0.312535	75000	-0.119467	-64.869454
372	0.311293	75000	-0.119144	-64.988598
373	0.310053	75000	-0.118956	-65.107554
374	0.308816	75000	-0.118743	-65.226297
375	0.307582	75000	-0.118446	-65.344743
376	0.306352	75000	-0.118108	-65.462851
377	0.305124	75000	-0.117838	-65.580689
378	0.303899	75000	-0.117523	-65.698212
379	0.302677	75000	-0.117352	-65.815564
380	0.301458	75000	-0.117029	-65.932593
381	0.300242	75000	-0.116864	-66.049456
382	0.299029	75000	-0.116495	-66.165951
383	0.297819	75000	-0.116214	-66.282166
384	0.296611	75000	-0.116064	-66.398230
385	0.295407	75000	-0.115638	-66.513868
386	0.294206	75000	-0.115474	-66.629341
387	0.293007	75000	-0.115121	-66.744462
388	0.291812	75000	-0.114838	-66.859300
389	0.290619	75000	-0.114795	-66.974096
390	0.289430	75000	-0.114425	-67.088521
391	0.288243	75000	-0.114132	-67.202653
392	0.287059	75000	-0.113943	-67.316596
393	0.285879	75000	-0.113571	-67.430167
394	0.284701	75000	-0.113354	-67.543521
395	0.283526	75000	-0.113038	-67.656559
396	0.282354	75000	-0.112888	-67.769447
397	0.281184	75000	-0.112628	-67.882076
398	0.280018	75000	-0.112264	-67.994340
399	0.278855	75000	-0.112062	-68.106402
400	0.277694	75000	-0.111736	-68.218138
401	0.276537	75000	-0.111555	-68.329693
402	0.275382	75000	-0.111231	-68.440923
403	0.274230	75000	-0.110971	-68.551895
404	0.273082	75000	-0.110735	-68.662629
405	0.271936	75000	-0.110387	-68.773016
406	0.270793	75000	-0.110258	-68.883273
407	0.269652	75000	-0.109991	-68.993264
408	0.268515	75000	-0.109750	-69.103014
409	0.267381	75000	-0.109366	-69.212380
410	0.266249	75000	-0.109178	-69.321557
411	0.265121	75000	-0.108953	-69.430510
412	0.263995	75000	-0.108591	-69.539101
413	0.262872	75000	-0.108455	-69.647556
414	0.261752	75000	-0.108097	-69.755653
415	0.260635	75000	-0.107939	-69.863592
416	0.259520	75000	-0.107643	-69.971235
417	0.258409	75000	-0.107434	-70.078669
418	0.257300	75000	-0.107086	-70.185754
419	0.256195	75000	-0.106785	-70.292539
420	0.255092	75000	-0.106627	-70.399167
421	0.253992	75000	-0.106336	-70.505502
422	0.252895	75000	-0.105974	-70.611476
423	0.251800	75000	-0.105854	-70.717330
424	0.250709	75000	-0.105518	-70.822848
425	0.249620	75000	-0.105405	-70.928252
426	0.248534	75000	-0.105120	-71.033373
427	0.247451	75000	-0.104809	-71.138181
428	0.246371	75000	-0.104590	-71.242772
429	0.245294	75000	-0.104338	-71.347110
430	0.244220	75000	-0.103974	-71.451084
431	0.243148	75000	-0.103711	-71.554795
432	0.242079	75000	-0.103564	-71.658359
433	0.241013	75000	-0.103246	-71.761605
434	0.239950	75000	-0.103004	-71.864609
435	0.238890	75000	-0.102725	-71.967334
436	0.237832	75000	-0.102564	-72.069898
437	0.236778	75000	-0.102215	-72.172114
438	0.235726	75000	-0.102013	-72.274127
439	0.234677	75000	-0.101773	-72.375900
440	0.233630	75000	-0.101549	-72.477449
441	0.232587	75000	-0.101250	-72.578699
442	0.231546	75000	-0.100991	-72.679690
443	0.230509	75000	-0.100781	-72.780472
444	0.229473	75000	-0.100413	-72.880884
445	0.228441	75000	-0.100332	-72.981217
446	0.227412	75000	-0.100083	-73.081299
447	0.226385	75000	-0.099728	-73.181027
448	0.225361	75000	-0.099524	-73.280551
449	0.224340	75000	-0.099271	-73.379822
450	0.223322	75000	-0.099055	-73.478877
451	0.222306	75000	-0.098865	-73.577742
452	0.221293	75000	-0.098483	-73.676226
453	0.220283	75000	-0.098298	-73.774523
454	0.219276	75000	-0.098028	-73.872552
455	0.218272	75000	-0.097694	-73.970246
456	0.217270	75000	-0.097529	-74.067774
457	0.216271	75000	-0.097335	-74.165109
458	0.215275	75000	-0.097029	-74.262138
459	0.214281	75000	-0.096763	-74.358901
460	0.213291	75000	-0.096566	-74.455467
461	0.212303	75000	-0.096340	-74.551808
462	0.211318	75000	-0.096058	-74.647866
463	0.210335	75000	-0.095739	-74.743605
464	0.209356	75000	-0.095493	-74.839098
465	0.208379	75000	-0.095233	-74.934331
466	0.207404	75000	-0.095014	-75.029345
467	0.206433	75000	-0.094820	-75.124165
468	0.205464	75000	-0.094622	-75.218788
469	0.204498	75000	-0.094360	-75.313147
470	0.203535	75000	-0.094050	-75.407197
471	0.202575	75000	-0.093931	-75.501128
472	0.201617	75000	-0.093650	-75.594778
473	0.200662	75000	-0.093401	-75.688179
474	0.199709	75000	-0.093160	-75.781339
475	0.198760	75000	-0.092851	-75.874190
476	0.197813	75000	-0.092589	-75.966779
477	0.196869	75000	-0.092354	-76.059133
478	0.195927	75000	-0.092138	-76.151272
479	0.194988	75000	-0.092009	-76.243281
480	0.194052	75000	-0.091705	-76.334986
481	0.193119	75000	-0.091380	-76.426366
482	0.192188	75000	-0.091156	-76.517522
483	0.191260	75000	-0.091009	-76.608532
484	0.190335	75000	-0.090791	-76.699322
485	0.189412	75000	-0.090455	-76.789777
486	0.188492	75000	-0.090241	-76.880018
487	0.187575	75000	-0.090097	-76.970116
488	0.186660	75000	-0.089720	-77.059835
489	0.185749	75000	-0.089554	-77.149389
490	0.184839	75000	-0.089365	-77.238754
491	0.183933	75000	-0.088991	-77.327745
492	0.183029	75000	-0.088884	-77.416629
493	0.182128	75000	-0.088525	-77.505154
494	0.181229	75000	-0.088248	-77.593402
495	0.180333	75000	-0.088296	-77.681698
496	0.179440	75000	-0.087961	-77.769659
497	0.178550	75000	-0.087662	-77.857321
498	0.177662	75000	-0.087418	-77.944739
499	0.176777	75000	-0.087164	-78.031903
500	0.175894	75000	-0.086971	-78.118874
501	0.175014	75000	-0.086748	-78.205623
502	0.174137	75000	-0.086507	-78.292130
503	0.173262	75000	-0.086195	-78.378324
504	0.172390	75000	-0.086021	-78.464345
505	0.171521	75000	-0.085757	-78.550103
506	0.170654	75000	-0.085551	-78.635654
507	0.169790	75000	-0.085380	-78.721034
508	0.168929	75000	-0.085154	-78.806187
509	0.168070	75000	-0.084881	-78.891068
510	0.167214	75000	-0.084621	-78.975689
511	0.166360	75000	-0.084461	-79.060150
512	0.165509	75000	-0.084132	-79.144282
513	0.164661	75000	-0.083897	-79.228179
514	0.163815	75000	-0.083713	-79.311892
515	0.162972	75000	-0.083440	-79.395332
516	0.162132	75000	-0.083208	-79.478540
517	0.161294	75000	-0.082993	-79.561533
518	0.160458	75000	-0.082672	-79.644205
519	0.159626	75000	-0.082712	-79.726917
520	0.158796	75000	-0.082372	-79.809289
521	0.157968	75000	-0.082121	-79.891410
522	0.157143	75000	-0.082003	-79.973413
523	0.156321	75000	-0.081661	-80.055074
524	0.155501	75000	-0.081311	-80.136385
525	0.154684	75000	-0.081137	-80.217522
526	0.153870	75000	-0.080930	-80.298452
527	0.153058	75000	-0.080587	-80.379039
528	0.152248	75000	-0.080531	-80.459570
529	0.151441	75000	-0.080288	-80.539858
530	0.150637	75000	-0.079961	-80.619819
531	0.149835	75000	-0.079885	-80.699704
532	0.149036	75000	-0.079534	-80.779238
533	0.148240	75000	-0.079414	-80.858652
534	0.147446	75000	-0.079166	-80.937818
535	0.146654	75000	-0.078948	-81.016766
536	0.145865	75000	-0.078731	-81.095497
537	0.145079	75000	-0.078438	-81.173935
538	0.144295	75000	-0.078268	-81.252203
539	0.143514	75000	-0.077994	-81.330197
540	0.142735	75000	-0.077858	-81.408055
541	0.141959	75000	-0.077585	-81.485640
542	0.141186	75000	-0.077355	-81.562995
543	0.140415	75000	-0.077167	-81.640162
544	0.139646	75000	-0.076985	-81.717147
545	0.138880	75000	-0.076747	-81.793893
546	0.138116	75000	-0.076626	-81.870519
547	0.137356	75000	-0.076276	-81.946795
548	0.136597	75000	-0.076061	-82.022857
549	0.135841	75000	-0.075881	-82.098738
550	0.135088	75000	-0.075750	-82.174488
551	0.134337	75000	-0.075425	-82.249913
552	0.133588	75000	-0.075144	-82.325056
553	0.132843	75000	-0.074981	-82.400037
554	0.132099	75000	-0.074782	-82.474819
555	0.131358	75000	-0.074585	-82.549404
556	0.130620	75000	-0.074223	-82.623627
557	0.129884	75000	-0.074106	-82.697734
558	0.129151	75000	-0.073888	-82.771622
559	0.128420	75000	-0.073650	-82.845272
560	0.127691	75000	-0.073532	-82.918803
561	0.126965	75000	-0.073289	-82.992092
562	0.126242	75000	-0.072991	-83.065083
563	0.125521	75000	-0.072939	-83.138023
564	0.124802	75000	-0.072577	-83.210600
565	0.124086	75000	-0.072417	-83.283018
566	0.123373	75000	-0.072280	-83.355298
567	0.122662	75000	-0.072019	-83.427317
568	0.121953	75000	-0.071815	-83.499132
569	0.121247	75000	-0.071521	-83.570653
570	0.120543	75000	-0.071430	-83.642083
571	0.119842	75000	-0.071253	-83.713337
572	0.119143	75000	-0.070947	-83.784283
573	0.118447	75000	-0.070721	-83.855005
574	0.117753	75000	-0.070565	-83.925569
575	0.117062	75000	-0.070240	-83.995809
576	0.116373	75000	-0.070008	-84.065818
577	0.115686	75000	-0.069636	-84.135453
578	0.115002	75000	-0.069647	-84.205100
579	0.114320	75000	-0.069596	-84.274697
580	0.113641	75000	-0.069340	-84.344036
581	0.112964	75000	-0.068940	-84.412977
582	0.112290	75000	-0.068792	-84.481769
583	0.111618	75000	-0.068691	-84.550460
584	0.110948	75000	-0.068403	-84.618863
585	0.110281	75000	-0.068175	-84.687038
586	0.109616	75000	-0.067793	-84.754832
587	0.108954	75000	-0.067753	-84.822585
588	0.108294	75000	-0.067495	-84.890080
589	0.107637	75000	-0.067449	-84.957529
590	0.106981	75000	-0.067157	-85.024687
591	0.106329	75000	-0.066984	-85.091670
592	0.105678	75000	-0.066764	-85.158434
593	0.105030	75000	-0.066613	-85.225048
594	0.104385	75000	-0.066405	-85.291452
595	0.103742	75000	-0.066137	-85.357589
596	0.103101	75000	-0.065896	-85.423485
597	0.102463	75000	-0.065658	-85.489144
598	0.101827	75000	-0.065649	-85.554793
599	0.101193	75000	-0.065397	-85.620190
600	0.100562	75000	-0.065049	-85.685238
601	0.099933	75000	-0.064980	-85.750218
602	0.099306	75000	-0.064648	-85.814866
603	0.098682	75000	-0.064446	-85.879313
604	0.098060	75000	-0.064347	-85.943660
605	0.097441	75000	-0.064143	-86.007803
606	0.096824	75000	-0.063886	-86.071689
607	0.096209	75000	-0.063757	-86.135446
608	0.095596	75000	-0.063553	-86.198999
609	0.094986	75000	-0.063423	-86.262422
610	0.094379	75000	-0.063218	-86.325640
611	0.093773	75000	-0.063141	-86.388781
612	0.093170	75000	-0.062789	-86.451570
613	0.092570	75000	-0.062642	-86.514212
614	0.091971	75000	-0.062351	-86.576563
615	0.091375	75000	-0.062140	-86.638703
616	0.090781	75000	-0.061853	-86.700557
617	0.090190	75000	-0.061715	-86.762272
618	0.089601	75000	-0.061607	-86.823879
619	0.089014	75000	-0.061469	-86.885348
620	0.088430	75000	-0.061075	-86.946423
621	0.087848	75000	-0.061109	-87.007532
622	0.087268	75000	-0.060995	-87.068527
623	0.086690	75000	-0.060652	-87.129179
624	0.086115	75000	-0.060436	-87.189616
625	0.085542	75000	-0.060161	-87.249776
626	0.084971	75000	-0.060171	-87.309947
627	0.084403	75000	-0.059920	-87.369867
628	0.083837	75000	-0.059806	-87.429673
629	0.083273	75000	-0.059515	-87.489188
630	0.082712	75000	-0.059471	-87.548659
631	0.082152	75000	-0.059217	-87.607876
632	0.081595	75000	-0.058976	-87.666851
633	0.081041	75000	-0.058957	-87.725808
634	0.080488	75000	-0.058693	-87.784501
635	0.079938	75000	-0.058478	-87.842979
636	0.079390	75000	-0.058095	-87.901075
637	0.078845	75000	-0.057647	-87.958722
638	0.078301	75000	-0.057858	-88.016581
639	0.077760	75000	-0.057701	-88.074281
640	0.077221	75000	-0.057478	-88.131759
641	0.076684	75000	-0.057326	-88.189085
642	0.076150	75000	-0.057028	-88.246114
643	0.075618	75000	-0.056860	-88.302973
644	0.075088	75000	-0.056882	-88.359855
645	0.074560	75000	-0.056510	-88.416366
646	0.074035	75000	-0.056561	-88.472927
647	0.073512	75000	-0.056246	-88.529173
648	0.072991	75000	-0.056076	-88.585249
649	0.072472	75000	-0.055713	-88.640962
650	0.071955	75000	-0.055828	-88.696790
651	0.071441	75000	-0.055328	-88.752118
652	0.070929	75000	-0.055320	-88.807438
653	0.070419	75000	-0.055178	-88.862617
654	0.069911	75000	-0.055103	-88.917720
655	0.069406	75000	-0.054835	-88.972555
656	0.068903	75000	-0.054763	-89.027317
657	0.068401	75000	-0.054478	-89.081795
658	0.067903	75000	-0.054415	-89.136210
659	0.067406	75000	-0.054034	-89.190243
660	0.066911	75000	-0.053981	-89.244225
661	0.066419	75000	-0.053618	-89.297843
662	0.065929	75000	-0.053649	-89.351492
663	0.065441	75000	-0.053580	-89.405071
664	0.064955	75000	-0.053173	-89.458245
665	0.064471	75000	-0.053241	-89.511486
666	0.063990	75000	-0.052934	-89.564420
667	0.063510	75000	-0.052595	-89.617015
668	0.063033	75000	-0.052694	-89.669709
669	0.062558	75000	-0.052231	-89.721940
670	0.062085	75000	-0.052115	-89.774055
671	0.061615	75000	-0.051885	-89.825940
672	0.061146	75000	-0.052005	-89.877945
673	0.060680	75000	-0.051613	-89.929559
674	0.060216	75000	-0.051539	-89.981098
675	0.059753	75000	-0.051562	-90.032660
676	0.059293	75000	-0.051133	-90.083793
677	0.058836	75000	-0.051071	-90.134863
678	0.058380	75000	-0.050862	-90.185725
679	0.057926	75000	-0.050507	-90.236232
680	0.057475	75000	-0.050787	-90.287019
681	0.057025	75000	-0.050546	-90.337565
682	0.056578	75000	-0.050136	-90.387701
683	0.056133	75000	-0.049995	-90.437697
684	0.055690	75000	-0.049778	-90.487475
685	0.055249	75000	-0.049790	-90.537264
686	0.054810	75000	-0.049627	-90.586891
687	0.054373	75000	-0.049445	-90.636336
688	0.053939	75000	-0.049173	-90.685509
689	0.053506	75000	-0.049156	-90.734665
690	0.053076	75000	-0.049120	-90.783785
691	0.052647	75000	-0.048733	-90.832518
692	0.052221	75000	-0.048711	-90.881229
693	0.051797	75000	-0.048542	-90.929771
694	0.051375	75000	-0.048497	-90.978268
695	0.050955	75000	-0.048257	-91.026525
696	0.050537	75000	-0.048081	-91.074606
697	0.050121	75000	-0.047862	-91.122468
698	0.049707	75000	-0.047631	-91.170099
699	0.049295	75000	-0.047672	-91.217771
700	0.048885	75000	-0.047262	-91.265033
701	0.048478	75000	-0.047339	-91.312372
702	0.048072	75000	-0.047319	-91.359691
703	0.047668	75000	-0.046899	-91.406590
704	0.047267	75000	-0.046891	-91.453481
705	0.046867	75000	-0.046819	-91.500299
706	0.046470	75000	-0.046744	-91.547044
707	0.046074	75000	-0.046650	-91.593694
708	0.045681	75000	-0.046323	-91.640016
709	0.045289	75000	-0.046282	-91.686298
710	0.044900	75000	-0.046160	-91.732458
711	0.044512	75000	-0.045897	-91.778355
712	0.044127	75000	-0.045698	-91.824053
713	0.043744	75000	-0.045597	-91.869650
714	0.043362	75000	-0.045340	-91.914990
715	0.042983	75000	-0.045541	-91.960531
716	0.042606	75000	-0.045200	-92.005731
717	0.042230	75000	-0.045168	-92.050899
718	0.041857	75000	-0.044915	-92.095813
719	0.041485	75000	-0.044928	-92.140742
720	0.041116	75000	-0.044565	-92.185306
721	0.040749	75000	-0.044610	-92.229916
722	0.040383	75000	-0.044444	-92.274361
723	0.040020	75000	-0.044521	-92.318881
724	0.039658	75000	-0.044099	-92.362981
725	0.039299	75000	-0.043996	-92.406976
726	0.038941	75000	-0.043957	-92.450934
727	0.038585	75000	-0.043512	-92.494446
728	0.038232	75000	-0.043822	-92.538267
729	0.037880	75000	-0.043513	-92.581780
730	0.037530	75000	-0.043361	-92.625142
731	0.037182	75000	-0.043362	-92.668503
732	0.036836	75000	-0.043106	-92.711610
733	0.036493	75000	-0.043203	-92.754813
734	0.036151	75000	-0.043115	-92.797928
735	0.035810	75000	-0.042706	-92.840634
736	0.035472	75000	-0.042639	-92.883273
737	0.035136	75000	-0.042524	-92.925797
738	0.034802	75000	-0.042600	-92.968397
739	0.034469	75000	-0.042687	-93.011084
740	0.034139	75000	-0.042105	-93.053189
741	0.033810	75000	-0.042499	-93.095687
742	0.033484	75000	-0.042192	-93.137879
743	0.033159	75000	-0.041976	-93.179855
744	0.032836	75000	-0.041756	-93.221612
745	0.032515	75000	-0.041368	-93.262979
746	0.032196	75000	-0.041736	-93.304716
747	0.031879	75000	-0.041432	-93.346148
748	0.031563	75000	-0.041496	-93.387644
749	0.031250	75000	-0.041041	-93.428685
750	0.030938	75000	-0.041186	-93.469870
751	0.030629	75000	-0.041290	-93.511160
752	0.030321	75000	-0.041177	-93.552337
753	0.030015	75000	-0.040794	-93.593131
754	0.029711	75000	-0.040608	-93.633739
755	0.029409	75000	-0.040913	-93.674651
756	0.029108	75000	-0.040650	-93.715302
757	0.028810	75000	-0.040662	-93.755964
758	0.028513	75000	-0.040548	-93.796512
759	0.028218	75000	-0.040233	-93.836745
760	0.027925	75000	-0.040244	-93.876990
761	0.027634	75000	-0.040651	-93.917640
762	0.027345	75000	-0.040439	-93.958079
763	0.027057	75000	-0.040083	-93.998163
764	0.026771	75000	-0.040186	-94.038348
765	0.026487	75000	-0.039884	-94.078232
766	0.026205	75000	-0.040119	-94.118351
767	0.025925	75000	-0.039818	-94.158169
768	0.025647	75000	-0.040080	-94.198248
769	0.025370	75000	-0.040086	-94.238335
770	0.025095	75000	-0.039370	-94.277704
771	0.024822	75000	-0.039692	-94.317397
772	0.024551	75000	-0.039592	-94.356989
773	0.024281	75000	-0.039153	-94.396142
774	0.024014	75000	-0.039712	-94.435854
775	0.023748	75000	-0.039243	-94.475097
776	0.023483	75000	-0.039308	-94.514405
777	0.023221	75000	-0.039342	-94.553747
778	0.022960	75000	-0.039475	-94.593222
779	0.022702	75000	-0.039081	-94.632303
780	0.022445	75000	-0.038885	-94.671188
781	0.022189	75000	-0.039276	-94.710464
782	0.021936	75000	-0.038876	-94.749340
783	0.021684	75000	-0.039179	-94.788519
784	0.021434	75000	-0.039316	-94.827835
785	0.021185	75000	-0.039311	-94.867147
786	0.020939	75000	-0.038931	-94.906078
787	0.020694	75000	-0.039095	-94.945173
788	0.020451	75000	-0.038887	-94.984060
789	0.020209	75000	-0.038969	-95.023029
790	0.019969	75000	-0.039128	-95.062157
791	0.019731	75000	-0.039489	-95.101646
792	0.019495	75000	-0.039239	-95.140885
793	0.019261	75000	-0.039086	-95.179971
794	0.019028	75000	-0.039026	-95.218997
795	0.018796	75000	-0.039170	-95.258167
796	0.018567	75000	-0.039171	-95.297338
797	0.018339	75000	-0.038993	-95.336331
798	0.018113	75000	-0.039124	-95.375455
799	0.017889	75000	-0.039457	-95.414912
800	0.017666	75000	-0.039216	-95.454128
801	0.017445	75000	-0.039471	-95.493599
802	0.017225	75000	-0.040001	-95.533600
803	0.017007	75000	-0.039362	-95.572962
804	0.016791	75000	-0.039249	-95.612210
805	0.016577	75000	-0.039400	-95.651611
806	0.016364	75000	-0.039767	-95.691378
807	0.016153	75000	-0.039683	-95.731061
808	0.015943	75000	-0.039818	-95.770880
809	0.015736	75000	-0.039912	-95.810792
810	0.015529	75000	-0.040208	-95.851000
811	0.015325	75000	-0.039795	-95.890795
812	0.015122	75000	-0.040172	-95.930967
813	0.014920	75000	-0.040709	-95.971676
814	0.014721	75000	-0.039752	-96.011428
815	0.014523	75000	-0.040156	-96.051585
816	0.014326	75000	-0.040988	-96.092573
817	0.014131	75000	-0.041163	-96.133736
818	0.013938	75000	-0.041222	-96.174958
819	0.013746	75000	-0.040976	-96.215933
820	0.013556	75000	-0.041860	-96.257793
821	0.013367	75000	-0.041060	-96.298852
822	0.013181	75000	-0.041915	-96.340768
823	0.012995	75000	-0.041800	-96.382567
824	0.012811	75000	-0.042665	-96.425232
825	0.012629	75000	-0.042101	-96.467334
826	0.012448	75000	-0.042987	-96.510321
827	0.012269	75000	-0.042244	-96.552565
828	0.012092	75000	-0.043517	-96.596082
829	0.011916	75000	-0.043460	-96.639542
830	0.011741	75000	-0.043973	-96.683515
831	0.011568	75000	-0.043198	-96.726713
832	0.011397	75000	-0.045650	-96.772362
833	0.011227	75000	-0.045448	-96.817811
834	0.011059	75000	-0.046484	-96.864295
835	0.010892	75000	-0.046018	-96.910313
836	0.010727	75000	-0.046069	-96.956383
837	0.010563	75000	-0.047961	-97.004344
838	0.010401	75000	-0.047278	-97.051621
839	0.010240	75000	-0.047460	-97.099081
840	0.010081	75000	-0.047256	-97.146337
841	0.009923	75000	-0.049590	-97.195927
842	0.009767	75000	-0.049784	-97.245711
843	0.009612	75000	-0.051665	-97.297376
844	0.009459	75000	-0.049386	-97.346762
845	0.009307	75000	-0.050229	-97.396991
846	0.009156	75000	-0.053571	-97.450562
847	0.009008	75000	-0.050979	-97.501541
848	0.008860	75000	-0.055839	-97.557380
849	0.008714	75000	-0.053359	-97.610739
850	0.008570	75000	-0.053948	-97.664688
851	0.008427	75000	-0.055885	-97.720572
852	0.008285	75000	-0.056991	-97.777563
853	0.008145	75000	-0.057513	-97.835076
854	0.008006	75000	-0.060257	-97.895333
855	0.007869	75000	-0.059856	-97.955190
856	0.007733	75000	-0.060415	-98.015605
857	0.007598	75000	-0.063588	-98.079192
858	0.007465	75000	-0.064165	-98.143357
859	0.007334	75000	-0.064073	-98.207430
860	0.007203	75000	-0.065338	-98.272768
861	0.007075	75000	-0.065361	-98.338129
862	0.006947	75000	-0.069110	-98.407239
863	0.006821	75000	-0.070050	-98.477289
864	0.006696	75000	-0.069191	-98.546480
865	0.006573	75000	-0.072694	-98.619174
866	0.006451	75000	-0.072867	-98.692040
867	0.006330	75000	-0.072246	-98.764286
868	0.006211	75000	-0.075364	-98.839651
869	0.006093	75000	-0.076009	-98.915660
870	0.005977	75000	-0.078000	-98.993660
871	0.005862	75000	-0.078481	-99.072141
872	0.005748	75000	-0.080659	-99.152799
873	0.005635	75000	-0.082295	-99.235094
874	0.005524	75000	-0.081885	-99.316979
875	0.005414	75000	-0.083483	-99.400462
876	0.005306	75000	-0.083499	-99.483962
877	0.005199	75000	-0.087104	-99.571066
878	0.005093	75000	-0.089543	-99.660609
879	0.004988	75000	-0.087881	-99.748490
880	0.004885	75000	-0.091106	-99.839596
881	0.004783	75000	-0.090393	-99.929989
882	0.004682	75000	-0.094453	-100.024442
883	0.004583	75000	-0.093511	-100.117953
884	0.004485	75000	-0.094440	-100.212393
885	0.004388	75000	-0.097083	-100.309476
886	0.004292	75000	-0.094994	-100.404470
887	0.004198	75000	-0.097088	-100.501558
888	0.004105	75000	-0.097609	-100.599167
889	0.004013	75000	-0.099805	-100.698971
890	0.003923	75000	-0.097145	-100.796117
891	0.003833	75000	-0.099342	-100.895458
892	0.003745	75000	-0.099047	-100.994505
893	0.003658	75000	-0.100002	-101.094507
894	0.003573	75000	-0.099922	-101.194429
895	0.003488	75000	-0.101511	-101.295940
896	0.003405	75000	-0.101943	-101.397883
897	0.003323	75000	-0.101573	-101.499456
898	0.003242	75000	-0.101318	-101.600774
899	0.003162	75000	-0.101859	-101.702633
900	0.003084	75000	-0.102057	-101.804690
901	0.003007	75000	-0.101237	-101.905927
902	0.002930	75000	-0.099574	-102.005501
903	0.002855	75000	-0.101335	-102.106836
904	0.002782	75000	-0.102635	-102.209471
905	0.002709	75000	-0.099868	-102.309339
906	0.002638	75000	-0.100282	-102.409621
907	0.002567	75000	-0.097664	-102.507285
908	0.002498	75000	-0.098274	-102.605559
909	0.002430	75000	-0.096647	-102.702206
910	0.002363	75000	-0.096615	-102.798821
911	0.002297	75000	-0.096593	-102.895414
912	0.002233	75000	-0.096507	-102.991921
913	0.002169	75000	-0.094482	-103.086403
914	0.002106	75000	-0.093704	-103.180107
915	0.002045	75000	-0.091915	-103.272022
916	0.001985	75000	-0.091896	-103.363918
917	0.001925	75000	-0.090856	-103.454774
918	0.001867	75000	-0.090847	-103.545621
919	0.001810	75000	-0.089664	-103.635285
920	0.001754	75000	-0.087385	-103.722671
921	0.001699	75000	-0.086271	-103.808942
922	0.001645	75000	-0.085858	-103.894800
923	0.001592	75000	-0.084761	-103.979560
924	0.001540	75000	-0.083201	-104.062762
925	0.001490	75000	-0.081368	-104.144130
926	0.001440	75000	-0.081152	-104.225282
927	0.001391	75000	-0.079153	-104.304435
928	0.001343	75000	-0.077857	-104.382292
929	0.001296	75000	-0.076285	-104.458577
930	0.001251	75000	-0.075514	-104.534092
931	0.001206	75000	-0.074311	-104.608403
932	0.001162	75000	-0.073023	-104.681426
933	0.001119	75000	-0.071973	-104.753400
934	0.001077	75000	-0.070456	-104.823855
935	0.001036	75000	-0.069206	-104.893062
936	0.000996	75000	-0.067494	-104.960556
937	0.000957	75000	-0.066106	-105.026662
938	0.000919	75000	-0.064829	-105.091491
939	0.000882	75000	-0.063682	-105.155174
940	0.000846	75000	-0.062249	-105.217423
941	0.000810	75000	-0.060824	-105.278246
942	0.000776	75000	-0.059548	-105.337794
943	0.000742	75000	-0.058080	-105.395874
944	0.000709	75000	-0.056563	-105.452437
945	0.000678	75000	-0.055099	-105.507537
946	0.000647	75000	-0.053543	-105.561080
947	0.000617	75000	-0.052214	-105.613294
948	0.000587	75000	-0.050933	-105.664227
949	0.000559	75000	-0.049508	-105.713735
950	0.000531	75000	-0.048337	-105.762072
951	0.000505	75000	-0.046906	-105.808978
952	0.000479	75000	-0.045671	-105.854649
953	0.000454	75000	-0.044065	-105.898714
954	0.000430	75000	-0.042792	-105.941506
955	0.000406	75000	-0.041353	-105.982859
956	0.000383	75000	-0.040129	-106.022988
957	0.000362	75000	-0.038849	-106.061836
958	0.000340	75000	-0.037728	-106.099565
959	0.000320	75000	-0.036277	-106.135841
960	0.000300	75000	-0.034833	-106.170675
961	0.000281	75000	-0.033680	-106.204355
962	0.000263	75000	-0.032459	-106.236814
963	0.000246	75000	-0.031071	-106.267885
964	0.000229	75000	-0.029873	-106.297757
965	0.000213	75000	-0.028659	-106.326417
966	0.000198	75000	-0.027433	-106.353850
967	0.000183	75000	-0.026330	-106.380180
968	0.000169	75000	-0.025094	-106.405274
969	0.000156	75000	-0.023862	-106.429136
970	0.000143	75000	-0.022769	-106.451905
971	0.000131	75000	-0.021585	-106.473490
972	0.000120	75000	-0.020458	-106.493948
973	0.000109	75000	-0.019498	-106.513445
974	0.000099	75000	-0.018284	-106.531730
975	0.000089	75000	-0.017266	-106.548996
976	0.000080	75000	-0.016197	-106.565192
977	0.000072	75000	-0.015277	-106.580469
978	0.000064	75000	-0.014225	-106.594695
979	0.000057	75000	-0.013238	-106.607932
980	0.000050	75000	-0.012331	-106.620263
981	0.000043	75000	-0.011325	-106.631588
982	0.000038	75000	-0.010477	-106.642065
983	0.000032	75000	-0.009611	-106.651676
984	0.000028	75000	-0.008730	-106.660406
985	0.000023	75000	-0.007880	-106.668286
986	0.000019	75000	-0.007106	-106.675392
987	0.000016	75000	-0.006331	-106.681722
988	0.000013	75000	-0.005586	-106.687308
989	0.000010	75000	-0.004880	-106.692189
990	0.000008	75000	-0.004214	-106.696403
991	0.000006	75000	-0.003553	-106.699956
992	0.000004	75000	-0.002937	-106.702893
993	0.000003	75000	-0.002380	-106.705273
994	0.000002	75000	-0.001852	-106.707125
995	0.000001	75000	-0.001368	-106.708493
996	0.000000	75000	-0.000944	-106.709436
997	0.000000	75000	-0.000569	-106.710006
998	0.000000	75000	-0.000266	-106.710272
999	0.000000	75000	-0.000057	-106.710330
Log marginal likelihood:	-106.710330
