Steppingstone sampler:
        No Stones:                  1000
        Start It:                   10000001
        It Per Stone:               100000
        Sample Freq:                1
        Dist:                       Beta(0.400000,1.000000)
Stone No	Power	N	Stone MLh	Running MLh
0	0.997502	75000	-0.007662	-0.007662
1	0.995007	75000	-0.007626	-0.015288
2	0.992517	75000	-0.007705	-0.022993
3	0.990030	75000	-0.007655	-0.030647
4	0.987547	75000	-0.007591	-0.038239
5	0.985067	75000	-0.007572	-0.045811
6	0.982592	75000	-0.007602	-0.053412
7	0.980120	75000	-0.007682	-0.061095
8	0.977652	75000	-0.007684	-0.068779
9	0.975187	75000	-0.007628	-0.076407
10	0.972726	75000	-0.007553	-0.083959
11	0.970269	75000	-0.007601	-0.091560
12	0.967816	75000	-0.007647	-0.099207
13	0.965367	75000	-0.007594	-0.106801
14	0.962921	75000	-0.007603	-0.114404
15	0.960479	75000	-0.007594	-0.121998
16	0.958040	75000	-0.007596	-0.129594
17	0.955606	75000	-0.007562	-0.137156
18	0.953175	75000	-0.007533	-0.144689
19	0.950747	75000	-0.007531	-0.152220
20	0.948324	75000	-0.007551	-0.159772
21	0.945904	75000	-0.007518	-0.167290
22	0.943488	75000	-0.007500	-0.174790
23	0.941076	75000	-0.007569	-0.182358
24	0.938667	75000	-0.007542	-0.189900
25	0.936262	75000	-0.007513	-0.197412
26	0.933861	75000	-0.007537	-0.204950
27	0.931463	75000	-0.007515	-0.212465
28	0.929069	75000	-0.007573	-0.220038
29	0.926679	75000	-0.007483	-0.227521
30	0.924293	75000	-0.007528	-0.235049
31	0.921910	75000	-0.007494	-0.242543
32	0.919531	75000	-0.007498	-0.250042
33	0.917155	75000	-0.007482	-0.257523
34	0.914783	75000	-0.007457	-0.264980
35	0.912415	75000	-0.007438	-0.272418
36	0.910051	75000	-0.007471	-0.279889
37	0.907690	75000	-0.007451	-0.287340
38	0.905333	75000	-0.007468	-0.294808
39	0.902980	75000	-0.007514	-0.302321
40	0.900630	75000	-0.007470	-0.309791
41	0.898284	75000	-0.007467	-0.317258
42	0.895942	75000	-0.007463	-0.324722
43	0.893603	75000	-0.007479	-0.332200
44	0.891268	75000	-0.007432	-0.339632
45	0.888937	75000	-0.007446	-0.347078
46	0.886609	75000	-0.007491	-0.354570
47	0.884285	75000	-0.007440	-0.362010
48	0.881965	75000	-0.007432	-0.369441
49	0.879648	75000	-0.007414	-0.376856
50	0.877335	75000	-0.007386	-0.384241
51	0.875026	75000	-0.007410	-0.391651
52	0.872720	75000	-0.007376	-0.399027
53	0.870418	75000	-0.007422	-0.406449
54	0.868120	75000	-0.007364	-0.413813
55	0.865825	75000	-0.007482	-0.421295
56	0.863534	75000	-0.007366	-0.428661
57	0.861246	75000	-0.007361	-0.436022
58	0.858962	75000	-0.007412	-0.443434
59	0.856682	75000	-0.007379	-0.450813
60	0.854405	75000	-0.007426	-0.458239
61	0.852132	75000	-0.007396	-0.465635
62	0.849863	75000	-0.007405	-0.473040
63	0.847597	75000	-0.007348	-0.480388
64	0.845335	75000	-0.007376	-0.487764
65	0.843077	75000	-0.007345	-0.495109
66	0.840822	75000	-0.007344	-0.502453
67	0.838571	75000	-0.007411	-0.509864
68	0.836323	75000	-0.007338	-0.517203
69	0.834079	75000	-0.007336	-0.524538
70	0.831839	75000	-0.007312	-0.531851
71	0.829602	75000	-0.007343	-0.539194
72	0.827369	75000	-0.007282	-0.546477
73	0.825140	75000	-0.007343	-0.553820
74	0.822914	75000	-0.007273	-0.561093
75	0.820691	75000	-0.007265	-0.568358
76	0.818473	75000	-0.007351	-0.575709
77	0.816258	75000	-0.007325	-0.583034
78	0.814046	75000	-0.007317	-0.590352
79	0.811838	75000	-0.007268	-0.597620
80	0.809634	75000	-0.007330	-0.604950
81	0.807433	75000	-0.007234	-0.612184
82	0.805236	75000	-0.007262	-0.619446
83	0.803043	75000	-0.007257	-0.626703
84	0.800853	75000	-0.007254	-0.633957
85	0.798667	75000	-0.007350	-0.641307
86	0.796484	75000	-0.007308	-0.648616
87	0.794305	75000	-0.007339	-0.655955
88	0.792129	75000	-0.007231	-0.663185
89	0.789957	75000	-0.007301	-0.670486
90	0.787789	75000	-0.007271	-0.677758
91	0.785624	75000	-0.007245	-0.685003
92	0.783463	75000	-0.007201	-0.692204
93	0.781305	75000	-0.007163	-0.699367
94	0.779151	75000	-0.007239	-0.706605
95	0.777000	75000	-0.007242	-0.713847
96	0.774853	75000	-0.007237	-0.721084
97	0.772710	75000	-0.007202	-0.728286
98	0.770570	75000	-0.007169	-0.735455
99	0.768433	75000	-0.007177	-0.742632
100	0.766301	75000	-0.007217	-0.749849
101	0.764172	75000	-0.007162	-0.757011
102	0.762046	75000	-0.007204	-0.764214
103	0.759924	75000	-0.007155	-0.771370
104	0.757805	75000	-0.007207	-0.778577
105	0.755690	75000	-0.007223	-0.785800
106	0.753579	75000	-0.007190	-0.792990
107	0.751471	75000	-0.007206	-0.800196
108	0.749366	75000	-0.007087	-0.807283
109	0.747266	75000	-0.007233	-0.814517
110	0.745168	75000	-0.007158	-0.821675
111	0.743075	75000	-0.007170	-0.828845
112	0.740984	75000	-0.007115	-0.835959
113	0.738898	75000	-0.007141	-0.843100
114	0.736815	75000	-0.007106	-0.850206
115	0.734735	75000	-0.007139	-0.857345
116	0.732659	75000	-0.007064	-0.864409
117	0.730586	75000	-0.007109	-0.871519
118	0.728517	75000	-0.007154	-0.878673
119	0.726452	75000	-0.007113	-0.885786
120	0.724390	75000	-0.007085	-0.892871
121	0.722331	75000	-0.007160	-0.900031
122	0.720276	75000	-0.007126	-0.907158
123	0.718225	75000	-0.007151	-0.914309
124	0.716177	75000	-0.007077	-0.921386
125	0.714132	75000	-0.007155	-0.928541
126	0.712091	75000	-0.007074	-0.935615
127	0.710054	75000	-0.007105	-0.942721
128	0.708020	75000	-0.007163	-0.949884
129	0.705989	75000	-0.007074	-0.956958
130	0.703962	75000	-0.007112	-0.964070
131	0.701939	75000	-0.007078	-0.971148
132	0.699919	75000	-0.007032	-0.978179
133	0.697902	75000	-0.007066	-0.985245
134	0.695889	75000	-0.007001	-0.992246
135	0.693880	75000	-0.007026	-0.999273
136	0.691874	75000	-0.007034	-1.006306
137	0.689871	75000	-0.006999	-1.013306
138	0.687872	75000	-0.007118	-1.020424
139	0.685877	75000	-0.007064	-1.027488
140	0.683885	75000	-0.007067	-1.034555
141	0.681896	75000	-0.006997	-1.041552
142	0.679911	75000	-0.007042	-1.048594
143	0.677929	75000	-0.007026	-1.055620
144	0.675951	75000	-0.007045	-1.062666
145	0.673976	75000	-0.006999	-1.069664
146	0.672005	75000	-0.006972	-1.076636
147	0.670037	75000	-0.006930	-1.083566
148	0.668073	75000	-0.007002	-1.090568
149	0.666112	75000	-0.007021	-1.097590
150	0.664155	75000	-0.007023	-1.104613
151	0.662201	75000	-0.007040	-1.111653
152	0.660250	75000	-0.006963	-1.118616
153	0.658303	75000	-0.006964	-1.125580
154	0.656359	75000	-0.006984	-1.132564
155	0.654419	75000	-0.007038	-1.139602
156	0.652483	75000	-0.007022	-1.146623
157	0.650549	75000	-0.007011	-1.153634
158	0.648619	75000	-0.007028	-1.160662
159	0.646693	75000	-0.006941	-1.167603
160	0.644770	75000	-0.007011	-1.174614
161	0.642851	75000	-0.006913	-1.181527
162	0.640934	75000	-0.006959	-1.188486
163	0.639022	75000	-0.006967	-1.195453
164	0.637113	75000	-0.006997	-1.202450
165	0.635207	75000	-0.006960	-1.209410
166	0.633304	75000	-0.006984	-1.216394
167	0.631405	75000	-0.006976	-1.223370
168	0.629510	75000	-0.006985	-1.230355
169	0.627618	75000	-0.006964	-1.237319
170	0.625729	75000	-0.006880	-1.244199
171	0.623844	75000	-0.006943	-1.251142
172	0.621962	75000	-0.006874	-1.258016
173	0.620083	75000	-0.006924	-1.264940
174	0.618208	75000	-0.006968	-1.271909
175	0.616337	75000	-0.006883	-1.278792
176	0.614468	75000	-0.006848	-1.285640
177	0.612604	75000	-0.006927	-1.292566
178	0.610742	75000	-0.006953	-1.299520
179	0.608884	75000	-0.006916	-1.306436
180	0.607029	75000	-0.006908	-1.313344
181	0.605178	75000	-0.006905	-1.320249
182	0.603330	75000	-0.006894	-1.327143
183	0.601486	75000	-0.006846	-1.333989
184	0.599645	75000	-0.006863	-1.340851
185	0.597807	75000	-0.006837	-1.347689
186	0.595973	75000	-0.006862	-1.354550
187	0.594142	75000	-0.006854	-1.361404
188	0.592314	75000	-0.006933	-1.368337
189	0.590490	75000	-0.006774	-1.375111
190	0.588669	75000	-0.006931	-1.382042
191	0.586852	75000	-0.006952	-1.388994
192	0.585038	75000	-0.006970	-1.395964
193	0.583227	75000	-0.006893	-1.402857
194	0.581420	75000	-0.006926	-1.409783
195	0.579616	75000	-0.006838	-1.416621
196	0.577815	75000	-0.006871	-1.423493
197	0.576018	75000	-0.006905	-1.430398
198	0.574224	75000	-0.006777	-1.437175
199	0.572433	75000	-0.006808	-1.443983
200	0.570646	75000	-0.006885	-1.450868
201	0.568862	75000	-0.006822	-1.457690
202	0.567082	75000	-0.006830	-1.464520
203	0.565305	75000	-0.006804	-1.471325
204	0.563531	75000	-0.006843	-1.478167
205	0.561761	75000	-0.006860	-1.485027
206	0.559993	75000	-0.006824	-1.491851
207	0.558230	75000	-0.006867	-1.498718
208	0.556469	75000	-0.006885	-1.505603
209	0.554712	75000	-0.006790	-1.512393
210	0.552958	75000	-0.006860	-1.519253
211	0.551208	75000	-0.006779	-1.526032
212	0.549461	75000	-0.006793	-1.532825
213	0.547717	75000	-0.006803	-1.539628
214	0.545977	75000	-0.006824	-1.546452
215	0.544240	75000	-0.006747	-1.553199
216	0.542506	75000	-0.006829	-1.560028
217	0.540775	75000	-0.006744	-1.566772
218	0.539048	75000	-0.006742	-1.573514
219	0.537324	75000	-0.006863	-1.580377
220	0.535604	75000	-0.006807	-1.587184
221	0.533887	75000	-0.006846	-1.594030
222	0.532173	75000	-0.006836	-1.600865
223	0.530462	75000	-0.006783	-1.607648
224	0.528755	75000	-0.006820	-1.614468
225	0.527051	75000	-0.006782	-1.621250
226	0.525350	75000	-0.006804	-1.628054
227	0.523653	75000	-0.006748	-1.634801
228	0.521958	75000	-0.006775	-1.641576
229	0.520268	75000	-0.006740	-1.648316
230	0.518580	75000	-0.006752	-1.655068
231	0.516896	75000	-0.006788	-1.661856
232	0.515215	75000	-0.006754	-1.668611
233	0.513537	75000	-0.006722	-1.675333
234	0.511863	75000	-0.006746	-1.682079
235	0.510192	75000	-0.006801	-1.688880
236	0.508524	75000	-0.006707	-1.695586
237	0.506859	75000	-0.006699	-1.702285
238	0.505198	75000	-0.006708	-1.708993
239	0.503540	75000	-0.006792	-1.715785
240	0.501885	75000	-0.006714	-1.722498
241	0.500234	75000	-0.006739	-1.729237
242	0.498586	75000	-0.006731	-1.735968
243	0.496941	75000	-0.006730	-1.742698
244	0.495299	75000	-0.006772	-1.749470
245	0.493660	75000	-0.006732	-1.756202
246	0.492025	75000	-0.006712	-1.762913
247	0.490393	75000	-0.006648	-1.769562
248	0.488765	75000	-0.006786	-1.776347
249	0.487139	75000	-0.006717	-1.783065
250	0.485517	75000	-0.006760	-1.789825
251	0.483898	75000	-0.006682	-1.796507
252	0.482283	75000	-0.006744	-1.803251
253	0.480670	75000	-0.006718	-1.809969
254	0.479061	75000	-0.006821	-1.816790
255	0.477455	75000	-0.006737	-1.823527
256	0.475852	75000	-0.006743	-1.830270
257	0.474253	75000	-0.006718	-1.836988
258	0.472656	75000	-0.006712	-1.843701
259	0.471063	75000	-0.006645	-1.850345
260	0.469474	75000	-0.006718	-1.857063
261	0.467887	75000	-0.006723	-1.863786
262	0.466304	75000	-0.006745	-1.870531
263	0.464723	75000	-0.006715	-1.877247
264	0.463146	75000	-0.006619	-1.883865
265	0.461573	75000	-0.006703	-1.890568
266	0.460002	75000	-0.006646	-1.897214
267	0.458435	75000	-0.006656	-1.903870
268	0.456871	75000	-0.006694	-1.910564
269	0.455310	75000	-0.006648	-1.917212
270	0.453752	75000	-0.006749	-1.923961
271	0.452198	75000	-0.006645	-1.930606
272	0.450647	75000	-0.006710	-1.937316
273	0.449098	75000	-0.006697	-1.944014
274	0.447554	75000	-0.006653	-1.950667
275	0.446012	75000	-0.006727	-1.957394
276	0.444473	75000	-0.006722	-1.964116
277	0.442938	75000	-0.006635	-1.970751
278	0.441406	75000	-0.006749	-1.977500
279	0.439877	75000	-0.006590	-1.984090
280	0.438351	75000	-0.006638	-1.990728
281	0.436829	75000	-0.006766	-1.997494
282	0.435309	75000	-0.006655	-2.004149
283	0.433793	75000	-0.006634	-2.010783
284	0.432280	75000	-0.006679	-2.017462
285	0.430770	75000	-0.006728	-2.024190
286	0.429263	75000	-0.006709	-2.030899
287	0.427760	75000	-0.006527	-2.037426
288	0.426259	75000	-0.006673	-2.044099
289	0.424762	75000	-0.006635	-2.050734
290	0.423268	75000	-0.006617	-2.057351
291	0.421777	75000	-0.006667	-2.064018
292	0.420289	75000	-0.006675	-2.070693
293	0.418805	75000	-0.006609	-2.077302
294	0.417323	75000	-0.006698	-2.084000
295	0.415845	75000	-0.006615	-2.090615
296	0.414370	75000	-0.006700	-2.097314
297	0.412898	75000	-0.006626	-2.103941
298	0.411429	75000	-0.006692	-2.110633
299	0.409963	75000	-0.006752	-2.117385
300	0.408501	75000	-0.006626	-2.124011
301	0.407041	75000	-0.006696	-2.130707
302	0.405585	75000	-0.006766	-2.137472
303	0.404132	75000	-0.006697	-2.144170
304	0.402682	75000	-0.006653	-2.150823
305	0.401235	75000	-0.006635	-2.157459
306	0.399791	75000	-0.006656	-2.164115
307	0.398350	75000	-0.006663	-2.170777
308	0.396913	75000	-0.006709	-2.177486
309	0.395478	75000	-0.006678	-2.184164
310	0.394047	75000	-0.006645	-2.190809
311	0.392619	75000	-0.006650	-2.197459
312	0.391194	75000	-0.006661	-2.204121
313	0.389772	75000	-0.006626	-2.210746
314	0.388353	75000	-0.006637	-2.217383
315	0.386937	75000	-0.006665	-2.224048
316	0.385524	75000	-0.006686	-2.230734
317	0.384115	75000	-0.006668	-2.237403
318	0.382708	75000	-0.006599	-2.244002
319	0.381305	75000	-0.006644	-2.250646
320	0.379904	75000	-0.006659	-2.257305
321	0.378507	75000	-0.006648	-2.263952
322	0.377113	75000	-0.006646	-2.270598
323	0.375722	75000	-0.006660	-2.277258
324	0.374334	75000	-0.006678	-2.283936
325	0.372949	75000	-0.006638	-2.290574
326	0.371567	75000	-0.006624	-2.297198
327	0.370189	75000	-0.006654	-2.303852
328	0.368813	75000	-0.006645	-2.310497
329	0.367440	75000	-0.006592	-2.317088
330	0.366071	75000	-0.006644	-2.323732
331	0.364705	75000	-0.006604	-2.330336
332	0.363341	75000	-0.006649	-2.336986
333	0.361981	75000	-0.006624	-2.343609
334	0.360624	75000	-0.006623	-2.350232
335	0.359269	75000	-0.006629	-2.356861
336	0.357918	75000	-0.006657	-2.363518
337	0.356570	75000	-0.006582	-2.370099
338	0.355225	75000	-0.006596	-2.376695
339	0.353883	75000	-0.006627	-2.383322
340	0.352544	75000	-0.006672	-2.389994
341	0.351208	75000	-0.006777	-2.396771
342	0.349875	75000	-0.006592	-2.403364
343	0.348546	75000	-0.006570	-2.409933
344	0.347219	75000	-0.006561	-2.416495
345	0.345895	75000	-0.006654	-2.423149
346	0.344574	75000	-0.006580	-2.429729
347	0.343257	75000	-0.006605	-2.436334
348	0.341942	75000	-0.006658	-2.442992
349	0.340630	75000	-0.006676	-2.449667
350	0.339322	75000	-0.006790	-2.456457
351	0.338016	75000	-0.006634	-2.463091
352	0.336714	75000	-0.006579	-2.469670
353	0.335414	75000	-0.006738	-2.476408
354	0.334118	75000	-0.006757	-2.483166
355	0.332824	75000	-0.006653	-2.489819
356	0.331534	75000	-0.006668	-2.496487
357	0.330246	75000	-0.006666	-2.503153
358	0.328962	75000	-0.006646	-2.509799
359	0.327680	75000	-0.006657	-2.516456
360	0.326401	75000	-0.006664	-2.523120
361	0.325126	75000	-0.006608	-2.529728
362	0.323853	75000	-0.006686	-2.536414
363	0.322584	75000	-0.006594	-2.543007
364	0.321317	75000	-0.006598	-2.549605
365	0.320054	75000	-0.006570	-2.556175
366	0.318793	75000	-0.006669	-2.562844
367	0.317536	75000	-0.006720	-2.569563
368	0.316281	75000	-0.006707	-2.576271
369	0.315030	75000	-0.006722	-2.582992
370	0.313781	75000	-0.006607	-2.589599
371	0.312535	75000	-0.006657	-2.596257
372	0.311293	75000	-0.006634	-2.602891
373	0.310053	75000	-0.006698	-2.609589
374	0.308816	75000	-0.006677	-2.616266
375	0.307582	75000	-0.006671	-2.622936
376	0.306352	75000	-0.006587	-2.629523
377	0.305124	75000	-0.006650	-2.636173
378	0.303899	75000	-0.006645	-2.642818
379	0.302677	75000	-0.006656	-2.649475
380	0.301458	75000	-0.006586	-2.656060
381	0.300242	75000	-0.006676	-2.662736
382	0.299029	75000	-0.006604	-2.669340
383	0.297819	75000	-0.006694	-2.676034
384	0.296611	75000	-0.006727	-2.682762
385	0.295407	75000	-0.006593	-2.689355
386	0.294206	75000	-0.006657	-2.696012
387	0.293007	75000	-0.006720	-2.702732
388	0.291812	75000	-0.006687	-2.709419
389	0.290619	75000	-0.006696	-2.716114
390	0.289430	75000	-0.006725	-2.722839
391	0.288243	75000	-0.006648	-2.729488
392	0.287059	75000	-0.006617	-2.736104
393	0.285879	75000	-0.006575	-2.742679
394	0.284701	75000	-0.006710	-2.749389
395	0.283526	75000	-0.006616	-2.756005
396	0.282354	75000	-0.006514	-2.762519
397	0.281184	75000	-0.006770	-2.769289
398	0.280018	75000	-0.006687	-2.775976
399	0.278855	75000	-0.006783	-2.782760
400	0.277694	75000	-0.006751	-2.789511
401	0.276537	75000	-0.006677	-2.796188
402	0.275382	75000	-0.006675	-2.802863
403	0.274230	75000	-0.006543	-2.809406
404	0.273082	75000	-0.006636	-2.816042
405	0.271936	75000	-0.006634	-2.822677
406	0.270793	75000	-0.006765	-2.829441
407	0.269652	75000	-0.006747	-2.836188
408	0.268515	75000	-0.006701	-2.842890
409	0.267381	75000	-0.006745	-2.849635
410	0.266249	75000	-0.006751	-2.856386
411	0.265121	75000	-0.006822	-2.863208
412	0.263995	75000	-0.006665	-2.869873
413	0.262872	75000	-0.006732	-2.876605
414	0.261752	75000	-0.006728	-2.883332
415	0.260635	75000	-0.006735	-2.890067
416	0.259520	75000	-0.006639	-2.896707
417	0.258409	75000	-0.006629	-2.903336
418	0.257300	75000	-0.006675	-2.910011
419	0.256195	75000	-0.006603	-2.916614
420	0.255092	75000	-0.006788	-2.923402
421	0.253992	75000	-0.006640	-2.930042
422	0.252895	75000	-0.006763	-2.936805
423	0.251800	75000	-0.006784	-2.943590
424	0.250709	75000	-0.006695	-2.950284
425	0.249620	75000	-0.006723	-2.957007
426	0.248534	75000	-0.006783	-2.963791
427	0.247451	75000	-0.006698	-2.970489
428	0.246371	75000	-0.006751	-2.977240
429	0.245294	75000	-0.006699	-2.983939
430	0.244220	75000	-0.006762	-2.990701
431	0.243148	75000	-0.006929	-2.997630
432	0.242079	75000	-0.006757	-3.004387
433	0.241013	75000	-0.006797	-3.011184
434	0.239950	75000	-0.006759	-3.017943
435	0.238890	75000	-0.006855	-3.024797
436	0.237832	75000	-0.006801	-3.031599
437	0.236778	75000	-0.006725	-3.038324
438	0.235726	75000	-0.006836	-3.045160
439	0.234677	75000	-0.006795	-3.051955
440	0.233630	75000	-0.006700	-3.058655
441	0.232587	75000	-0.006868	-3.065523
442	0.231546	75000	-0.006850	-3.072373
443	0.230509	75000	-0.006724	-3.079097
444	0.229473	75000	-0.006784	-3.085880
445	0.228441	75000	-0.006921	-3.092801
446	0.227412	75000	-0.006803	-3.099604
447	0.226385	75000	-0.006903	-3.106507
448	0.225361	75000	-0.006850	-3.113357
449	0.224340	75000	-0.006892	-3.120249
450	0.223322	75000	-0.006785	-3.127034
451	0.222306	75000	-0.006751	-3.133785
452	0.221293	75000	-0.006856	-3.140641
453	0.220283	75000	-0.006707	-3.147348
454	0.219276	75000	-0.006803	-3.154151
455	0.218272	75000	-0.006782	-3.160933
456	0.217270	75000	-0.006797	-3.167730
457	0.216271	75000	-0.006817	-3.174548
458	0.215275	75000	-0.006875	-3.181422
459	0.214281	75000	-0.006913	-3.188336
460	0.213291	75000	-0.006894	-3.195229
461	0.212303	75000	-0.006986	-3.202215
462	0.211318	75000	-0.006951	-3.209166
463	0.210335	75000	-0.006789	-3.215955
464	0.209356	75000	-0.006822	-3.222777
465	0.208379	75000	-0.006789	-3.229566
466	0.207404	75000	-0.006886	-3.236452
467	0.206433	75000	-0.006925	-3.243377
468	0.205464	75000	-0.006890	-3.250267
469	0.204498	75000	-0.007061	-3.257328
470	0.203535	75000	-0.006835	-3.264163
471	0.202575	75000	-0.006976	-3.271139
472	0.201617	75000	-0.006884	-3.278023
473	0.200662	75000	-0.006905	-3.284928
474	0.199709	75000	-0.006953	-3.291880
475	0.198760	75000	-0.006858	-3.298738
476	0.197813	75000	-0.006982	-3.305720
477	0.196869	75000	-0.006836	-3.312556
478	0.195927	75000	-0.006999	-3.319555
479	0.194988	75000	-0.006912	-3.326466
480	0.194052	75000	-0.006911	-3.333377
481	0.193119	75000	-0.006997	-3.340375
482	0.192188	75000	-0.006926	-3.347301
483	0.191260	75000	-0.007049	-3.354350
484	0.190335	75000	-0.006947	-3.361297
485	0.189412	75000	-0.006993	-3.368290
486	0.188492	75000	-0.006997	-3.375287
487	0.187575	75000	-0.006963	-3.382250
488	0.186660	75000	-0.007128	-3.389379
489	0.185749	75000	-0.007047	-3.396426
490	0.184839	75000	-0.007076	-3.403501
491	0.183933	75000	-0.006946	-3.410448
492	0.183029	75000	-0.007009	-3.417456
493	0.182128	75000	-0.006826	-3.424282
494	0.181229	75000	-0.006973	-3.431255
495	0.180333	75000	-0.007017	-3.438272
496	0.179440	75000	-0.007059	-3.445331
497	0.178550	75000	-0.007099	-3.452430
498	0.177662	75000	-0.007075	-3.459505
499	0.176777	75000	-0.007012	-3.466517
500	0.175894	75000	-0.007103	-3.473619
501	0.175014	75000	-0.007085	-3.480705
502	0.174137	75000	-0.007086	-3.487791
503	0.173262	75000	-0.007189	-3.494980
504	0.172390	75000	-0.007051	-3.502030
505	0.171521	75000	-0.007134	-3.509164
506	0.170654	75000	-0.007186	-3.516350
507	0.169790	75000	-0.007154	-3.523505
508	0.168929	75000	-0.007185	-3.530690
509	0.168070	75000	-0.007062	-3.537751
510	0.167214	75000	-0.007041	-3.544793
511	0.166360	75000	-0.007070	-3.551862
512	0.165509	75000	-0.007215	-3.559078
513	0.164661	75000	-0.007100	-3.566177
514	0.163815	75000	-0.007168	-3.573346
515	0.162972	75000	-0.007227	-3.580573
516	0.162132	75000	-0.007217	-3.587790
517	0.161294	75000	-0.007150	-3.594940
518	0.160458	75000	-0.007145	-3.602085
519	0.159626	75000	-0.007371	-3.609456
520	0.158796	75000	-0.007231	-3.616687
521	0.157968	75000	-0.007391	-3.624078
522	0.157143	75000	-0.007111	-3.631190
523	0.156321	75000	-0.007167	-3.638356
524	0.155501	75000	-0.007298	-3.645654
525	0.154684	75000	-0.007117	-3.652771
526	0.153870	75000	-0.007298	-3.660068
527	0.153058	75000	-0.007141	-3.667210
528	0.152248	75000	-0.007134	-3.674344
529	0.151441	75000	-0.007354	-3.681698
530	0.150637	75000	-0.007403	-3.689100
531	0.149835	75000	-0.007322	-3.696423
532	0.149036	75000	-0.007281	-3.703703
533	0.148240	75000	-0.007195	-3.710898
534	0.147446	75000	-0.007238	-3.718137
535	0.146654	75000	-0.007400	-3.725537
536	0.145865	75000	-0.007307	-3.732843
537	0.145079	75000	-0.007206	-3.740049
538	0.144295	75000	-0.007490	-3.747539
539	0.143514	75000	-0.007256	-3.754795
540	0.142735	75000	-0.007441	-3.762235
541	0.141959	75000	-0.007308	-3.769544
542	0.141186	75000	-0.007489	-3.777032
543	0.140415	75000	-0.007332	-3.784364
544	0.139646	75000	-0.007413	-3.791777
545	0.138880	75000	-0.007506	-3.799283
546	0.138116	75000	-0.007422	-3.806705
547	0.137356	75000	-0.007389	-3.814094
548	0.136597	75000	-0.007472	-3.821566
549	0.135841	75000	-0.007359	-3.828926
550	0.135088	75000	-0.007379	-3.836305
551	0.134337	75000	-0.007498	-3.843803
552	0.133588	75000	-0.007663	-3.851466
553	0.132843	75000	-0.007524	-3.858990
554	0.132099	75000	-0.007614	-3.866604
555	0.131358	75000	-0.007600	-3.874204
556	0.130620	75000	-0.007614	-3.881818
557	0.129884	75000	-0.007641	-3.889459
558	0.129151	75000	-0.007511	-3.896970
559	0.128420	75000	-0.007717	-3.904687
560	0.127691	75000	-0.007413	-3.912101
561	0.126965	75000	-0.007619	-3.919720
562	0.126242	75000	-0.007561	-3.927281
563	0.125521	75000	-0.007589	-3.934870
564	0.124802	75000	-0.007672	-3.942541
565	0.124086	75000	-0.007692	-3.950233
566	0.123373	75000	-0.007686	-3.957920
567	0.122662	75000	-0.007628	-3.965547
568	0.121953	75000	-0.007738	-3.973286
569	0.121247	75000	-0.007707	-3.980993
570	0.120543	75000	-0.007607	-3.988600
571	0.119842	75000	-0.007811	-3.996411
572	0.119143	75000	-0.007700	-4.004111
573	0.118447	75000	-0.007709	-4.011819
574	0.117753	75000	-0.007792	-4.019612
575	0.117062	75000	-0.007716	-4.027328
576	0.116373	75000	-0.007824	-4.035152
577	0.115686	75000	-0.007752	-4.042904
578	0.115002	75000	-0.007904	-4.050808
579	0.114320	75000	-0.007920	-4.058729
580	0.113641	75000	-0.007769	-4.066498
581	0.112964	75000	-0.007967	-4.074465
582	0.112290	75000	-0.007849	-4.082314
583	0.111618	75000	-0.007734	-4.090048
584	0.110948	75000	-0.007984	-4.098032
585	0.110281	75000	-0.008018	-4.106050
586	0.109616	75000	-0.007863	-4.113914
587	0.108954	75000	-0.007911	-4.121825
588	0.108294	75000	-0.007987	-4.129812
589	0.107637	75000	-0.007993	-4.137805
590	0.106981	75000	-0.007964	-4.145770
591	0.106329	75000	-0.007786	-4.153556
592	0.105678	75000	-0.008068	-4.161624
593	0.105030	75000	-0.008109	-4.169733
594	0.104385	75000	-0.007994	-4.177727
595	0.103742	75000	-0.007962	-4.185689
596	0.103101	75000	-0.007962	-4.193651
597	0.102463	75000	-0.007855	-4.201506
598	0.101827	75000	-0.008191	-4.209697
599	0.101193	75000	-0.008075	-4.217771
600	0.100562	75000	-0.008121	-4.225893
601	0.099933	75000	-0.008198	-4.234091
602	0.099306	75000	-0.008208	-4.242300
603	0.098682	75000	-0.008171	-4.250471
604	0.098060	75000	-0.008158	-4.258629
605	0.097441	75000	-0.008141	-4.266770
606	0.096824	75000	-0.008165	-4.274935
607	0.096209	75000	-0.008233	-4.283168
608	0.095596	75000	-0.008333	-4.291501
609	0.094986	75000	-0.008124	-4.299625
610	0.094379	75000	-0.008258	-4.307883
611	0.093773	75000	-0.008295	-4.316177
612	0.093170	75000	-0.008439	-4.324616
613	0.092570	75000	-0.008537	-4.333153
614	0.091971	75000	-0.008383	-4.341536
615	0.091375	75000	-0.008368	-4.349904
616	0.090781	75000	-0.008418	-4.358322
617	0.090190	75000	-0.008423	-4.366745
618	0.089601	75000	-0.008493	-4.375238
619	0.089014	75000	-0.008370	-4.383607
620	0.088430	75000	-0.008592	-4.392200
621	0.087848	75000	-0.008366	-4.400566
622	0.087268	75000	-0.008626	-4.409192
623	0.086690	75000	-0.008413	-4.417605
624	0.086115	75000	-0.008617	-4.426222
625	0.085542	75000	-0.008477	-4.434699
626	0.084971	75000	-0.008555	-4.443253
627	0.084403	75000	-0.008575	-4.451828
628	0.083837	75000	-0.008645	-4.460473
629	0.083273	75000	-0.008604	-4.469078
630	0.082712	75000	-0.008604	-4.477682
631	0.082152	75000	-0.008622	-4.486305
632	0.081595	75000	-0.008678	-4.494982
633	0.081041	75000	-0.008677	-4.503659
634	0.080488	75000	-0.008498	-4.512156
635	0.079938	75000	-0.008958	-4.521115
636	0.079390	75000	-0.008914	-4.530028
637	0.078845	75000	-0.008798	-4.538826
638	0.078301	75000	-0.008983	-4.547809
639	0.077760	75000	-0.008803	-4.556612
640	0.077221	75000	-0.008929	-4.565541
641	0.076684	75000	-0.009016	-4.574556
642	0.076150	75000	-0.008946	-4.583502
643	0.075618	75000	-0.008749	-4.592251
644	0.075088	75000	-0.009073	-4.601324
645	0.074560	75000	-0.009049	-4.610374
646	0.074035	75000	-0.009114	-4.619488
647	0.073512	75000	-0.009004	-4.628491
648	0.072991	75000	-0.009243	-4.637735
649	0.072472	75000	-0.009046	-4.646780
650	0.071955	75000	-0.009206	-4.655987
651	0.071441	75000	-0.009111	-4.665098
652	0.070929	75000	-0.009078	-4.674176
653	0.070419	75000	-0.009121	-4.683297
654	0.069911	75000	-0.009265	-4.692562
655	0.069406	75000	-0.009295	-4.701858
656	0.068903	75000	-0.009183	-4.711041
657	0.068401	75000	-0.009156	-4.720198
658	0.067903	75000	-0.009257	-4.729454
659	0.067406	75000	-0.009298	-4.738752
660	0.066911	75000	-0.009440	-4.748192
661	0.066419	75000	-0.009288	-4.757480
662	0.065929	75000	-0.009322	-4.766802
663	0.065441	75000	-0.009584	-4.776386
664	0.064955	75000	-0.009560	-4.785946
665	0.064471	75000	-0.009704	-4.795650
666	0.063990	75000	-0.009714	-4.805365
667	0.063510	75000	-0.009603	-4.814968
668	0.063033	75000	-0.009673	-4.824641
669	0.062558	75000	-0.009726	-4.834366
670	0.062085	75000	-0.009721	-4.844088
671	0.061615	75000	-0.009812	-4.853899
672	0.061146	75000	-0.009788	-4.863687
673	0.060680	75000	-0.009693	-4.873380
674	0.060216	75000	-0.009817	-4.883197
675	0.059753	75000	-0.009776	-4.892972
676	0.059293	75000	-0.010010	-4.902982
677	0.058836	75000	-0.009684	-4.912666
678	0.058380	75000	-0.010059	-4.922724
679	0.057926	75000	-0.010027	-4.932752
680	0.057475	75000	-0.010093	-4.942845
681	0.057025	75000	-0.009930	-4.952775
682	0.056578	75000	-0.010104	-4.962878
683	0.056133	75000	-0.010127	-4.973006
684	0.055690	75000	-0.010057	-4.983062
685	0.055249	75000	-0.010464	-4.993526
686	0.054810	75000	-0.010336	-5.003862
687	0.054373	75000	-0.010279	-5.014141
688	0.053939	75000	-0.010373	-5.024514
689	0.053506	75000	-0.010630	-5.035144
690	0.053076	75000	-0.010364	-5.045509
691	0.052647	75000	-0.010515	-5.056023
692	0.052221	75000	-0.010710	-5.066733
693	0.051797	75000	-0.010476	-5.077208
694	0.051375	75000	-0.010702	-5.087911
695	0.050955	75000	-0.010758	-5.098669
696	0.050537	75000	-0.010688	-5.109357
697	0.050121	75000	-0.010791	-5.120148
698	0.049707	75000	-0.010912	-5.131060
699	0.049295	75000	-0.010717	-5.141777
700	0.048885	75000	-0.010817	-5.152594
701	0.048478	75000	-0.011023	-5.163617
702	0.048072	75000	-0.011039	-5.174656
703	0.047668	75000	-0.011100	-5.185756
704	0.047267	75000	-0.010861	-5.196616
705	0.046867	75000	-0.011128	-5.207745
706	0.046470	75000	-0.011228	-5.218973
707	0.046074	75000	-0.011377	-5.230349
708	0.045681	75000	-0.010959	-5.241308
709	0.045289	75000	-0.011423	-5.252731
710	0.044900	75000	-0.011073	-5.263804
711	0.044512	75000	-0.011222	-5.275026
712	0.044127	75000	-0.011301	-5.286327
713	0.043744	75000	-0.011367	-5.297695
714	0.043362	75000	-0.011461	-5.309155
715	0.042983	75000	-0.011360	-5.320515
716	0.042606	75000	-0.011550	-5.332065
717	0.042230	75000	-0.011667	-5.343732
718	0.041857	75000	-0.011830	-5.355562
719	0.041485	75000	-0.011992	-5.367554
720	0.041116	75000	-0.011861	-5.379415
721	0.040749	75000	-0.011850	-5.391265
722	0.040383	75000	-0.011947	-5.403212
723	0.040020	75000	-0.012151	-5.415363
724	0.039658	75000	-0.012003	-5.427366
725	0.039299	75000	-0.012430	-5.439796
726	0.038941	75000	-0.012181	-5.451977
727	0.038585	75000	-0.012234	-5.464211
728	0.038232	75000	-0.012424	-5.476635
729	0.037880	75000	-0.012782	-5.489416
730	0.037530	75000	-0.012600	-5.502017
731	0.037182	75000	-0.012605	-5.514622
732	0.036836	75000	-0.013043	-5.527665
733	0.036493	75000	-0.013199	-5.540864
734	0.036151	75000	-0.012941	-5.553805
735	0.035810	75000	-0.013255	-5.567060
736	0.035472	75000	-0.013102	-5.580162
737	0.035136	75000	-0.012767	-5.592929
738	0.034802	75000	-0.013299	-5.606228
739	0.034469	75000	-0.013336	-5.619564
740	0.034139	75000	-0.013548	-5.633112
741	0.033810	75000	-0.013514	-5.646626
742	0.033484	75000	-0.013676	-5.660302
743	0.033159	75000	-0.013916	-5.674218
744	0.032836	75000	-0.013685	-5.687902
745	0.032515	75000	-0.013739	-5.701642
746	0.032196	75000	-0.013852	-5.715493
747	0.031879	75000	-0.013962	-5.729455
748	0.031563	75000	-0.014229	-5.743684
749	0.031250	75000	-0.014019	-5.757703
750	0.030938	75000	-0.014237	-5.771940
751	0.030629	75000	-0.014697	-5.786637
752	0.030321	75000	-0.014469	-5.801106
753	0.030015	75000	-0.014724	-5.815830
754	0.029711	75000	-0.014671	-5.830501
755	0.029409	75000	-0.014524	-5.845025
756	0.029108	75000	-0.014940	-5.859966
757	0.028810	75000	-0.015173	-5.875139
758	0.028513	75000	-0.015332	-5.890471
759	0.028218	75000	-0.015091	-5.905562
760	0.027925	75000	-0.015168	-5.920730
761	0.027634	75000	-0.015380	-5.936110
762	0.027345	75000	-0.015295	-5.951405
763	0.027057	75000	-0.015800	-5.967205
764	0.026771	75000	-0.015517	-5.982722
765	0.026487	75000	-0.016020	-5.998742
766	0.026205	75000	-0.015666	-6.014408
767	0.025925	75000	-0.016136	-6.030544
768	0.025647	75000	-0.016438	-6.046982
769	0.025370	75000	-0.016401	-6.063383
770	0.025095	75000	-0.016872	-6.080255
771	0.024822	75000	-0.017290	-6.097545
772	0.024551	75000	-0.016667	-6.114211
773	0.024281	75000	-0.016807	-6.131019
774	0.024014	75000	-0.017480	-6.148498
775	0.023748	75000	-0.017795	-6.166293
776	0.023483	75000	-0.017386	-6.183679
777	0.023221	75000	-0.018028	-6.201707
778	0.022960	75000	-0.018141	-6.219848
779	0.022702	75000	-0.018432	-6.238280
780	0.022445	75000	-0.018342	-6.256622
781	0.022189	75000	-0.018663	-6.275285
782	0.021936	75000	-0.018940	-6.294225
783	0.021684	75000	-0.019343	-6.313568
784	0.021434	75000	-0.019153	-6.332721
785	0.021185	75000	-0.019709	-6.352430
786	0.020939	75000	-0.019769	-6.372199
787	0.020694	75000	-0.019859	-6.392058
788	0.020451	75000	-0.019582	-6.411640
789	0.020209	75000	-0.020663	-6.432303
790	0.019969	75000	-0.020369	-6.452673
791	0.019731	75000	-0.021930	-6.474603
792	0.019495	75000	-0.021281	-6.495884
793	0.019261	75000	-0.021200	-6.517084
794	0.019028	75000	-0.021354	-6.538438
795	0.018796	75000	-0.021491	-6.559929
796	0.018567	75000	-0.022440	-6.582369
797	0.018339	75000	-0.022640	-6.605008
798	0.018113	75000	-0.022730	-6.627738
799	0.017889	75000	-0.023114	-6.650852
800	0.017666	75000	-0.023377	-6.674229
801	0.017445	75000	-0.023996	-6.698225
802	0.017225	75000	-0.023865	-6.722090
803	0.017007	75000	-0.024431	-6.746521
804	0.016791	75000	-0.026206	-6.772727
805	0.016577	75000	-0.025490	-6.798217
806	0.016364	75000	-0.025676	-6.823893
807	0.016153	75000	-0.028786	-6.852678
808	0.015943	75000	-0.028069	-6.880747
809	0.015736	75000	-0.027911	-6.908658
810	0.015529	75000	-0.027921	-6.936580
811	0.015325	75000	-0.028895	-6.965474
812	0.015122	75000	-0.030397	-6.995871
813	0.014920	75000	-0.030214	-7.026085
814	0.014721	75000	-0.029773	-7.055858
815	0.014523	75000	-0.031885	-7.087743
816	0.014326	75000	-0.030867	-7.118610
817	0.014131	75000	-0.032055	-7.150665
818	0.013938	75000	-0.033465	-7.184130
819	0.013746	75000	-0.035714	-7.219843
820	0.013556	75000	-0.037009	-7.256853
821	0.013367	75000	-0.039414	-7.296267
822	0.013181	75000	-0.036328	-7.332595
823	0.012995	75000	-0.036569	-7.369164
824	0.012811	75000	-0.038971	-7.408135
825	0.012629	75000	-0.038481	-7.446615
826	0.012448	75000	-0.042063	-7.488678
827	0.012269	75000	-0.043604	-7.532282
828	0.012092	75000	-0.042503	-7.574786
829	0.011916	75000	-0.045135	-7.619921
830	0.011741	75000	-0.043148	-7.663069
831	0.011568	75000	-0.047612	-7.710681
832	0.011397	75000	-0.049988	-7.760670
833	0.011227	75000	-0.048714	-7.809384
834	0.011059	75000	-0.050007	-7.859391
835	0.010892	75000	-0.054753	-7.914144
836	0.010727	75000	-0.051036	-7.965180
837	0.010563	75000	-0.056838	-8.022018
838	0.010401	75000	-0.057504	-8.079523
839	0.010240	75000	-0.056184	-8.135706
840	0.010081	75000	-0.061443	-8.197149
841	0.009923	75000	-0.062094	-8.259244
842	0.009767	75000	-0.062561	-8.321805
843	0.009612	75000	-0.065079	-8.386884
844	0.009459	75000	-0.062064	-8.448948
845	0.009307	75000	-0.070181	-8.519129
846	0.009156	75000	-0.071001	-8.590130
847	0.009008	75000	-0.070196	-8.660326
848	0.008860	75000	-0.072480	-8.732806
849	0.008714	75000	-0.072478	-8.805285
850	0.008570	75000	-0.074773	-8.880057
851	0.008427	75000	-0.077311	-8.957368
852	0.008285	75000	-0.080342	-9.037711
853	0.008145	75000	-0.077622	-9.115333
854	0.008006	75000	-0.082371	-9.197704
855	0.007869	75000	-0.080721	-9.278424
856	0.007733	75000	-0.086999	-9.365423
857	0.007598	75000	-0.084964	-9.450388
858	0.007465	75000	-0.087226	-9.537614
859	0.007334	75000	-0.088615	-9.626229
860	0.007203	75000	-0.091997	-9.718226
861	0.007075	75000	-0.085307	-9.803533
862	0.006947	75000	-0.088622	-9.892155
863	0.006821	75000	-0.091234	-9.983389
864	0.006696	75000	-0.087754	-10.071143
865	0.006573	75000	-0.090252	-10.161395
866	0.006451	75000	-0.095271	-10.256666
867	0.006330	75000	-0.092470	-10.349136
868	0.006211	75000	-0.093183	-10.442319
869	0.006093	75000	-0.092905	-10.535224
870	0.005977	75000	-0.096109	-10.631333
871	0.005862	75000	-0.095368	-10.726701
872	0.005748	75000	-0.095578	-10.822279
873	0.005635	75000	-0.096434	-10.918713
874	0.005524	75000	-0.094400	-11.013112
875	0.005414	75000	-0.093834	-11.106946
876	0.005306	75000	-0.093498	-11.200444
877	0.005199	75000	-0.093721	-11.294165
878	0.005093	75000	-0.092440	-11.386605
879	0.004988	75000	-0.092997	-11.479602
880	0.004885	75000	-0.090617	-11.570220
881	0.004783	75000	-0.091525	-11.661745
882	0.004682	75000	-0.090343	-11.752088
883	0.004583	75000	-0.090305	-11.842393
884	0.004485	75000	-0.090727	-11.933120
885	0.004388	75000	-0.089865	-12.022985
886	0.004292	75000	-0.088535	-12.111520
887	0.004198	75000	-0.087490	-12.199009
888	0.004105	75000	-0.087654	-12.286663
889	0.004013	75000	-0.086577	-12.373241
890	0.003923	75000	-0.085533	-12.458774
891	0.003833	75000	-0.084972	-12.543746
892	0.003745	75000	-0.084388	-12.628134
893	0.003658	75000	-0.083471	-12.711605
894	0.003573	75000	-0.082898	-12.794503
895	0.003488	75000	-0.082396	-12.876899
896	0.003405	75000	-0.081704	-12.958603
897	0.003323	75000	-0.080518	-13.039121
898	0.003242	75000	-0.079211	-13.118332
899	0.003162	75000	-0.078472	-13.196804
900	0.003084	75000	-0.078432	-13.275237
901	0.003007	75000	-0.076672	-13.351909
902	0.002930	75000	-0.075984	-13.427893
903	0.002855	75000	-0.075018	-13.502911
904	0.002782	75000	-0.073940	-13.576851
905	0.002709	75000	-0.072924	-13.649774
906	0.002638	75000	-0.072346	-13.722121
907	0.002567	75000	-0.071265	-13.793386
908	0.002498	75000	-0.069870	-13.863257
909	0.002430	75000	-0.069601	-13.932857
910	0.002363	75000	-0.068876	-14.001734
911	0.002297	75000	-0.067373	-14.069107
912	0.002233	75000	-0.066247	-14.135354
913	0.002169	75000	-0.065217	-14.200571
914	0.002106	75000	-0.064270	-14.264841
915	0.002045	75000	-0.063021	-14.327862
916	0.001985	75000	-0.062278	-14.390140
917	0.001925	75000	-0.061350	-14.451490
918	0.001867	75000	-0.060052	-14.511542
919	0.001810	75000	-0.059085	-14.570626
920	0.001754	75000	-0.058278	-14.628905
921	0.001699	75000	-0.057067	-14.685972
922	0.001645	75000	-0.056086	-14.742058
923	0.001592	75000	-0.055319	-14.797377
924	0.001540	75000	-0.054306	-14.851683
925	0.001490	75000	-0.053255	-14.904938
926	0.001440	75000	-0.052226	-14.957165
927	0.001391	75000	-0.051268	-15.008433
928	0.001343	75000	-0.050309	-15.058741
929	0.001296	75000	-0.049098	-15.107840
930	0.001251	75000	-0.048156	-15.155996
931	0.001206	75000	-0.047339	-15.203335
932	0.001162	75000	-0.046197	-15.249531
933	0.001119	75000	-0.045273	-15.294804
934	0.001077	75000	-0.044359	-15.339163
935	0.001036	75000	-0.043374	-15.382537
936	0.000996	75000	-0.042425	-15.424962
937	0.000957	75000	-0.041489	-15.466452
938	0.000919	75000	-0.040431	-15.506882
939	0.000882	75000	-0.039579	-15.546461
940	0.000846	75000	-0.038777	-15.585238
941	0.000810	75000	-0.037709	-15.622946
942	0.000776	75000	-0.036728	-15.659675
943	0.000742	75000	-0.035866	-15.695540
944	0.000709	75000	-0.034990	-15.730531
945	0.000678	75000	-0.033962	-15.764492
946	0.000647	75000	-0.033027	-15.797519
947	0.000617	75000	-0.032301	-15.829820
948	0.000587	75000	-0.031166	-15.860986
949	0.000559	75000	-0.030299	-15.891286
950	0.000531	75000	-0.029499	-15.920785
951	0.000505	75000	-0.028627	-15.949411
952	0.000479	75000	-0.027869	-15.977281
953	0.000454	75000	-0.026899	-16.004180
954	0.000430	75000	-0.026090	-16.030271
955	0.000406	75000	-0.025238	-16.055508
956	0.000383	75000	-0.024393	-16.079901
957	0.000362	75000	-0.023611	-16.103512
958	0.000340	75000	-0.022702	-16.126214
959	0.000320	75000	-0.021916	-16.148130
960	0.000300	75000	-0.021111	-16.169241
961	0.000281	75000	-0.020420	-16.189661
962	0.000263	75000	-0.019573	-16.209234
963	0.000246	75000	-0.018787	-16.228021
964	0.000229	75000	-0.018047	-16.246068
965	0.000213	75000	-0.017366	-16.263434
966	0.000198	75000	-0.016548	-16.279982
967	0.000183	75000	-0.015776	-16.295758
968	0.000169	75000	-0.015073	-16.310830
969	0.000156	75000	-0.014439	-16.325269
970	0.000143	75000	-0.013701	-16.338970
971	0.000131	75000	-0.012969	-16.351940
972	0.000120	75000	-0.012287	-16.364227
973	0.000109	75000	-0.011663	-16.375889
974	0.000099	75000	-0.011035	-16.386925
975	0.000089	75000	-0.010361	-16.397285
976	0.000080	75000	-0.009744	-16.407029
977	0.000072	75000	-0.009160	-16.416189
978	0.000064	75000	-0.008531	-16.424720
979	0.000057	75000	-0.007957	-16.432677
980	0.000050	75000	-0.007368	-16.440045
981	0.000043	75000	-0.006810	-16.446854
982	0.000038	75000	-0.006259	-16.453113
983	0.000032	75000	-0.005748	-16.458862
984	0.000028	75000	-0.005210	-16.464072
985	0.000023	75000	-0.004732	-16.468804
986	0.000019	75000	-0.004246	-16.473051
987	0.000016	75000	-0.003792	-16.476843
988	0.000013	75000	-0.003330	-16.480173
989	0.000010	75000	-0.002914	-16.483087
990	0.000008	75000	-0.002507	-16.485595
991	0.000006	75000	-0.002123	-16.487718
992	0.000004	75000	-0.001763	-16.489481
993	0.000003	75000	-0.001420	-16.490901
994	0.000002	75000	-0.001108	-16.492008
995	0.000001	75000	-0.000820	-16.492829
996	0.000000	75000	-0.000562	-16.493391
997	0.000000	75000	-0.000340	-16.493731
998	0.000000	75000	-0.000159	-16.493890
999	0.000000	75000	-0.000034	-16.493924
Log marginal likelihood:	-16.493924
