Steppingstone sampler:
        No Stones:                  1000
        Start It:                   10000001
        It Per Stone:               100000
        Sample Freq:                1
        Dist:                       Beta(0.400000,1.000000)
Stone No	Power	N	Stone MLh	Running MLh
0	0.997502	75000	-0.073629	-0.073629
1	0.995007	75000	-0.073521	-0.147150
2	0.992517	75000	-0.073471	-0.220622
3	0.990030	75000	-0.073316	-0.293938
4	0.987547	75000	-0.073210	-0.367148
5	0.985067	75000	-0.073095	-0.440243
6	0.982592	75000	-0.073021	-0.513264
7	0.980120	75000	-0.072879	-0.586143
8	0.977652	75000	-0.072830	-0.658973
9	0.975187	75000	-0.072722	-0.731696
10	0.972726	75000	-0.072608	-0.804304
11	0.970269	75000	-0.072522	-0.876826
12	0.967816	75000	-0.072413	-0.949239
13	0.965367	75000	-0.072274	-1.021513
14	0.962921	75000	-0.072153	-1.093666
15	0.960479	75000	-0.072070	-1.165736
16	0.958040	75000	-0.071896	-1.237631
17	0.955606	75000	-0.071892	-1.309523
18	0.953175	75000	-0.071746	-1.381270
19	0.950747	75000	-0.071607	-1.452876
20	0.948324	75000	-0.071572	-1.524448
21	0.945904	75000	-0.071478	-1.595925
22	0.943488	75000	-0.071384	-1.667309
23	0.941076	75000	-0.071304	-1.738613
24	0.938667	75000	-0.071178	-1.809792
25	0.936262	75000	-0.071079	-1.880871
26	0.933861	75000	-0.070911	-1.951782
27	0.931463	75000	-0.070852	-2.022634
28	0.929069	75000	-0.070711	-2.093345
29	0.926679	75000	-0.070608	-2.163953
30	0.924293	75000	-0.070564	-2.234517
31	0.921910	75000	-0.070379	-2.304895
32	0.919531	75000	-0.070358	-2.375253
33	0.917155	75000	-0.070208	-2.445461
34	0.914783	75000	-0.070142	-2.515604
35	0.912415	75000	-0.069995	-2.585599
36	0.910051	75000	-0.069922	-2.655521
37	0.907690	75000	-0.069824	-2.725345
38	0.905333	75000	-0.069691	-2.795036
39	0.902980	75000	-0.069574	-2.864610
40	0.900630	75000	-0.069517	-2.934127
41	0.898284	75000	-0.069389	-3.003516
42	0.895942	75000	-0.069291	-3.072806
43	0.893603	75000	-0.069194	-3.142001
44	0.891268	75000	-0.069042	-3.211043
45	0.888937	75000	-0.069009	-3.280052
46	0.886609	75000	-0.068920	-3.348972
47	0.884285	75000	-0.068795	-3.417767
48	0.881965	75000	-0.068632	-3.486399
49	0.879648	75000	-0.068611	-3.555010
50	0.877335	75000	-0.068524	-3.623535
51	0.875026	75000	-0.068428	-3.691963
52	0.872720	75000	-0.068273	-3.760236
53	0.870418	75000	-0.068191	-3.828427
54	0.868120	75000	-0.068069	-3.896495
55	0.865825	75000	-0.067964	-3.964459
56	0.863534	75000	-0.067930	-4.032390
57	0.861246	75000	-0.067735	-4.100125
58	0.858962	75000	-0.067716	-4.167841
59	0.856682	75000	-0.067579	-4.235420
60	0.854405	75000	-0.067504	-4.302925
61	0.852132	75000	-0.067352	-4.370277
62	0.849863	75000	-0.067345	-4.437621
63	0.847597	75000	-0.067204	-4.504826
64	0.845335	75000	-0.067052	-4.571878
65	0.843077	75000	-0.066972	-4.638850
66	0.840822	75000	-0.066888	-4.705738
67	0.838571	75000	-0.066769	-4.772507
68	0.836323	75000	-0.066737	-4.839244
69	0.834079	75000	-0.066566	-4.905810
70	0.831839	75000	-0.066462	-4.972272
71	0.829602	75000	-0.066424	-5.038696
72	0.827369	75000	-0.066226	-5.104922
73	0.825140	75000	-0.066237	-5.171159
74	0.822914	75000	-0.066115	-5.237274
75	0.820691	75000	-0.066018	-5.303292
76	0.818473	75000	-0.065852	-5.369144
77	0.816258	75000	-0.065773	-5.434918
78	0.814046	75000	-0.065666	-5.500584
79	0.811838	75000	-0.065528	-5.566112
80	0.809634	75000	-0.065487	-5.631599
81	0.807433	75000	-0.065423	-5.697022
82	0.805236	75000	-0.065291	-5.762313
83	0.803043	75000	-0.065109	-5.827422
84	0.800853	75000	-0.065043	-5.892466
85	0.798667	75000	-0.064981	-5.957446
86	0.796484	75000	-0.064869	-6.022315
87	0.794305	75000	-0.064789	-6.087103
88	0.792129	75000	-0.064656	-6.151759
89	0.789957	75000	-0.064597	-6.216356
90	0.787789	75000	-0.064458	-6.280813
91	0.785624	75000	-0.064375	-6.345188
92	0.783463	75000	-0.064303	-6.409491
93	0.781305	75000	-0.064207	-6.473698
94	0.779151	75000	-0.064159	-6.537857
95	0.777000	75000	-0.063996	-6.601852
96	0.774853	75000	-0.063896	-6.665748
97	0.772710	75000	-0.063819	-6.729567
98	0.770570	75000	-0.063663	-6.793230
99	0.768433	75000	-0.063605	-6.856835
100	0.766301	75000	-0.063515	-6.920351
101	0.764172	75000	-0.063477	-6.983827
102	0.762046	75000	-0.063380	-7.047207
103	0.759924	75000	-0.063175	-7.110383
104	0.757805	75000	-0.063203	-7.173586
105	0.755690	75000	-0.063039	-7.236625
106	0.753579	75000	-0.062972	-7.299597
107	0.751471	75000	-0.062892	-7.362489
108	0.749366	75000	-0.062753	-7.425242
109	0.747266	75000	-0.062594	-7.487836
110	0.745168	75000	-0.062528	-7.550364
111	0.743075	75000	-0.062430	-7.612794
112	0.740984	75000	-0.062383	-7.675177
113	0.738898	75000	-0.062216	-7.737393
114	0.736815	75000	-0.062159	-7.799553
115	0.734735	75000	-0.062042	-7.861595
116	0.732659	75000	-0.061925	-7.923519
117	0.730586	75000	-0.061925	-7.985444
118	0.728517	75000	-0.061754	-8.047198
119	0.726452	75000	-0.061709	-8.108907
120	0.724390	75000	-0.061499	-8.170406
121	0.722331	75000	-0.061466	-8.231872
122	0.720276	75000	-0.061311	-8.293184
123	0.718225	75000	-0.061289	-8.354472
124	0.716177	75000	-0.061218	-8.415691
125	0.714132	75000	-0.061022	-8.476713
126	0.712091	75000	-0.060908	-8.537620
127	0.710054	75000	-0.060809	-8.598429
128	0.708020	75000	-0.060873	-8.659303
129	0.705989	75000	-0.060673	-8.719976
130	0.703962	75000	-0.060599	-8.780575
131	0.701939	75000	-0.060529	-8.841104
132	0.699919	75000	-0.060426	-8.901531
133	0.697902	75000	-0.060307	-8.961838
134	0.695889	75000	-0.060244	-9.022082
135	0.693880	75000	-0.060096	-9.082178
136	0.691874	75000	-0.060039	-9.142216
137	0.689871	75000	-0.059913	-9.202130
138	0.687872	75000	-0.059884	-9.262013
139	0.685877	75000	-0.059740	-9.321753
140	0.683885	75000	-0.059671	-9.381424
141	0.681896	75000	-0.059529	-9.440953
142	0.679911	75000	-0.059442	-9.500395
143	0.677929	75000	-0.059341	-9.559736
144	0.675951	75000	-0.059276	-9.619012
145	0.673976	75000	-0.059124	-9.678136
146	0.672005	75000	-0.059082	-9.737217
147	0.670037	75000	-0.058948	-9.796165
148	0.668073	75000	-0.058937	-9.855102
149	0.666112	75000	-0.058824	-9.913925
150	0.664155	75000	-0.058725	-9.972651
151	0.662201	75000	-0.058591	-10.031242
152	0.660250	75000	-0.058460	-10.089702
153	0.658303	75000	-0.058369	-10.148071
154	0.656359	75000	-0.058303	-10.206374
155	0.654419	75000	-0.058185	-10.264559
156	0.652483	75000	-0.058149	-10.322708
157	0.650549	75000	-0.058011	-10.380719
158	0.648619	75000	-0.057984	-10.438704
159	0.646693	75000	-0.057848	-10.496552
160	0.644770	75000	-0.057720	-10.554272
161	0.642851	75000	-0.057734	-10.612006
162	0.640934	75000	-0.057534	-10.669540
163	0.639022	75000	-0.057482	-10.727022
164	0.637113	75000	-0.057433	-10.784455
165	0.635207	75000	-0.057237	-10.841692
166	0.633304	75000	-0.057163	-10.898855
167	0.631405	75000	-0.057095	-10.955950
168	0.629510	75000	-0.056994	-11.012945
169	0.627618	75000	-0.056951	-11.069896
170	0.625729	75000	-0.056739	-11.126635
171	0.623844	75000	-0.056687	-11.183322
172	0.621962	75000	-0.056581	-11.239903
173	0.620083	75000	-0.056502	-11.296405
174	0.618208	75000	-0.056458	-11.352863
175	0.616337	75000	-0.056372	-11.409235
176	0.614468	75000	-0.056247	-11.465482
177	0.612604	75000	-0.056153	-11.521636
178	0.610742	75000	-0.056053	-11.577689
179	0.608884	75000	-0.055892	-11.633581
180	0.607029	75000	-0.055896	-11.689477
181	0.605178	75000	-0.055869	-11.745346
182	0.603330	75000	-0.055666	-11.801011
183	0.601486	75000	-0.055624	-11.856635
184	0.599645	75000	-0.055548	-11.912183
185	0.597807	75000	-0.055482	-11.967665
186	0.595973	75000	-0.055317	-12.022982
187	0.594142	75000	-0.055281	-12.078263
188	0.592314	75000	-0.055150	-12.133413
189	0.590490	75000	-0.055062	-12.188475
190	0.588669	75000	-0.054939	-12.243414
191	0.586852	75000	-0.054881	-12.298294
192	0.585038	75000	-0.054735	-12.353029
193	0.583227	75000	-0.054705	-12.407734
194	0.581420	75000	-0.054616	-12.462350
195	0.579616	75000	-0.054522	-12.516872
196	0.577815	75000	-0.054417	-12.571289
197	0.576018	75000	-0.054292	-12.625580
198	0.574224	75000	-0.054180	-12.679761
199	0.572433	75000	-0.054142	-12.733903
200	0.570646	75000	-0.054040	-12.787943
201	0.568862	75000	-0.054012	-12.841955
202	0.567082	75000	-0.053817	-12.895772
203	0.565305	75000	-0.053768	-12.949540
204	0.563531	75000	-0.053739	-13.003279
205	0.561761	75000	-0.053562	-13.056840
206	0.559993	75000	-0.053433	-13.110273
207	0.558230	75000	-0.053367	-13.163640
208	0.556469	75000	-0.053375	-13.217015
209	0.554712	75000	-0.053240	-13.270255
210	0.552958	75000	-0.053149	-13.323404
211	0.551208	75000	-0.053094	-13.376498
212	0.549461	75000	-0.052947	-13.429444
213	0.547717	75000	-0.052856	-13.482300
214	0.545977	75000	-0.052700	-13.534999
215	0.544240	75000	-0.052682	-13.587681
216	0.542506	75000	-0.052534	-13.640215
217	0.540775	75000	-0.052477	-13.692692
218	0.539048	75000	-0.052484	-13.745175
219	0.537324	75000	-0.052271	-13.797446
220	0.535604	75000	-0.052236	-13.849682
221	0.533887	75000	-0.052154	-13.901836
222	0.532173	75000	-0.052015	-13.953851
223	0.530462	75000	-0.051972	-14.005824
224	0.528755	75000	-0.051877	-14.057701
225	0.527051	75000	-0.051843	-14.109544
226	0.525350	75000	-0.051696	-14.161240
227	0.523653	75000	-0.051559	-14.212799
228	0.521958	75000	-0.051523	-14.264323
229	0.520268	75000	-0.051417	-14.315739
230	0.518580	75000	-0.051297	-14.367037
231	0.516896	75000	-0.051174	-14.418211
232	0.515215	75000	-0.051176	-14.469387
233	0.513537	75000	-0.050997	-14.520384
234	0.511863	75000	-0.050905	-14.571289
235	0.510192	75000	-0.050881	-14.622170
236	0.508524	75000	-0.050753	-14.672923
237	0.506859	75000	-0.050716	-14.723639
238	0.505198	75000	-0.050706	-14.774345
239	0.503540	75000	-0.050551	-14.824896
240	0.501885	75000	-0.050476	-14.875373
241	0.500234	75000	-0.050339	-14.925712
242	0.498586	75000	-0.050298	-14.976010
243	0.496941	75000	-0.050196	-15.026206
244	0.495299	75000	-0.050036	-15.076242
245	0.493660	75000	-0.049960	-15.126203
246	0.492025	75000	-0.049903	-15.176106
247	0.490393	75000	-0.049815	-15.225920
248	0.488765	75000	-0.049596	-15.275517
249	0.487139	75000	-0.049628	-15.325145
250	0.485517	75000	-0.049472	-15.374617
251	0.483898	75000	-0.049424	-15.424041
252	0.482283	75000	-0.049376	-15.473417
253	0.480670	75000	-0.049276	-15.522693
254	0.479061	75000	-0.049161	-15.571854
255	0.477455	75000	-0.049080	-15.620934
256	0.475852	75000	-0.049109	-15.670043
257	0.474253	75000	-0.048910	-15.718953
258	0.472656	75000	-0.048848	-15.767801
259	0.471063	75000	-0.048747	-15.816548
260	0.469474	75000	-0.048667	-15.865216
261	0.467887	75000	-0.048616	-15.913832
262	0.466304	75000	-0.048512	-15.962344
263	0.464723	75000	-0.048441	-16.010784
264	0.463146	75000	-0.048322	-16.059107
265	0.461573	75000	-0.048285	-16.107392
266	0.460002	75000	-0.048115	-16.155507
267	0.458435	75000	-0.048062	-16.203569
268	0.456871	75000	-0.048002	-16.251571
269	0.455310	75000	-0.047901	-16.299472
270	0.453752	75000	-0.047876	-16.347348
271	0.452198	75000	-0.047732	-16.395080
272	0.450647	75000	-0.047588	-16.442667
273	0.449098	75000	-0.047499	-16.490167
274	0.447554	75000	-0.047527	-16.537693
275	0.446012	75000	-0.047378	-16.585072
276	0.444473	75000	-0.047354	-16.632426
277	0.442938	75000	-0.047325	-16.679751
278	0.441406	75000	-0.047147	-16.726898
279	0.439877	75000	-0.047036	-16.773934
280	0.438351	75000	-0.046978	-16.820912
281	0.436829	75000	-0.046992	-16.867904
282	0.435309	75000	-0.046786	-16.914690
283	0.433793	75000	-0.046802	-16.961492
284	0.432280	75000	-0.046547	-17.008039
285	0.430770	75000	-0.046479	-17.054519
286	0.429263	75000	-0.046459	-17.100977
287	0.427760	75000	-0.046318	-17.147295
288	0.426259	75000	-0.046276	-17.193571
289	0.424762	75000	-0.046142	-17.239713
290	0.423268	75000	-0.046104	-17.285817
291	0.421777	75000	-0.045963	-17.331780
292	0.420289	75000	-0.046000	-17.377780
293	0.418805	75000	-0.045850	-17.423630
294	0.417323	75000	-0.045730	-17.469360
295	0.415845	75000	-0.045699	-17.515059
296	0.414370	75000	-0.045641	-17.560700
297	0.412898	75000	-0.045513	-17.606213
298	0.411429	75000	-0.045503	-17.651717
299	0.409963	75000	-0.045384	-17.697101
300	0.408501	75000	-0.045197	-17.742298
301	0.407041	75000	-0.045248	-17.787545
302	0.405585	75000	-0.045087	-17.832632
303	0.404132	75000	-0.044987	-17.877620
304	0.402682	75000	-0.044883	-17.922502
305	0.401235	75000	-0.044898	-17.967401
306	0.399791	75000	-0.044761	-18.012161
307	0.398350	75000	-0.044756	-18.056917
308	0.396913	75000	-0.044574	-18.101491
309	0.395478	75000	-0.044597	-18.146088
310	0.394047	75000	-0.044396	-18.190484
311	0.392619	75000	-0.044422	-18.234906
312	0.391194	75000	-0.044286	-18.279191
313	0.389772	75000	-0.044210	-18.323401
314	0.388353	75000	-0.044113	-18.367514
315	0.386937	75000	-0.044018	-18.411532
316	0.385524	75000	-0.043869	-18.455401
317	0.384115	75000	-0.043829	-18.499230
318	0.382708	75000	-0.043834	-18.543064
319	0.381305	75000	-0.043690	-18.586755
320	0.379904	75000	-0.043618	-18.630372
321	0.378507	75000	-0.043516	-18.673888
322	0.377113	75000	-0.043476	-18.717365
323	0.375722	75000	-0.043282	-18.760647
324	0.374334	75000	-0.043294	-18.803941
325	0.372949	75000	-0.043195	-18.847136
326	0.371567	75000	-0.043183	-18.890319
327	0.370189	75000	-0.043009	-18.933328
328	0.368813	75000	-0.042916	-18.976244
329	0.367440	75000	-0.042812	-19.019056
330	0.366071	75000	-0.042782	-19.061838
331	0.364705	75000	-0.042725	-19.104563
332	0.363341	75000	-0.042659	-19.147222
333	0.361981	75000	-0.042495	-19.189717
334	0.360624	75000	-0.042352	-19.232070
335	0.359269	75000	-0.042313	-19.274382
336	0.357918	75000	-0.042302	-19.316684
337	0.356570	75000	-0.042185	-19.358868
338	0.355225	75000	-0.042112	-19.400980
339	0.353883	75000	-0.042164	-19.443144
340	0.352544	75000	-0.042065	-19.485209
341	0.351208	75000	-0.041970	-19.527179
342	0.349875	75000	-0.041768	-19.568947
343	0.348546	75000	-0.041712	-19.610659
344	0.347219	75000	-0.041680	-19.652339
345	0.345895	75000	-0.041618	-19.693957
346	0.344574	75000	-0.041452	-19.735408
347	0.343257	75000	-0.041477	-19.776886
348	0.341942	75000	-0.041376	-19.818261
349	0.340630	75000	-0.041287	-19.859548
350	0.339322	75000	-0.041213	-19.900761
351	0.338016	75000	-0.041180	-19.941941
352	0.336714	75000	-0.041042	-19.982983
353	0.335414	75000	-0.041053	-20.024036
354	0.334118	75000	-0.040946	-20.064982
355	0.332824	75000	-0.040774	-20.105757
356	0.331534	75000	-0.040721	-20.146477
357	0.330246	75000	-0.040689	-20.187167
358	0.328962	75000	-0.040553	-20.227719
359	0.327680	75000	-0.040457	-20.268176
360	0.326401	75000	-0.040283	-20.308460
361	0.325126	75000	-0.040378	-20.348837
362	0.323853	75000	-0.040255	-20.389092
363	0.322584	75000	-0.040091	-20.429183
364	0.321317	75000	-0.040144	-20.469327
365	0.320054	75000	-0.040030	-20.509356
366	0.318793	75000	-0.039968	-20.549324
367	0.317536	75000	-0.039877	-20.589201
368	0.316281	75000	-0.039748	-20.628949
369	0.315030	75000	-0.039688	-20.668637
370	0.313781	75000	-0.039635	-20.708272
371	0.312535	75000	-0.039556	-20.747828
372	0.311293	75000	-0.039466	-20.787293
373	0.310053	75000	-0.039423	-20.826716
374	0.308816	75000	-0.039267	-20.865983
375	0.307582	75000	-0.039225	-20.905209
376	0.306352	75000	-0.039199	-20.944408
377	0.305124	75000	-0.039147	-20.983555
378	0.303899	75000	-0.038992	-21.022547
379	0.302677	75000	-0.038927	-21.061474
380	0.301458	75000	-0.038807	-21.100281
381	0.300242	75000	-0.038721	-21.139001
382	0.299029	75000	-0.038608	-21.177609
383	0.297819	75000	-0.038682	-21.216291
384	0.296611	75000	-0.038604	-21.254895
385	0.295407	75000	-0.038445	-21.293340
386	0.294206	75000	-0.038399	-21.331739
387	0.293007	75000	-0.038292	-21.370031
388	0.291812	75000	-0.038308	-21.408339
389	0.290619	75000	-0.038218	-21.446557
390	0.289430	75000	-0.038057	-21.484615
391	0.288243	75000	-0.037928	-21.522543
392	0.287059	75000	-0.037976	-21.560519
393	0.285879	75000	-0.037861	-21.598380
394	0.284701	75000	-0.037701	-21.636081
395	0.283526	75000	-0.037698	-21.673779
396	0.282354	75000	-0.037691	-21.711470
397	0.281184	75000	-0.037555	-21.749025
398	0.280018	75000	-0.037445	-21.786470
399	0.278855	75000	-0.037392	-21.823862
400	0.277694	75000	-0.037314	-21.861177
401	0.276537	75000	-0.037256	-21.898432
402	0.275382	75000	-0.037147	-21.935580
403	0.274230	75000	-0.037155	-21.972735
404	0.273082	75000	-0.036931	-22.009665
405	0.271936	75000	-0.036882	-22.046547
406	0.270793	75000	-0.036841	-22.083388
407	0.269652	75000	-0.036755	-22.120143
408	0.268515	75000	-0.036810	-22.156953
409	0.267381	75000	-0.036663	-22.193616
410	0.266249	75000	-0.036634	-22.230251
411	0.265121	75000	-0.036453	-22.266704
412	0.263995	75000	-0.036346	-22.303050
413	0.262872	75000	-0.036527	-22.339577
414	0.261752	75000	-0.036336	-22.375913
415	0.260635	75000	-0.036139	-22.412052
416	0.259520	75000	-0.036170	-22.448222
417	0.258409	75000	-0.036053	-22.484275
418	0.257300	75000	-0.036261	-22.520535
419	0.256195	75000	-0.035783	-22.556318
420	0.255092	75000	-0.035851	-22.592169
421	0.253992	75000	-0.035801	-22.627970
422	0.252895	75000	-0.035631	-22.663601
423	0.251800	75000	-0.035621	-22.699221
424	0.250709	75000	-0.035476	-22.734697
425	0.249620	75000	-0.035567	-22.770264
426	0.248534	75000	-0.035369	-22.805632
427	0.247451	75000	-0.035350	-22.840983
428	0.246371	75000	-0.035201	-22.876184
429	0.245294	75000	-0.035205	-22.911388
430	0.244220	75000	-0.035074	-22.946462
431	0.243148	75000	-0.035068	-22.981530
432	0.242079	75000	-0.034824	-23.016354
433	0.241013	75000	-0.034893	-23.051247
434	0.239950	75000	-0.034752	-23.085999
435	0.238890	75000	-0.034868	-23.120867
436	0.237832	75000	-0.034792	-23.155659
437	0.236778	75000	-0.034738	-23.190397
438	0.235726	75000	-0.034551	-23.224948
439	0.234677	75000	-0.034465	-23.259413
440	0.233630	75000	-0.034456	-23.293869
441	0.232587	75000	-0.034367	-23.328236
442	0.231546	75000	-0.034262	-23.362498
443	0.230509	75000	-0.034224	-23.396722
444	0.229473	75000	-0.034142	-23.430864
445	0.228441	75000	-0.034047	-23.464911
446	0.227412	75000	-0.033963	-23.498874
447	0.226385	75000	-0.033905	-23.532779
448	0.225361	75000	-0.033869	-23.566648
449	0.224340	75000	-0.033728	-23.600376
450	0.223322	75000	-0.033799	-23.634176
451	0.222306	75000	-0.033653	-23.667829
452	0.221293	75000	-0.033589	-23.701417
453	0.220283	75000	-0.033566	-23.734984
454	0.219276	75000	-0.033392	-23.768376
455	0.218272	75000	-0.033417	-23.801793
456	0.217270	75000	-0.033236	-23.835030
457	0.216271	75000	-0.033166	-23.868196
458	0.215275	75000	-0.033207	-23.901403
459	0.214281	75000	-0.033101	-23.934504
460	0.213291	75000	-0.032911	-23.967415
461	0.212303	75000	-0.032903	-24.000319
462	0.211318	75000	-0.032868	-24.033187
463	0.210335	75000	-0.032875	-24.066062
464	0.209356	75000	-0.032704	-24.098766
465	0.208379	75000	-0.032711	-24.131477
466	0.207404	75000	-0.032625	-24.164102
467	0.206433	75000	-0.032597	-24.196699
468	0.205464	75000	-0.032466	-24.229165
469	0.204498	75000	-0.032440	-24.261605
470	0.203535	75000	-0.032302	-24.293907
471	0.202575	75000	-0.032114	-24.326021
472	0.201617	75000	-0.032197	-24.358218
473	0.200662	75000	-0.032073	-24.390291
474	0.199709	75000	-0.032021	-24.422312
475	0.198760	75000	-0.032041	-24.454353
476	0.197813	75000	-0.031955	-24.486308
477	0.196869	75000	-0.031849	-24.518157
478	0.195927	75000	-0.031794	-24.549951
479	0.194988	75000	-0.031729	-24.581680
480	0.194052	75000	-0.031608	-24.613288
481	0.193119	75000	-0.031548	-24.644836
482	0.192188	75000	-0.031579	-24.676416
483	0.191260	75000	-0.031440	-24.707856
484	0.190335	75000	-0.031332	-24.739187
485	0.189412	75000	-0.031278	-24.770465
486	0.188492	75000	-0.031227	-24.801692
487	0.187575	75000	-0.031299	-24.832991
488	0.186660	75000	-0.031079	-24.864070
489	0.185749	75000	-0.031159	-24.895230
490	0.184839	75000	-0.030893	-24.926123
491	0.183933	75000	-0.030941	-24.957063
492	0.183029	75000	-0.030857	-24.987920
493	0.182128	75000	-0.030874	-25.018794
494	0.181229	75000	-0.030666	-25.049460
495	0.180333	75000	-0.030676	-25.080136
496	0.179440	75000	-0.030612	-25.110748
497	0.178550	75000	-0.030570	-25.141318
498	0.177662	75000	-0.030459	-25.171777
499	0.176777	75000	-0.030476	-25.202252
500	0.175894	75000	-0.030256	-25.232508
501	0.175014	75000	-0.030255	-25.262763
502	0.174137	75000	-0.030210	-25.292973
503	0.173262	75000	-0.030190	-25.323162
504	0.172390	75000	-0.030191	-25.353354
505	0.171521	75000	-0.030124	-25.383478
506	0.170654	75000	-0.030024	-25.413502
507	0.169790	75000	-0.029864	-25.443366
508	0.168929	75000	-0.029859	-25.473225
509	0.168070	75000	-0.029625	-25.502850
510	0.167214	75000	-0.029750	-25.532600
511	0.166360	75000	-0.029685	-25.562285
512	0.165509	75000	-0.029501	-25.591786
513	0.164661	75000	-0.029600	-25.621386
514	0.163815	75000	-0.029575	-25.650961
515	0.162972	75000	-0.029402	-25.680363
516	0.162132	75000	-0.029428	-25.709791
517	0.161294	75000	-0.029238	-25.739029
518	0.160458	75000	-0.029188	-25.768217
519	0.159626	75000	-0.029170	-25.797387
520	0.158796	75000	-0.029137	-25.826524
521	0.157968	75000	-0.029075	-25.855599
522	0.157143	75000	-0.028966	-25.884565
523	0.156321	75000	-0.029007	-25.913572
524	0.155501	75000	-0.028963	-25.942536
525	0.154684	75000	-0.028823	-25.971358
526	0.153870	75000	-0.028777	-26.000135
527	0.153058	75000	-0.028698	-26.028834
528	0.152248	75000	-0.028624	-26.057458
529	0.151441	75000	-0.028622	-26.086080
530	0.150637	75000	-0.028432	-26.114511
531	0.149835	75000	-0.028459	-26.142970
532	0.149036	75000	-0.028414	-26.171384
533	0.148240	75000	-0.028389	-26.199773
534	0.147446	75000	-0.028296	-26.228069
535	0.146654	75000	-0.028206	-26.256275
536	0.145865	75000	-0.028266	-26.284542
537	0.145079	75000	-0.028126	-26.312668
538	0.144295	75000	-0.028044	-26.340712
539	0.143514	75000	-0.028079	-26.368791
540	0.142735	75000	-0.027952	-26.396743
541	0.141959	75000	-0.027956	-26.424699
542	0.141186	75000	-0.027837	-26.452536
543	0.140415	75000	-0.027761	-26.480298
544	0.139646	75000	-0.027716	-26.508014
545	0.138880	75000	-0.027734	-26.535747
546	0.138116	75000	-0.027704	-26.563451
547	0.137356	75000	-0.027447	-26.590898
548	0.136597	75000	-0.027477	-26.618376
549	0.135841	75000	-0.027351	-26.645727
550	0.135088	75000	-0.027314	-26.673041
551	0.134337	75000	-0.027521	-26.700561
552	0.133588	75000	-0.027229	-26.727790
553	0.132843	75000	-0.027115	-26.754906
554	0.132099	75000	-0.027224	-26.782130
555	0.131358	75000	-0.027121	-26.809251
556	0.130620	75000	-0.026872	-26.836123
557	0.129884	75000	-0.026970	-26.863093
558	0.129151	75000	-0.027001	-26.890094
559	0.128420	75000	-0.026885	-26.916979
560	0.127691	75000	-0.026848	-26.943827
561	0.126965	75000	-0.026776	-26.970604
562	0.126242	75000	-0.026799	-26.997402
563	0.125521	75000	-0.026697	-27.024099
564	0.124802	75000	-0.026489	-27.050588
565	0.124086	75000	-0.026595	-27.077183
566	0.123373	75000	-0.026472	-27.103656
567	0.122662	75000	-0.026416	-27.130071
568	0.121953	75000	-0.026303	-27.156374
569	0.121247	75000	-0.026183	-27.182558
570	0.120543	75000	-0.026285	-27.208843
571	0.119842	75000	-0.026282	-27.235124
572	0.119143	75000	-0.026160	-27.261284
573	0.118447	75000	-0.026060	-27.287344
574	0.117753	75000	-0.026187	-27.313531
575	0.117062	75000	-0.026037	-27.339568
576	0.116373	75000	-0.025985	-27.365553
577	0.115686	75000	-0.025945	-27.391499
578	0.115002	75000	-0.025999	-27.417498
579	0.114320	75000	-0.025810	-27.443308
580	0.113641	75000	-0.025606	-27.468913
581	0.112964	75000	-0.025781	-27.494694
582	0.112290	75000	-0.025665	-27.520359
583	0.111618	75000	-0.025698	-27.546057
584	0.110948	75000	-0.025526	-27.571584
585	0.110281	75000	-0.025437	-27.597021
586	0.109616	75000	-0.025516	-27.622537
587	0.108954	75000	-0.025440	-27.647977
588	0.108294	75000	-0.025380	-27.673357
589	0.107637	75000	-0.025219	-27.698576
590	0.106981	75000	-0.025321	-27.723897
591	0.106329	75000	-0.025301	-27.749198
592	0.105678	75000	-0.025018	-27.774216
593	0.105030	75000	-0.025136	-27.799351
594	0.104385	75000	-0.025068	-27.824419
595	0.103742	75000	-0.024872	-27.849292
596	0.103101	75000	-0.024897	-27.874189
597	0.102463	75000	-0.024988	-27.899177
598	0.101827	75000	-0.024894	-27.924070
599	0.101193	75000	-0.024829	-27.948900
600	0.100562	75000	-0.024815	-27.973715
601	0.099933	75000	-0.024699	-27.998414
602	0.099306	75000	-0.024677	-28.023091
603	0.098682	75000	-0.024686	-28.047777
604	0.098060	75000	-0.024592	-28.072368
605	0.097441	75000	-0.024499	-28.096868
606	0.096824	75000	-0.024491	-28.121359
607	0.096209	75000	-0.024347	-28.145706
608	0.095596	75000	-0.024428	-28.170134
609	0.094986	75000	-0.024445	-28.194579
610	0.094379	75000	-0.024294	-28.218874
611	0.093773	75000	-0.024161	-28.243035
612	0.093170	75000	-0.024225	-28.267260
613	0.092570	75000	-0.024183	-28.291443
614	0.091971	75000	-0.024152	-28.315595
615	0.091375	75000	-0.024023	-28.339619
616	0.090781	75000	-0.024102	-28.363720
617	0.090190	75000	-0.024055	-28.387776
618	0.089601	75000	-0.024066	-28.411842
619	0.089014	75000	-0.023856	-28.435697
620	0.088430	75000	-0.023937	-28.459634
621	0.087848	75000	-0.023925	-28.483560
622	0.087268	75000	-0.023927	-28.507487
623	0.086690	75000	-0.023963	-28.531450
624	0.086115	75000	-0.023868	-28.555318
625	0.085542	75000	-0.023641	-28.578959
626	0.084971	75000	-0.023679	-28.602638
627	0.084403	75000	-0.023698	-28.626336
628	0.083837	75000	-0.023526	-28.649862
629	0.083273	75000	-0.023570	-28.673432
630	0.082712	75000	-0.023270	-28.696701
631	0.082152	75000	-0.023367	-28.720068
632	0.081595	75000	-0.023438	-28.743506
633	0.081041	75000	-0.023466	-28.766972
634	0.080488	75000	-0.023339	-28.790310
635	0.079938	75000	-0.023279	-28.813589
636	0.079390	75000	-0.023359	-28.836948
637	0.078845	75000	-0.023271	-28.860219
638	0.078301	75000	-0.023226	-28.883445
639	0.077760	75000	-0.022997	-28.906442
640	0.077221	75000	-0.023121	-28.929564
641	0.076684	75000	-0.023055	-28.952619
642	0.076150	75000	-0.023062	-28.975681
643	0.075618	75000	-0.023110	-28.998791
644	0.075088	75000	-0.023003	-29.021794
645	0.074560	75000	-0.022914	-29.044708
646	0.074035	75000	-0.022878	-29.067586
647	0.073512	75000	-0.022851	-29.090437
648	0.072991	75000	-0.022741	-29.113178
649	0.072472	75000	-0.022764	-29.135943
650	0.071955	75000	-0.022793	-29.158736
651	0.071441	75000	-0.022799	-29.181535
652	0.070929	75000	-0.022720	-29.204255
653	0.070419	75000	-0.022580	-29.226835
654	0.069911	75000	-0.022650	-29.249485
655	0.069406	75000	-0.022489	-29.271974
656	0.068903	75000	-0.022647	-29.294621
657	0.068401	75000	-0.022543	-29.317164
658	0.067903	75000	-0.022539	-29.339703
659	0.067406	75000	-0.022456	-29.362160
660	0.066911	75000	-0.022433	-29.384593
661	0.066419	75000	-0.022704	-29.407297
662	0.065929	75000	-0.022560	-29.429857
663	0.065441	75000	-0.022171	-29.452028
664	0.064955	75000	-0.022256	-29.474284
665	0.064471	75000	-0.022458	-29.496741
666	0.063990	75000	-0.022370	-29.519111
667	0.063510	75000	-0.022337	-29.541448
668	0.063033	75000	-0.022238	-29.563686
669	0.062558	75000	-0.022387	-29.586073
670	0.062085	75000	-0.022217	-29.608290
671	0.061615	75000	-0.022108	-29.630398
672	0.061146	75000	-0.021954	-29.652352
673	0.060680	75000	-0.021725	-29.674078
674	0.060216	75000	-0.021990	-29.696067
675	0.059753	75000	-0.021994	-29.718061
676	0.059293	75000	-0.022148	-29.740209
677	0.058836	75000	-0.022020	-29.762229
678	0.058380	75000	-0.021937	-29.784166
679	0.057926	75000	-0.021980	-29.806146
680	0.057475	75000	-0.021927	-29.828072
681	0.057025	75000	-0.021992	-29.850065
682	0.056578	75000	-0.022048	-29.872113
683	0.056133	75000	-0.022199	-29.894312
684	0.055690	75000	-0.021561	-29.915873
685	0.055249	75000	-0.021935	-29.937807
686	0.054810	75000	-0.021712	-29.959520
687	0.054373	75000	-0.021837	-29.981357
688	0.053939	75000	-0.021617	-30.002975
689	0.053506	75000	-0.021603	-30.024578
690	0.053076	75000	-0.021990	-30.046568
691	0.052647	75000	-0.021918	-30.068487
692	0.052221	75000	-0.021716	-30.090203
693	0.051797	75000	-0.021558	-30.111760
694	0.051375	75000	-0.021778	-30.133539
695	0.050955	75000	-0.021702	-30.155240
696	0.050537	75000	-0.021731	-30.176971
697	0.050121	75000	-0.021832	-30.198803
698	0.049707	75000	-0.021583	-30.220387
699	0.049295	75000	-0.021857	-30.242243
700	0.048885	75000	-0.021714	-30.263957
701	0.048478	75000	-0.021613	-30.285571
702	0.048072	75000	-0.021793	-30.307364
703	0.047668	75000	-0.021656	-30.329020
704	0.047267	75000	-0.021709	-30.350729
705	0.046867	75000	-0.021622	-30.372351
706	0.046470	75000	-0.022120	-30.394471
707	0.046074	75000	-0.021617	-30.416088
708	0.045681	75000	-0.021422	-30.437510
709	0.045289	75000	-0.021670	-30.459180
710	0.044900	75000	-0.021425	-30.480604
711	0.044512	75000	-0.021861	-30.502465
712	0.044127	75000	-0.021442	-30.523907
713	0.043744	75000	-0.021741	-30.545648
714	0.043362	75000	-0.021389	-30.567037
715	0.042983	75000	-0.021420	-30.588457
716	0.042606	75000	-0.021741	-30.610198
717	0.042230	75000	-0.021837	-30.632035
718	0.041857	75000	-0.021820	-30.653855
719	0.041485	75000	-0.021677	-30.675532
720	0.041116	75000	-0.021610	-30.697142
721	0.040749	75000	-0.021688	-30.718831
722	0.040383	75000	-0.021862	-30.740693
723	0.040020	75000	-0.021906	-30.762598
724	0.039658	75000	-0.021633	-30.784231
725	0.039299	75000	-0.021607	-30.805838
726	0.038941	75000	-0.021652	-30.827490
727	0.038585	75000	-0.021779	-30.849269
728	0.038232	75000	-0.021800	-30.871070
729	0.037880	75000	-0.021780	-30.892850
730	0.037530	75000	-0.021774	-30.914623
731	0.037182	75000	-0.021928	-30.936551
732	0.036836	75000	-0.021859	-30.958410
733	0.036493	75000	-0.021659	-30.980070
734	0.036151	75000	-0.021798	-31.001868
735	0.035810	75000	-0.021867	-31.023734
736	0.035472	75000	-0.021607	-31.045342
737	0.035136	75000	-0.022219	-31.067561
738	0.034802	75000	-0.021856	-31.089416
739	0.034469	75000	-0.022124	-31.111541
740	0.034139	75000	-0.021633	-31.133174
741	0.033810	75000	-0.022011	-31.155185
742	0.033484	75000	-0.022299	-31.177484
743	0.033159	75000	-0.022140	-31.199625
744	0.032836	75000	-0.022579	-31.222203
745	0.032515	75000	-0.022173	-31.244376
746	0.032196	75000	-0.022308	-31.266684
747	0.031879	75000	-0.021912	-31.288596
748	0.031563	75000	-0.022496	-31.311092
749	0.031250	75000	-0.022570	-31.333662
750	0.030938	75000	-0.022445	-31.356106
751	0.030629	75000	-0.022654	-31.378761
752	0.030321	75000	-0.022765	-31.401526
753	0.030015	75000	-0.022653	-31.424178
754	0.029711	75000	-0.022474	-31.446652
755	0.029409	75000	-0.022509	-31.469161
756	0.029108	75000	-0.022939	-31.492101
757	0.028810	75000	-0.022725	-31.514826
758	0.028513	75000	-0.023014	-31.537840
759	0.028218	75000	-0.022842	-31.560682
760	0.027925	75000	-0.023133	-31.583815
761	0.027634	75000	-0.023293	-31.607108
762	0.027345	75000	-0.023438	-31.630546
763	0.027057	75000	-0.023218	-31.653764
764	0.026771	75000	-0.023249	-31.677013
765	0.026487	75000	-0.023622	-31.700635
766	0.026205	75000	-0.023622	-31.724257
767	0.025925	75000	-0.023472	-31.747729
768	0.025647	75000	-0.023785	-31.771513
769	0.025370	75000	-0.023627	-31.795140
770	0.025095	75000	-0.024108	-31.819248
771	0.024822	75000	-0.024482	-31.843730
772	0.024551	75000	-0.024089	-31.867819
773	0.024281	75000	-0.024236	-31.892055
774	0.024014	75000	-0.024541	-31.916597
775	0.023748	75000	-0.024279	-31.940876
776	0.023483	75000	-0.024956	-31.965832
777	0.023221	75000	-0.024653	-31.990485
778	0.022960	75000	-0.025091	-32.015576
779	0.022702	75000	-0.024888	-32.040464
780	0.022445	75000	-0.025402	-32.065866
781	0.022189	75000	-0.025654	-32.091520
782	0.021936	75000	-0.025562	-32.117082
783	0.021684	75000	-0.025443	-32.142525
784	0.021434	75000	-0.025476	-32.168001
785	0.021185	75000	-0.025880	-32.193881
786	0.020939	75000	-0.025950	-32.219832
787	0.020694	75000	-0.026471	-32.246303
788	0.020451	75000	-0.026852	-32.273155
789	0.020209	75000	-0.026620	-32.299776
790	0.019969	75000	-0.027257	-32.327032
791	0.019731	75000	-0.027224	-32.354256
792	0.019495	75000	-0.027018	-32.381273
793	0.019261	75000	-0.028160	-32.409433
794	0.019028	75000	-0.028243	-32.437676
795	0.018796	75000	-0.028128	-32.465804
796	0.018567	75000	-0.028257	-32.494061
797	0.018339	75000	-0.028232	-32.522293
798	0.018113	75000	-0.028432	-32.550726
799	0.017889	75000	-0.029655	-32.580381
800	0.017666	75000	-0.029544	-32.609925
801	0.017445	75000	-0.029348	-32.639273
802	0.017225	75000	-0.030277	-32.669550
803	0.017007	75000	-0.030269	-32.699819
804	0.016791	75000	-0.031523	-32.731342
805	0.016577	75000	-0.031866	-32.763207
806	0.016364	75000	-0.032173	-32.795380
807	0.016153	75000	-0.032849	-32.828229
808	0.015943	75000	-0.031330	-32.859559
809	0.015736	75000	-0.032329	-32.891888
810	0.015529	75000	-0.034642	-32.926530
811	0.015325	75000	-0.034564	-32.961094
812	0.015122	75000	-0.034161	-32.995255
813	0.014920	75000	-0.035647	-33.030902
814	0.014721	75000	-0.034455	-33.065357
815	0.014523	75000	-0.037788	-33.103145
816	0.014326	75000	-0.037743	-33.140888
817	0.014131	75000	-0.037258	-33.178147
818	0.013938	75000	-0.036368	-33.214515
819	0.013746	75000	-0.037520	-33.252034
820	0.013556	75000	-0.040108	-33.292143
821	0.013367	75000	-0.041370	-33.333512
822	0.013181	75000	-0.040330	-33.373842
823	0.012995	75000	-0.042597	-33.416439
824	0.012811	75000	-0.042330	-33.458770
825	0.012629	75000	-0.043388	-33.502157
826	0.012448	75000	-0.046198	-33.548355
827	0.012269	75000	-0.046207	-33.594562
828	0.012092	75000	-0.046741	-33.641303
829	0.011916	75000	-0.045697	-33.687000
830	0.011741	75000	-0.048098	-33.735098
831	0.011568	75000	-0.049283	-33.784381
832	0.011397	75000	-0.051412	-33.835793
833	0.011227	75000	-0.054431	-33.890225
834	0.011059	75000	-0.056991	-33.947216
835	0.010892	75000	-0.055122	-34.002338
836	0.010727	75000	-0.056325	-34.058663
837	0.010563	75000	-0.058144	-34.116807
838	0.010401	75000	-0.061872	-34.178680
839	0.010240	75000	-0.063060	-34.241740
840	0.010081	75000	-0.065075	-34.306815
841	0.009923	75000	-0.065753	-34.372568
842	0.009767	75000	-0.065847	-34.438415
843	0.009612	75000	-0.066999	-34.505415
844	0.009459	75000	-0.067261	-34.572676
845	0.009307	75000	-0.068909	-34.641585
846	0.009156	75000	-0.073226	-34.714811
847	0.009008	75000	-0.075639	-34.790450
848	0.008860	75000	-0.077585	-34.868035
849	0.008714	75000	-0.075113	-34.943149
850	0.008570	75000	-0.080043	-35.023192
851	0.008427	75000	-0.080005	-35.103197
852	0.008285	75000	-0.080315	-35.183512
853	0.008145	75000	-0.084398	-35.267910
854	0.008006	75000	-0.083121	-35.351031
855	0.007869	75000	-0.084806	-35.435837
856	0.007733	75000	-0.088716	-35.524553
857	0.007598	75000	-0.086738	-35.611290
858	0.007465	75000	-0.091156	-35.702446
859	0.007334	75000	-0.091140	-35.793585
860	0.007203	75000	-0.091493	-35.885078
861	0.007075	75000	-0.090670	-35.975748
862	0.006947	75000	-0.092937	-36.068685
863	0.006821	75000	-0.093570	-36.162255
864	0.006696	75000	-0.094833	-36.257088
865	0.006573	75000	-0.092582	-36.349670
866	0.006451	75000	-0.092360	-36.442029
867	0.006330	75000	-0.091032	-36.533062
868	0.006211	75000	-0.093091	-36.626152
869	0.006093	75000	-0.096109	-36.722262
870	0.005977	75000	-0.092065	-36.814327
871	0.005862	75000	-0.094272	-36.908599
872	0.005748	75000	-0.095084	-37.003683
873	0.005635	75000	-0.096510	-37.100193
874	0.005524	75000	-0.096404	-37.196597
875	0.005414	75000	-0.093949	-37.290546
876	0.005306	75000	-0.095246	-37.385792
877	0.005199	75000	-0.091725	-37.477517
878	0.005093	75000	-0.093869	-37.571387
879	0.004988	75000	-0.093948	-37.665335
880	0.004885	75000	-0.093461	-37.758795
881	0.004783	75000	-0.093166	-37.851962
882	0.004682	75000	-0.092581	-37.944542
883	0.004583	75000	-0.092394	-38.036936
884	0.004485	75000	-0.091983	-38.128919
885	0.004388	75000	-0.091007	-38.219926
886	0.004292	75000	-0.089731	-38.309657
887	0.004198	75000	-0.089632	-38.399289
888	0.004105	75000	-0.089031	-38.488320
889	0.004013	75000	-0.088016	-38.576336
890	0.003923	75000	-0.087885	-38.664221
891	0.003833	75000	-0.087220	-38.751441
892	0.003745	75000	-0.086363	-38.837804
893	0.003658	75000	-0.084519	-38.922323
894	0.003573	75000	-0.084376	-39.006699
895	0.003488	75000	-0.083565	-39.090264
896	0.003405	75000	-0.083158	-39.173422
897	0.003323	75000	-0.082212	-39.255634
898	0.003242	75000	-0.080983	-39.336616
899	0.003162	75000	-0.079928	-39.416545
900	0.003084	75000	-0.078693	-39.495238
901	0.003007	75000	-0.078183	-39.573421
902	0.002930	75000	-0.077180	-39.650601
903	0.002855	75000	-0.076026	-39.726627
904	0.002782	75000	-0.075206	-39.801833
905	0.002709	75000	-0.073826	-39.875659
906	0.002638	75000	-0.073172	-39.948832
907	0.002567	75000	-0.072208	-40.021040
908	0.002498	75000	-0.071270	-40.092310
909	0.002430	75000	-0.069807	-40.162117
910	0.002363	75000	-0.069381	-40.231498
911	0.002297	75000	-0.068118	-40.299616
912	0.002233	75000	-0.067359	-40.366975
913	0.002169	75000	-0.065992	-40.432967
914	0.002106	75000	-0.064898	-40.497865
915	0.002045	75000	-0.064294	-40.562159
916	0.001985	75000	-0.062952	-40.625111
917	0.001925	75000	-0.062345	-40.687456
918	0.001867	75000	-0.061245	-40.748701
919	0.001810	75000	-0.060047	-40.808748
920	0.001754	75000	-0.059419	-40.868167
921	0.001699	75000	-0.058011	-40.926178
922	0.001645	75000	-0.057061	-40.983239
923	0.001592	75000	-0.056036	-41.039275
924	0.001540	75000	-0.055115	-41.094390
925	0.001490	75000	-0.053911	-41.148301
926	0.001440	75000	-0.053062	-41.201363
927	0.001391	75000	-0.052006	-41.253369
928	0.001343	75000	-0.050886	-41.304255
929	0.001296	75000	-0.049975	-41.354230
930	0.001251	75000	-0.048942	-41.403172
931	0.001206	75000	-0.047992	-41.451165
932	0.001162	75000	-0.047121	-41.498286
933	0.001119	75000	-0.045950	-41.544236
934	0.001077	75000	-0.045087	-41.589324
935	0.001036	75000	-0.043921	-41.633245
936	0.000996	75000	-0.043213	-41.676457
937	0.000957	75000	-0.041970	-41.718427
938	0.000919	75000	-0.041088	-41.759515
939	0.000882	75000	-0.040369	-41.799885
940	0.000846	75000	-0.039138	-41.839023
941	0.000810	75000	-0.038337	-41.877359
942	0.000776	75000	-0.037335	-41.914694
943	0.000742	75000	-0.036504	-41.951198
944	0.000709	75000	-0.035409	-41.986607
945	0.000678	75000	-0.034442	-42.021048
946	0.000647	75000	-0.033562	-42.054611
947	0.000617	75000	-0.032766	-42.087377
948	0.000587	75000	-0.031791	-42.119168
949	0.000559	75000	-0.030878	-42.150046
950	0.000531	75000	-0.030007	-42.180053
951	0.000505	75000	-0.029083	-42.209136
952	0.000479	75000	-0.028207	-42.237343
953	0.000454	75000	-0.027373	-42.264716
954	0.000430	75000	-0.026452	-42.291168
955	0.000406	75000	-0.025663	-42.316831
956	0.000383	75000	-0.024887	-42.341718
957	0.000362	75000	-0.023872	-42.365590
958	0.000340	75000	-0.023052	-42.388642
959	0.000320	75000	-0.022342	-42.410984
960	0.000300	75000	-0.021468	-42.432452
961	0.000281	75000	-0.020651	-42.453103
962	0.000263	75000	-0.019899	-42.473002
963	0.000246	75000	-0.019102	-42.492104
964	0.000229	75000	-0.018284	-42.510388
965	0.000213	75000	-0.017591	-42.527979
966	0.000198	75000	-0.016816	-42.544795
967	0.000183	75000	-0.016079	-42.560874
968	0.000169	75000	-0.015304	-42.576178
969	0.000156	75000	-0.014610	-42.590788
970	0.000143	75000	-0.013922	-42.604710
971	0.000131	75000	-0.013210	-42.617920
972	0.000120	75000	-0.012541	-42.630461
973	0.000109	75000	-0.011847	-42.642308
974	0.000099	75000	-0.011189	-42.653497
975	0.000089	75000	-0.010537	-42.664034
976	0.000080	75000	-0.009903	-42.673937
977	0.000072	75000	-0.009279	-42.683215
978	0.000064	75000	-0.008652	-42.691867
979	0.000057	75000	-0.008073	-42.699940
980	0.000050	75000	-0.007490	-42.707430
981	0.000043	75000	-0.006924	-42.714353
982	0.000038	75000	-0.006361	-42.720715
983	0.000032	75000	-0.005842	-42.726556
984	0.000028	75000	-0.005304	-42.731860
985	0.000023	75000	-0.004805	-42.736665
986	0.000019	75000	-0.004317	-42.740982
987	0.000016	75000	-0.003852	-42.744834
988	0.000013	75000	-0.003402	-42.748236
989	0.000010	75000	-0.002960	-42.751196
990	0.000008	75000	-0.002549	-42.753746
991	0.000006	75000	-0.002157	-42.755903
992	0.000004	75000	-0.001794	-42.757697
993	0.000003	75000	-0.001442	-42.759139
994	0.000002	75000	-0.001125	-42.760264
995	0.000001	75000	-0.000834	-42.761098
996	0.000000	75000	-0.000571	-42.761669
997	0.000000	75000	-0.000345	-42.762014
998	0.000000	75000	-0.000162	-42.762176
999	0.000000	75000	-0.000035	-42.762211
Log marginal likelihood:	-42.762211
