Steppingstone sampler:
        No Stones:                  1000
        Start It:                   10000001
        It Per Stone:               100000
        Sample Freq:                1
        Dist:                       Beta(0.400000,1.000000)
Stone No	Power	N	Stone MLh	Running MLh
0	0.997502	75000	-0.409421	-0.409421
1	0.995007	75000	-0.408730	-0.818151
2	0.992517	75000	-0.408193	-1.226344
3	0.990030	75000	-0.407569	-1.633913
4	0.987547	75000	-0.407004	-2.040918
5	0.985067	75000	-0.406338	-2.447255
6	0.982592	75000	-0.405724	-2.852980
7	0.980120	75000	-0.405090	-3.258070
8	0.977652	75000	-0.404469	-3.662539
9	0.975187	75000	-0.403936	-4.066475
10	0.972726	75000	-0.403247	-4.469722
11	0.970269	75000	-0.402737	-4.872459
12	0.967816	75000	-0.402089	-5.274548
13	0.965367	75000	-0.401502	-5.676050
14	0.962921	75000	-0.400890	-6.076940
15	0.960479	75000	-0.400242	-6.477182
16	0.958040	75000	-0.399677	-6.876858
17	0.955606	75000	-0.399146	-7.276004
18	0.953175	75000	-0.398448	-7.674452
19	0.950747	75000	-0.397862	-8.072314
20	0.948324	75000	-0.397225	-8.469539
21	0.945904	75000	-0.396632	-8.866171
22	0.943488	75000	-0.396104	-9.262275
23	0.941076	75000	-0.395487	-9.657761
24	0.938667	75000	-0.394949	-10.052710
25	0.936262	75000	-0.394299	-10.447010
26	0.933861	75000	-0.393766	-10.840775
27	0.931463	75000	-0.393077	-11.233852
28	0.929069	75000	-0.392510	-11.626362
29	0.926679	75000	-0.391894	-12.018256
30	0.924293	75000	-0.391255	-12.409511
31	0.921910	75000	-0.390691	-12.800202
32	0.919531	75000	-0.390137	-13.190339
33	0.917155	75000	-0.389520	-13.579859
34	0.914783	75000	-0.388914	-13.968773
35	0.912415	75000	-0.388260	-14.357033
36	0.910051	75000	-0.387664	-14.744697
37	0.907690	75000	-0.387064	-15.131761
38	0.905333	75000	-0.386485	-15.518246
39	0.902980	75000	-0.385927	-15.904173
40	0.900630	75000	-0.385401	-16.289574
41	0.898284	75000	-0.384717	-16.674291
42	0.895942	75000	-0.384106	-17.058396
43	0.893603	75000	-0.383579	-17.441975
44	0.891268	75000	-0.382985	-17.824961
45	0.888937	75000	-0.382366	-18.207327
46	0.886609	75000	-0.381700	-18.589027
47	0.884285	75000	-0.381143	-18.970170
48	0.881965	75000	-0.380488	-19.350658
49	0.879648	75000	-0.379944	-19.730601
50	0.877335	75000	-0.379371	-20.109973
51	0.875026	75000	-0.378780	-20.488753
52	0.872720	75000	-0.378222	-20.866975
53	0.870418	75000	-0.377592	-21.244567
54	0.868120	75000	-0.377006	-21.621573
55	0.865825	75000	-0.376387	-21.997960
56	0.863534	75000	-0.375764	-22.373723
57	0.861246	75000	-0.375265	-22.748989
58	0.858962	75000	-0.374675	-23.123664
59	0.856682	75000	-0.374035	-23.497699
60	0.854405	75000	-0.373546	-23.871245
61	0.852132	75000	-0.372842	-24.244087
62	0.849863	75000	-0.372287	-24.616374
63	0.847597	75000	-0.371719	-24.988093
64	0.845335	75000	-0.371164	-25.359257
65	0.843077	75000	-0.370467	-25.729724
66	0.840822	75000	-0.369933	-26.099656
67	0.838571	75000	-0.369373	-26.469030
68	0.836323	75000	-0.368775	-26.837805
69	0.834079	75000	-0.368184	-27.205989
70	0.831839	75000	-0.367619	-27.573608
71	0.829602	75000	-0.366967	-27.940575
72	0.827369	75000	-0.366368	-28.306943
73	0.825140	75000	-0.365843	-28.672786
74	0.822914	75000	-0.365229	-29.038015
75	0.820691	75000	-0.364646	-29.402660
76	0.818473	75000	-0.364044	-29.766704
77	0.816258	75000	-0.363535	-30.130239
78	0.814046	75000	-0.362877	-30.493116
79	0.811838	75000	-0.362320	-30.855436
80	0.809634	75000	-0.361733	-31.217169
81	0.807433	75000	-0.361148	-31.578317
82	0.805236	75000	-0.360591	-31.938908
83	0.803043	75000	-0.359976	-32.298885
84	0.800853	75000	-0.359431	-32.658316
85	0.798667	75000	-0.358813	-33.017129
86	0.796484	75000	-0.358286	-33.375415
87	0.794305	75000	-0.357645	-33.733060
88	0.792129	75000	-0.357072	-34.090132
89	0.789957	75000	-0.356460	-34.446592
90	0.787789	75000	-0.355932	-34.802525
91	0.785624	75000	-0.355304	-35.157828
92	0.783463	75000	-0.354713	-35.512541
93	0.781305	75000	-0.354141	-35.866682
94	0.779151	75000	-0.353615	-36.220297
95	0.777000	75000	-0.352993	-36.573291
96	0.774853	75000	-0.352517	-36.925808
97	0.772710	75000	-0.351927	-37.277734
98	0.770570	75000	-0.351341	-37.629076
99	0.768433	75000	-0.350752	-37.979827
100	0.766301	75000	-0.350152	-38.329979
101	0.764172	75000	-0.349546	-38.679525
102	0.762046	75000	-0.349025	-39.028550
103	0.759924	75000	-0.348478	-39.377028
104	0.757805	75000	-0.347828	-39.724856
105	0.755690	75000	-0.347286	-40.072142
106	0.753579	75000	-0.346763	-40.418904
107	0.751471	75000	-0.346101	-40.765005
108	0.749366	75000	-0.345486	-41.110491
109	0.747266	75000	-0.344963	-41.455454
110	0.745168	75000	-0.344389	-41.799843
111	0.743075	75000	-0.343868	-42.143711
112	0.740984	75000	-0.343255	-42.486965
113	0.738898	75000	-0.342705	-42.829670
114	0.736815	75000	-0.342064	-43.171734
115	0.734735	75000	-0.341648	-43.513382
116	0.732659	75000	-0.340991	-43.854373
117	0.730586	75000	-0.340390	-44.194763
118	0.728517	75000	-0.339827	-44.534590
119	0.726452	75000	-0.339285	-44.873876
120	0.724390	75000	-0.338712	-45.212587
121	0.722331	75000	-0.338133	-45.550720
122	0.720276	75000	-0.337538	-45.888259
123	0.718225	75000	-0.337034	-46.225293
124	0.716177	75000	-0.336452	-46.561745
125	0.714132	75000	-0.335883	-46.897628
126	0.712091	75000	-0.335222	-47.232851
127	0.710054	75000	-0.334670	-47.567520
128	0.708020	75000	-0.334156	-47.901676
129	0.705989	75000	-0.333503	-48.235179
130	0.703962	75000	-0.332992	-48.568171
131	0.701939	75000	-0.332469	-48.900640
132	0.699919	75000	-0.331851	-49.232491
133	0.697902	75000	-0.331298	-49.563789
134	0.695889	75000	-0.330808	-49.894597
135	0.693880	75000	-0.330222	-50.224818
136	0.691874	75000	-0.329691	-50.554510
137	0.689871	75000	-0.329082	-50.883591
138	0.687872	75000	-0.328496	-51.212088
139	0.685877	75000	-0.327914	-51.540001
140	0.683885	75000	-0.327407	-51.867409
141	0.681896	75000	-0.326765	-52.194174
142	0.679911	75000	-0.326214	-52.520388
143	0.677929	75000	-0.325716	-52.846104
144	0.675951	75000	-0.325175	-53.171278
145	0.673976	75000	-0.324624	-53.495903
146	0.672005	75000	-0.324068	-53.819970
147	0.670037	75000	-0.323498	-54.143468
148	0.668073	75000	-0.322930	-54.466398
149	0.666112	75000	-0.322286	-54.788683
150	0.664155	75000	-0.321768	-55.110451
151	0.662201	75000	-0.321251	-55.431702
152	0.660250	75000	-0.320650	-55.752352
153	0.658303	75000	-0.320132	-56.072484
154	0.656359	75000	-0.319516	-56.392000
155	0.654419	75000	-0.319003	-56.711004
156	0.652483	75000	-0.318387	-57.029390
157	0.650549	75000	-0.317897	-57.347287
158	0.648619	75000	-0.317368	-57.664656
159	0.646693	75000	-0.316723	-57.981379
160	0.644770	75000	-0.316262	-58.297641
161	0.642851	75000	-0.315583	-58.613224
162	0.640934	75000	-0.315086	-58.928310
163	0.639022	75000	-0.314473	-59.242783
164	0.637113	75000	-0.314001	-59.556784
165	0.635207	75000	-0.313441	-59.870225
166	0.633304	75000	-0.312844	-60.183069
167	0.631405	75000	-0.312308	-60.495377
168	0.629510	75000	-0.311848	-60.807225
169	0.627618	75000	-0.311269	-61.118494
170	0.625729	75000	-0.310688	-61.429182
171	0.623844	75000	-0.310054	-61.739236
172	0.621962	75000	-0.309619	-62.048855
173	0.620083	75000	-0.309125	-62.357979
174	0.618208	75000	-0.308392	-62.666372
175	0.616337	75000	-0.307876	-62.974247
176	0.614468	75000	-0.307389	-63.281636
177	0.612604	75000	-0.306829	-63.588466
178	0.610742	75000	-0.306320	-63.894786
179	0.608884	75000	-0.305685	-64.200471
180	0.607029	75000	-0.305108	-64.505579
181	0.605178	75000	-0.304615	-64.810194
182	0.603330	75000	-0.304055	-65.114249
183	0.601486	75000	-0.303535	-65.417783
184	0.599645	75000	-0.302982	-65.720766
185	0.597807	75000	-0.302353	-66.023119
186	0.595973	75000	-0.301849	-66.324968
187	0.594142	75000	-0.301308	-66.626276
188	0.592314	75000	-0.300797	-66.927073
189	0.590490	75000	-0.300190	-67.227262
190	0.588669	75000	-0.299634	-67.526896
191	0.586852	75000	-0.299088	-67.825984
192	0.585038	75000	-0.298573	-68.124557
193	0.583227	75000	-0.298036	-68.422594
194	0.581420	75000	-0.297448	-68.720042
195	0.579616	75000	-0.296957	-69.016999
196	0.577815	75000	-0.296378	-69.313376
197	0.576018	75000	-0.295837	-69.609213
198	0.574224	75000	-0.295337	-69.904551
199	0.572433	75000	-0.294762	-70.199313
200	0.570646	75000	-0.294276	-70.493589
201	0.568862	75000	-0.293726	-70.787315
202	0.567082	75000	-0.293194	-71.080509
203	0.565305	75000	-0.292602	-71.373111
204	0.563531	75000	-0.292037	-71.665148
205	0.561761	75000	-0.291515	-71.956663
206	0.559993	75000	-0.290991	-72.247654
207	0.558230	75000	-0.290458	-72.538112
208	0.556469	75000	-0.289862	-72.827974
209	0.554712	75000	-0.289356	-73.117330
210	0.552958	75000	-0.288878	-73.406208
211	0.551208	75000	-0.288269	-73.694478
212	0.549461	75000	-0.287742	-73.982220
213	0.547717	75000	-0.287233	-74.269453
214	0.545977	75000	-0.286625	-74.556078
215	0.544240	75000	-0.286077	-74.842154
216	0.542506	75000	-0.285627	-75.127782
217	0.540775	75000	-0.285089	-75.412870
218	0.539048	75000	-0.284474	-75.697344
219	0.537324	75000	-0.284007	-75.981351
220	0.535604	75000	-0.283444	-76.264795
221	0.533887	75000	-0.282922	-76.547717
222	0.532173	75000	-0.282293	-76.830010
223	0.530462	75000	-0.281820	-77.111830
224	0.528755	75000	-0.281276	-77.393107
225	0.527051	75000	-0.280818	-77.673925
226	0.525350	75000	-0.280265	-77.954190
227	0.523653	75000	-0.279797	-78.233987
228	0.521958	75000	-0.279169	-78.513156
229	0.520268	75000	-0.278735	-78.791891
230	0.518580	75000	-0.278080	-79.069971
231	0.516896	75000	-0.277599	-79.347571
232	0.515215	75000	-0.277008	-79.624578
233	0.513537	75000	-0.276564	-79.901142
234	0.511863	75000	-0.276038	-80.177180
235	0.510192	75000	-0.275542	-80.452722
236	0.508524	75000	-0.274928	-80.727650
237	0.506859	75000	-0.274421	-81.002071
238	0.505198	75000	-0.273865	-81.275936
239	0.503540	75000	-0.273372	-81.549308
240	0.501885	75000	-0.272865	-81.822173
241	0.500234	75000	-0.272262	-82.094435
242	0.498586	75000	-0.271763	-82.366198
243	0.496941	75000	-0.271252	-82.637450
244	0.495299	75000	-0.270702	-82.908153
245	0.493660	75000	-0.270259	-83.178412
246	0.492025	75000	-0.269816	-83.448228
247	0.490393	75000	-0.269237	-83.717465
248	0.488765	75000	-0.268676	-83.986141
249	0.487139	75000	-0.268094	-84.254235
250	0.485517	75000	-0.267566	-84.521801
251	0.483898	75000	-0.267094	-84.788895
252	0.482283	75000	-0.266561	-85.055456
253	0.480670	75000	-0.266011	-85.321466
254	0.479061	75000	-0.265560	-85.587026
255	0.477455	75000	-0.264994	-85.852020
256	0.475852	75000	-0.264462	-86.116482
257	0.474253	75000	-0.263952	-86.380434
258	0.472656	75000	-0.263392	-86.643827
259	0.471063	75000	-0.262900	-86.906727
260	0.469474	75000	-0.262273	-87.169000
261	0.467887	75000	-0.261855	-87.430855
262	0.466304	75000	-0.261306	-87.692161
263	0.464723	75000	-0.260748	-87.952909
264	0.463146	75000	-0.260235	-88.213144
265	0.461573	75000	-0.259758	-88.472902
266	0.460002	75000	-0.259254	-88.732155
267	0.458435	75000	-0.258821	-88.990976
268	0.456871	75000	-0.258225	-89.249201
269	0.455310	75000	-0.257625	-89.506826
270	0.453752	75000	-0.257161	-89.763987
271	0.452198	75000	-0.256688	-90.020675
272	0.450647	75000	-0.256118	-90.276793
273	0.449098	75000	-0.255562	-90.532354
274	0.447554	75000	-0.255175	-90.787530
275	0.446012	75000	-0.254610	-91.042140
276	0.444473	75000	-0.254069	-91.296209
277	0.442938	75000	-0.253626	-91.549835
278	0.441406	75000	-0.253040	-91.802875
279	0.439877	75000	-0.252574	-92.055448
280	0.438351	75000	-0.252047	-92.307495
281	0.436829	75000	-0.251441	-92.558936
282	0.435309	75000	-0.251049	-92.809985
283	0.433793	75000	-0.250526	-93.060511
284	0.432280	75000	-0.249974	-93.310485
285	0.430770	75000	-0.249409	-93.559895
286	0.429263	75000	-0.248873	-93.808768
287	0.427760	75000	-0.248386	-94.057153
288	0.426259	75000	-0.247905	-94.305059
289	0.424762	75000	-0.247372	-94.552431
290	0.423268	75000	-0.246856	-94.799286
291	0.421777	75000	-0.246513	-95.045799
292	0.420289	75000	-0.245907	-95.291706
293	0.418805	75000	-0.245377	-95.537083
294	0.417323	75000	-0.244919	-95.782002
295	0.415845	75000	-0.244379	-96.026382
296	0.414370	75000	-0.243862	-96.270244
297	0.412898	75000	-0.243375	-96.513618
298	0.411429	75000	-0.242837	-96.756455
299	0.409963	75000	-0.242365	-96.998820
300	0.408501	75000	-0.241817	-97.240638
301	0.407041	75000	-0.241312	-97.481949
302	0.405585	75000	-0.240790	-97.722739
303	0.404132	75000	-0.240396	-97.963135
304	0.402682	75000	-0.239814	-98.202950
305	0.401235	75000	-0.239320	-98.442269
306	0.399791	75000	-0.238796	-98.681065
307	0.398350	75000	-0.238322	-98.919387
308	0.396913	75000	-0.237728	-99.157115
309	0.395478	75000	-0.237277	-99.394392
310	0.394047	75000	-0.236801	-99.631192
311	0.392619	75000	-0.236260	-99.867453
312	0.391194	75000	-0.235831	-100.103284
313	0.389772	75000	-0.235279	-100.338563
314	0.388353	75000	-0.234825	-100.573388
315	0.386937	75000	-0.234301	-100.807688
316	0.385524	75000	-0.233816	-101.041505
317	0.384115	75000	-0.233244	-101.274748
318	0.382708	75000	-0.232848	-101.507596
319	0.381305	75000	-0.232253	-101.739849
320	0.379904	75000	-0.231825	-101.971674
321	0.378507	75000	-0.231279	-102.202952
322	0.377113	75000	-0.230682	-102.433634
323	0.375722	75000	-0.230316	-102.663950
324	0.374334	75000	-0.229798	-102.893748
325	0.372949	75000	-0.229293	-103.123041
326	0.371567	75000	-0.228776	-103.351817
327	0.370189	75000	-0.228368	-103.580185
328	0.368813	75000	-0.227869	-103.808054
329	0.367440	75000	-0.227411	-104.035465
330	0.366071	75000	-0.226835	-104.262300
331	0.364705	75000	-0.226260	-104.488560
332	0.363341	75000	-0.225824	-104.714384
333	0.361981	75000	-0.225378	-104.939762
334	0.360624	75000	-0.224844	-105.164606
335	0.359269	75000	-0.224390	-105.388996
336	0.357918	75000	-0.223879	-105.612876
337	0.356570	75000	-0.223376	-105.836252
338	0.355225	75000	-0.222864	-106.059117
339	0.353883	75000	-0.222381	-106.281497
340	0.352544	75000	-0.221935	-106.503433
341	0.351208	75000	-0.221442	-106.724875
342	0.349875	75000	-0.221021	-106.945896
343	0.348546	75000	-0.220413	-107.166309
344	0.347219	75000	-0.219954	-107.386263
345	0.345895	75000	-0.219474	-107.605737
346	0.344574	75000	-0.218920	-107.824657
347	0.343257	75000	-0.218512	-108.043169
348	0.341942	75000	-0.218024	-108.261194
349	0.340630	75000	-0.217504	-108.478698
350	0.339322	75000	-0.217006	-108.695704
351	0.338016	75000	-0.216583	-108.912287
352	0.336714	75000	-0.216092	-109.128379
353	0.335414	75000	-0.215615	-109.343994
354	0.334118	75000	-0.215152	-109.559146
355	0.332824	75000	-0.214632	-109.773779
356	0.331534	75000	-0.214155	-109.987933
357	0.330246	75000	-0.213697	-110.201630
358	0.328962	75000	-0.213135	-110.414765
359	0.327680	75000	-0.212639	-110.627404
360	0.326401	75000	-0.212239	-110.839642
361	0.325126	75000	-0.211632	-111.051274
362	0.323853	75000	-0.211217	-111.262491
363	0.322584	75000	-0.210715	-111.473206
364	0.321317	75000	-0.210346	-111.683552
365	0.320054	75000	-0.209803	-111.893355
366	0.318793	75000	-0.209414	-112.102769
367	0.317536	75000	-0.208768	-112.311537
368	0.316281	75000	-0.208332	-112.519869
369	0.315030	75000	-0.207806	-112.727675
370	0.313781	75000	-0.207355	-112.935030
371	0.312535	75000	-0.206907	-113.141937
372	0.311293	75000	-0.206473	-113.348410
373	0.310053	75000	-0.205946	-113.554355
374	0.308816	75000	-0.205530	-113.759885
375	0.307582	75000	-0.204915	-113.964800
376	0.306352	75000	-0.204646	-114.169445
377	0.305124	75000	-0.204061	-114.373507
378	0.303899	75000	-0.203638	-114.577145
379	0.302677	75000	-0.203044	-114.780190
380	0.301458	75000	-0.202704	-114.982893
381	0.300242	75000	-0.202165	-115.185058
382	0.299029	75000	-0.201739	-115.386797
383	0.297819	75000	-0.201154	-115.587951
384	0.296611	75000	-0.200746	-115.788697
385	0.295407	75000	-0.200284	-115.988981
386	0.294206	75000	-0.199785	-116.188766
387	0.293007	75000	-0.199476	-116.388242
388	0.291812	75000	-0.198890	-116.587132
389	0.290619	75000	-0.198287	-116.785419
390	0.289430	75000	-0.197953	-116.983372
391	0.288243	75000	-0.197448	-117.180820
392	0.287059	75000	-0.196904	-117.377724
393	0.285879	75000	-0.196539	-117.574262
394	0.284701	75000	-0.196034	-117.770297
395	0.283526	75000	-0.195548	-117.965844
396	0.282354	75000	-0.195022	-118.160867
397	0.281184	75000	-0.194649	-118.355516
398	0.280018	75000	-0.194260	-118.549776
399	0.278855	75000	-0.193762	-118.743538
400	0.277694	75000	-0.193194	-118.936731
401	0.276537	75000	-0.192710	-119.129441
402	0.275382	75000	-0.192250	-119.321691
403	0.274230	75000	-0.191890	-119.513581
404	0.273082	75000	-0.191343	-119.704924
405	0.271936	75000	-0.190901	-119.895825
406	0.270793	75000	-0.190538	-120.086363
407	0.269652	75000	-0.190137	-120.276500
408	0.268515	75000	-0.189600	-120.466100
409	0.267381	75000	-0.189128	-120.655228
410	0.266249	75000	-0.188611	-120.843839
411	0.265121	75000	-0.188202	-121.032041
412	0.263995	75000	-0.187752	-121.219793
413	0.262872	75000	-0.187317	-121.407110
414	0.261752	75000	-0.186855	-121.593965
415	0.260635	75000	-0.186349	-121.780315
416	0.259520	75000	-0.185880	-121.966195
417	0.258409	75000	-0.185341	-122.151537
418	0.257300	75000	-0.184909	-122.336446
419	0.256195	75000	-0.184473	-122.520919
420	0.255092	75000	-0.184017	-122.704936
421	0.253992	75000	-0.183494	-122.888430
422	0.252895	75000	-0.183162	-123.071591
423	0.251800	75000	-0.182685	-123.254277
424	0.250709	75000	-0.182254	-123.436531
425	0.249620	75000	-0.181800	-123.618331
426	0.248534	75000	-0.181192	-123.799523
427	0.247451	75000	-0.180858	-123.980381
428	0.246371	75000	-0.180441	-124.160821
429	0.245294	75000	-0.179935	-124.340756
430	0.244220	75000	-0.179503	-124.520259
431	0.243148	75000	-0.179045	-124.699304
432	0.242079	75000	-0.178438	-124.877742
433	0.241013	75000	-0.178084	-125.055826
434	0.239950	75000	-0.177785	-125.233611
435	0.238890	75000	-0.177225	-125.410836
436	0.237832	75000	-0.176899	-125.587734
437	0.236778	75000	-0.176348	-125.764082
438	0.235726	75000	-0.175864	-125.939946
439	0.234677	75000	-0.175349	-126.115295
440	0.233630	75000	-0.174972	-126.290267
441	0.232587	75000	-0.174547	-126.464814
442	0.231546	75000	-0.174033	-126.638847
443	0.230509	75000	-0.173699	-126.812546
444	0.229473	75000	-0.173105	-126.985650
445	0.228441	75000	-0.172701	-127.158351
446	0.227412	75000	-0.172325	-127.330676
447	0.226385	75000	-0.171866	-127.502543
448	0.225361	75000	-0.171428	-127.673971
449	0.224340	75000	-0.170895	-127.844865
450	0.223322	75000	-0.170529	-128.015395
451	0.222306	75000	-0.170042	-128.185437
452	0.221293	75000	-0.169798	-128.355235
453	0.220283	75000	-0.169170	-128.524405
454	0.219276	75000	-0.168637	-128.693043
455	0.218272	75000	-0.168340	-128.861383
456	0.217270	75000	-0.167918	-129.029300
457	0.216271	75000	-0.167518	-129.196818
458	0.215275	75000	-0.167127	-129.363945
459	0.214281	75000	-0.166612	-129.530557
460	0.213291	75000	-0.166090	-129.696647
461	0.212303	75000	-0.165700	-129.862347
462	0.211318	75000	-0.165186	-130.027533
463	0.210335	75000	-0.164736	-130.192269
464	0.209356	75000	-0.164479	-130.356748
465	0.208379	75000	-0.163949	-130.520697
466	0.207404	75000	-0.163415	-130.684112
467	0.206433	75000	-0.162943	-130.847055
468	0.205464	75000	-0.162666	-131.009721
469	0.204498	75000	-0.162091	-131.171812
470	0.203535	75000	-0.161696	-131.333508
471	0.202575	75000	-0.161370	-131.494878
472	0.201617	75000	-0.160964	-131.655842
473	0.200662	75000	-0.160323	-131.816166
474	0.199709	75000	-0.160006	-131.976171
475	0.198760	75000	-0.159602	-132.135773
476	0.197813	75000	-0.159054	-132.294827
477	0.196869	75000	-0.158734	-132.453561
478	0.195927	75000	-0.158320	-132.611881
479	0.194988	75000	-0.157834	-132.769715
480	0.194052	75000	-0.157440	-132.927156
481	0.193119	75000	-0.156863	-133.084019
482	0.192188	75000	-0.156602	-133.240620
483	0.191260	75000	-0.156162	-133.396783
484	0.190335	75000	-0.155616	-133.552398
485	0.189412	75000	-0.155381	-133.707779
486	0.188492	75000	-0.154996	-133.862774
487	0.187575	75000	-0.154466	-134.017241
488	0.186660	75000	-0.154017	-134.171257
489	0.185749	75000	-0.153489	-134.324746
490	0.184839	75000	-0.153083	-134.477830
491	0.183933	75000	-0.152702	-134.630531
492	0.183029	75000	-0.152388	-134.782920
493	0.182128	75000	-0.151764	-134.934684
494	0.181229	75000	-0.151460	-135.086144
495	0.180333	75000	-0.150953	-135.237097
496	0.179440	75000	-0.150615	-135.387712
497	0.178550	75000	-0.150273	-135.537985
498	0.177662	75000	-0.149830	-135.687814
499	0.176777	75000	-0.149373	-135.837188
500	0.175894	75000	-0.148862	-135.986049
501	0.175014	75000	-0.148632	-136.134681
502	0.174137	75000	-0.148119	-136.282801
503	0.173262	75000	-0.147695	-136.430495
504	0.172390	75000	-0.147149	-136.577644
505	0.171521	75000	-0.146799	-136.724443
506	0.170654	75000	-0.146468	-136.870910
507	0.169790	75000	-0.146087	-137.016997
508	0.168929	75000	-0.145570	-137.162567
509	0.168070	75000	-0.145119	-137.307687
510	0.167214	75000	-0.144767	-137.452453
511	0.166360	75000	-0.144382	-137.596835
512	0.165509	75000	-0.143938	-137.740773
513	0.164661	75000	-0.143531	-137.884303
514	0.163815	75000	-0.143014	-138.027317
515	0.162972	75000	-0.142690	-138.170007
516	0.162132	75000	-0.142276	-138.312283
517	0.161294	75000	-0.141794	-138.454077
518	0.160458	75000	-0.141466	-138.595543
519	0.159626	75000	-0.141035	-138.736577
520	0.158796	75000	-0.140775	-138.877353
521	0.157968	75000	-0.140289	-139.017642
522	0.157143	75000	-0.139822	-139.157464
523	0.156321	75000	-0.139369	-139.296833
524	0.155501	75000	-0.138826	-139.435660
525	0.154684	75000	-0.138587	-139.574247
526	0.153870	75000	-0.138144	-139.712391
527	0.153058	75000	-0.137815	-139.850205
528	0.152248	75000	-0.137357	-139.987563
529	0.151441	75000	-0.136925	-140.124487
530	0.150637	75000	-0.136565	-140.261052
531	0.149835	75000	-0.136160	-140.397212
532	0.149036	75000	-0.135718	-140.532930
533	0.148240	75000	-0.135312	-140.668242
534	0.147446	75000	-0.134867	-140.803109
535	0.146654	75000	-0.134473	-140.937581
536	0.145865	75000	-0.134093	-141.071674
537	0.145079	75000	-0.133693	-141.205368
538	0.144295	75000	-0.133250	-141.338618
539	0.143514	75000	-0.132896	-141.471514
540	0.142735	75000	-0.132588	-141.604102
541	0.141959	75000	-0.132002	-141.736103
542	0.141186	75000	-0.131712	-141.867816
543	0.140415	75000	-0.131214	-141.999030
544	0.139646	75000	-0.130738	-142.129768
545	0.138880	75000	-0.130548	-142.260316
546	0.138116	75000	-0.129999	-142.390315
547	0.137356	75000	-0.129724	-142.520038
548	0.136597	75000	-0.129276	-142.649314
549	0.135841	75000	-0.128923	-142.778237
550	0.135088	75000	-0.128452	-142.906688
551	0.134337	75000	-0.128062	-143.034751
552	0.133588	75000	-0.127788	-143.162539
553	0.132843	75000	-0.127248	-143.289786
554	0.132099	75000	-0.126925	-143.416712
555	0.131358	75000	-0.126561	-143.543273
556	0.130620	75000	-0.126217	-143.669490
557	0.129884	75000	-0.125823	-143.795313
558	0.129151	75000	-0.125475	-143.920787
559	0.128420	75000	-0.124917	-144.045704
560	0.127691	75000	-0.124552	-144.170256
561	0.126965	75000	-0.124331	-144.294587
562	0.126242	75000	-0.123805	-144.418392
563	0.125521	75000	-0.123440	-144.541832
564	0.124802	75000	-0.123123	-144.664955
565	0.124086	75000	-0.122653	-144.787608
566	0.123373	75000	-0.122379	-144.909987
567	0.122662	75000	-0.121805	-145.031792
568	0.121953	75000	-0.121543	-145.153334
569	0.121247	75000	-0.121064	-145.274399
570	0.120543	75000	-0.120796	-145.395195
571	0.119842	75000	-0.120427	-145.515622
572	0.119143	75000	-0.119840	-145.635462
573	0.118447	75000	-0.119621	-145.755083
574	0.117753	75000	-0.119082	-145.874165
575	0.117062	75000	-0.118811	-145.992976
576	0.116373	75000	-0.118500	-146.111476
577	0.115686	75000	-0.118060	-146.229535
578	0.115002	75000	-0.117733	-146.347268
579	0.114320	75000	-0.117450	-146.464718
580	0.113641	75000	-0.116847	-146.581565
581	0.112964	75000	-0.116546	-146.698111
582	0.112290	75000	-0.116120	-146.814231
583	0.111618	75000	-0.115770	-146.930002
584	0.110948	75000	-0.115446	-147.045447
585	0.110281	75000	-0.115028	-147.160475
586	0.109616	75000	-0.114668	-147.275144
587	0.108954	75000	-0.114230	-147.389374
588	0.108294	75000	-0.113825	-147.503199
589	0.107637	75000	-0.113586	-147.616786
590	0.106981	75000	-0.113329	-147.730115
591	0.106329	75000	-0.112641	-147.842755
592	0.105678	75000	-0.112442	-147.955198
593	0.105030	75000	-0.112097	-148.067294
594	0.104385	75000	-0.111666	-148.178960
595	0.103742	75000	-0.111275	-148.290235
596	0.103101	75000	-0.110971	-148.401206
597	0.102463	75000	-0.110577	-148.511782
598	0.101827	75000	-0.110097	-148.621880
599	0.101193	75000	-0.109853	-148.731733
600	0.100562	75000	-0.109631	-148.841364
601	0.099933	75000	-0.109129	-148.950493
602	0.099306	75000	-0.108791	-149.059284
603	0.098682	75000	-0.108430	-149.167714
604	0.098060	75000	-0.108078	-149.275792
605	0.097441	75000	-0.107433	-149.383225
606	0.096824	75000	-0.107326	-149.490551
607	0.096209	75000	-0.106997	-149.597548
608	0.095596	75000	-0.106632	-149.704180
609	0.094986	75000	-0.106185	-149.810365
610	0.094379	75000	-0.105840	-149.916204
611	0.093773	75000	-0.105377	-150.021582
612	0.093170	75000	-0.105152	-150.126733
613	0.092570	75000	-0.104693	-150.231427
614	0.091971	75000	-0.104283	-150.335710
615	0.091375	75000	-0.104089	-150.439799
616	0.090781	75000	-0.103553	-150.543352
617	0.090190	75000	-0.103273	-150.646625
618	0.089601	75000	-0.103096	-150.749721
619	0.089014	75000	-0.102686	-150.852407
620	0.088430	75000	-0.102274	-150.954681
621	0.087848	75000	-0.101786	-151.056467
622	0.087268	75000	-0.101420	-151.157887
623	0.086690	75000	-0.101106	-151.258993
624	0.086115	75000	-0.100830	-151.359823
625	0.085542	75000	-0.100562	-151.460385
626	0.084971	75000	-0.100389	-151.560774
627	0.084403	75000	-0.099810	-151.660585
628	0.083837	75000	-0.099511	-151.760095
629	0.083273	75000	-0.098945	-151.859041
630	0.082712	75000	-0.098568	-151.957609
631	0.082152	75000	-0.098489	-152.056097
632	0.081595	75000	-0.098012	-152.154110
633	0.081041	75000	-0.097690	-152.251800
634	0.080488	75000	-0.097570	-152.349370
635	0.079938	75000	-0.096911	-152.446281
636	0.079390	75000	-0.096622	-152.542903
637	0.078845	75000	-0.096280	-152.639182
638	0.078301	75000	-0.095832	-152.735014
639	0.077760	75000	-0.095558	-152.830573
640	0.077221	75000	-0.095363	-152.925936
641	0.076684	75000	-0.094978	-153.020913
642	0.076150	75000	-0.094528	-153.115441
643	0.075618	75000	-0.094174	-153.209615
644	0.075088	75000	-0.093856	-153.303471
645	0.074560	75000	-0.093594	-153.397066
646	0.074035	75000	-0.093097	-153.490163
647	0.073512	75000	-0.093002	-153.583165
648	0.072991	75000	-0.092551	-153.675717
649	0.072472	75000	-0.092230	-153.767946
650	0.071955	75000	-0.091950	-153.859896
651	0.071441	75000	-0.091422	-153.951319
652	0.070929	75000	-0.091210	-154.042529
653	0.070419	75000	-0.090997	-154.133526
654	0.069911	75000	-0.090691	-154.224217
655	0.069406	75000	-0.090267	-154.314484
656	0.068903	75000	-0.089987	-154.404471
657	0.068401	75000	-0.089740	-154.494212
658	0.067903	75000	-0.089381	-154.583592
659	0.067406	75000	-0.088978	-154.672570
660	0.066911	75000	-0.088712	-154.761282
661	0.066419	75000	-0.088301	-154.849583
662	0.065929	75000	-0.088058	-154.937641
663	0.065441	75000	-0.087753	-155.025394
664	0.064955	75000	-0.087162	-155.112556
665	0.064471	75000	-0.087065	-155.199621
666	0.063990	75000	-0.086742	-155.286364
667	0.063510	75000	-0.086452	-155.372816
668	0.063033	75000	-0.085983	-155.458799
669	0.062558	75000	-0.085704	-155.544503
670	0.062085	75000	-0.085312	-155.629815
671	0.061615	75000	-0.084942	-155.714756
672	0.061146	75000	-0.084733	-155.799489
673	0.060680	75000	-0.084609	-155.884098
674	0.060216	75000	-0.084354	-155.968452
675	0.059753	75000	-0.083522	-156.051974
676	0.059293	75000	-0.083661	-156.135635
677	0.058836	75000	-0.083185	-156.218820
678	0.058380	75000	-0.083112	-156.301932
679	0.057926	75000	-0.082390	-156.384322
680	0.057475	75000	-0.082384	-156.466706
681	0.057025	75000	-0.081791	-156.548497
682	0.056578	75000	-0.081564	-156.630061
683	0.056133	75000	-0.081334	-156.711396
684	0.055690	75000	-0.081158	-156.792554
685	0.055249	75000	-0.080765	-156.873320
686	0.054810	75000	-0.080449	-156.953769
687	0.054373	75000	-0.080009	-157.033778
688	0.053939	75000	-0.079774	-157.113552
689	0.053506	75000	-0.079668	-157.193220
690	0.053076	75000	-0.079221	-157.272441
691	0.052647	75000	-0.078904	-157.351345
692	0.052221	75000	-0.078586	-157.429931
693	0.051797	75000	-0.078146	-157.508077
694	0.051375	75000	-0.077991	-157.586068
695	0.050955	75000	-0.077779	-157.663847
696	0.050537	75000	-0.077318	-157.741165
697	0.050121	75000	-0.077121	-157.818285
698	0.049707	75000	-0.076888	-157.895174
699	0.049295	75000	-0.076512	-157.971686
700	0.048885	75000	-0.076228	-158.047913
701	0.048478	75000	-0.075872	-158.123785
702	0.048072	75000	-0.075703	-158.199488
703	0.047668	75000	-0.075063	-158.274551
704	0.047267	75000	-0.075321	-158.349872
705	0.046867	75000	-0.074956	-158.424828
706	0.046470	75000	-0.074493	-158.499321
707	0.046074	75000	-0.074327	-158.573647
708	0.045681	75000	-0.074083	-158.647731
709	0.045289	75000	-0.073630	-158.721361
710	0.044900	75000	-0.073267	-158.794628
711	0.044512	75000	-0.073008	-158.867635
712	0.044127	75000	-0.072847	-158.940483
713	0.043744	75000	-0.072778	-159.013261
714	0.043362	75000	-0.072184	-159.085446
715	0.042983	75000	-0.072037	-159.157483
716	0.042606	75000	-0.071776	-159.229259
717	0.042230	75000	-0.071570	-159.300829
718	0.041857	75000	-0.071069	-159.371898
719	0.041485	75000	-0.070885	-159.442783
720	0.041116	75000	-0.070592	-159.513375
721	0.040749	75000	-0.070346	-159.583721
722	0.040383	75000	-0.070183	-159.653904
723	0.040020	75000	-0.070069	-159.723974
724	0.039658	75000	-0.069588	-159.793562
725	0.039299	75000	-0.069075	-159.862637
726	0.038941	75000	-0.068947	-159.931584
727	0.038585	75000	-0.068730	-160.000314
728	0.038232	75000	-0.068512	-160.068826
729	0.037880	75000	-0.068730	-160.137556
730	0.037530	75000	-0.068128	-160.205684
731	0.037182	75000	-0.067609	-160.273293
732	0.036836	75000	-0.067521	-160.340813
733	0.036493	75000	-0.067135	-160.407949
734	0.036151	75000	-0.066848	-160.474797
735	0.035810	75000	-0.066965	-160.541762
736	0.035472	75000	-0.066648	-160.608410
737	0.035136	75000	-0.066239	-160.674649
738	0.034802	75000	-0.066114	-160.740763
739	0.034469	75000	-0.065771	-160.806534
740	0.034139	75000	-0.065330	-160.871865
741	0.033810	75000	-0.065086	-160.936950
742	0.033484	75000	-0.065186	-161.002136
743	0.033159	75000	-0.064836	-161.066972
744	0.032836	75000	-0.064427	-161.131400
745	0.032515	75000	-0.064489	-161.195889
746	0.032196	75000	-0.064076	-161.259965
747	0.031879	75000	-0.063682	-161.323647
748	0.031563	75000	-0.063393	-161.387040
749	0.031250	75000	-0.063353	-161.450393
750	0.030938	75000	-0.063498	-161.513891
751	0.030629	75000	-0.062550	-161.576441
752	0.030321	75000	-0.062832	-161.639272
753	0.030015	75000	-0.062217	-161.701489
754	0.029711	75000	-0.062194	-161.763684
755	0.029409	75000	-0.061806	-161.825489
756	0.029108	75000	-0.061757	-161.887246
757	0.028810	75000	-0.061867	-161.949113
758	0.028513	75000	-0.061219	-162.010331
759	0.028218	75000	-0.061055	-162.071386
760	0.027925	75000	-0.060741	-162.132127
761	0.027634	75000	-0.060889	-162.193016
762	0.027345	75000	-0.060619	-162.253635
763	0.027057	75000	-0.060478	-162.314113
764	0.026771	75000	-0.060257	-162.374370
765	0.026487	75000	-0.059919	-162.434289
766	0.026205	75000	-0.059744	-162.494033
767	0.025925	75000	-0.059583	-162.553616
768	0.025647	75000	-0.059352	-162.612968
769	0.025370	75000	-0.059071	-162.672039
770	0.025095	75000	-0.058620	-162.730660
771	0.024822	75000	-0.058824	-162.789484
772	0.024551	75000	-0.058640	-162.848124
773	0.024281	75000	-0.058574	-162.906698
774	0.024014	75000	-0.058466	-162.965165
775	0.023748	75000	-0.057790	-163.022954
776	0.023483	75000	-0.058134	-163.081088
777	0.023221	75000	-0.057422	-163.138510
778	0.022960	75000	-0.057301	-163.195811
779	0.022702	75000	-0.057325	-163.253136
780	0.022445	75000	-0.057317	-163.310453
781	0.022189	75000	-0.057582	-163.368035
782	0.021936	75000	-0.057034	-163.425069
783	0.021684	75000	-0.057102	-163.482171
784	0.021434	75000	-0.056587	-163.538758
785	0.021185	75000	-0.056858	-163.595616
786	0.020939	75000	-0.056335	-163.651951
787	0.020694	75000	-0.056417	-163.708367
788	0.020451	75000	-0.056426	-163.764793
789	0.020209	75000	-0.055987	-163.820780
790	0.019969	75000	-0.055653	-163.876434
791	0.019731	75000	-0.055358	-163.931792
792	0.019495	75000	-0.055188	-163.986979
793	0.019261	75000	-0.055293	-164.042273
794	0.019028	75000	-0.055704	-164.097977
795	0.018796	75000	-0.055737	-164.153715
796	0.018567	75000	-0.054915	-164.208629
797	0.018339	75000	-0.055404	-164.264033
798	0.018113	75000	-0.054895	-164.318928
799	0.017889	75000	-0.055379	-164.374306
800	0.017666	75000	-0.055119	-164.429425
801	0.017445	75000	-0.054699	-164.484124
802	0.017225	75000	-0.054267	-164.538391
803	0.017007	75000	-0.054811	-164.593202
804	0.016791	75000	-0.055013	-164.648214
805	0.016577	75000	-0.054673	-164.702888
806	0.016364	75000	-0.054392	-164.757280
807	0.016153	75000	-0.054734	-164.812014
808	0.015943	75000	-0.054431	-164.866445
809	0.015736	75000	-0.054971	-164.921416
810	0.015529	75000	-0.054465	-164.975881
811	0.015325	75000	-0.054717	-165.030598
812	0.015122	75000	-0.054567	-165.085165
813	0.014920	75000	-0.054356	-165.139521
814	0.014721	75000	-0.054839	-165.194360
815	0.014523	75000	-0.053843	-165.248204
816	0.014326	75000	-0.054501	-165.302705
817	0.014131	75000	-0.054578	-165.357283
818	0.013938	75000	-0.055340	-165.412624
819	0.013746	75000	-0.053956	-165.466579
820	0.013556	75000	-0.054826	-165.521406
821	0.013367	75000	-0.055068	-165.576474
822	0.013181	75000	-0.054357	-165.630831
823	0.012995	75000	-0.054496	-165.685327
824	0.012811	75000	-0.054873	-165.740200
825	0.012629	75000	-0.054290	-165.794490
826	0.012448	75000	-0.056220	-165.850709
827	0.012269	75000	-0.055913	-165.906622
828	0.012092	75000	-0.055913	-165.962535
829	0.011916	75000	-0.055446	-166.017982
830	0.011741	75000	-0.057296	-166.075278
831	0.011568	75000	-0.056902	-166.132180
832	0.011397	75000	-0.056653	-166.188833
833	0.011227	75000	-0.057388	-166.246221
834	0.011059	75000	-0.056986	-166.303208
835	0.010892	75000	-0.057219	-166.360426
836	0.010727	75000	-0.057919	-166.418346
837	0.010563	75000	-0.058842	-166.477187
838	0.010401	75000	-0.057663	-166.534851
839	0.010240	75000	-0.060212	-166.595063
840	0.010081	75000	-0.060499	-166.655561
841	0.009923	75000	-0.059346	-166.714908
842	0.009767	75000	-0.060729	-166.775637
843	0.009612	75000	-0.060688	-166.836325
844	0.009459	75000	-0.061386	-166.897710
845	0.009307	75000	-0.062367	-166.960078
846	0.009156	75000	-0.063075	-167.023153
847	0.009008	75000	-0.063812	-167.086966
848	0.008860	75000	-0.063106	-167.150072
849	0.008714	75000	-0.062520	-167.212592
850	0.008570	75000	-0.065944	-167.278536
851	0.008427	75000	-0.065635	-167.344171
852	0.008285	75000	-0.067913	-167.412084
853	0.008145	75000	-0.067095	-167.479179
854	0.008006	75000	-0.068611	-167.547790
855	0.007869	75000	-0.069163	-167.616954
856	0.007733	75000	-0.069451	-167.686405
857	0.007598	75000	-0.069598	-167.756003
858	0.007465	75000	-0.070927	-167.826930
859	0.007334	75000	-0.072463	-167.899393
860	0.007203	75000	-0.073146	-167.972539
861	0.007075	75000	-0.077395	-168.049934
862	0.006947	75000	-0.075543	-168.125477
863	0.006821	75000	-0.076602	-168.202079
864	0.006696	75000	-0.079159	-168.281239
865	0.006573	75000	-0.079667	-168.360906
866	0.006451	75000	-0.079698	-168.440604
867	0.006330	75000	-0.081346	-168.521950
868	0.006211	75000	-0.080915	-168.602865
869	0.006093	75000	-0.083899	-168.686764
870	0.005977	75000	-0.085569	-168.772333
871	0.005862	75000	-0.085004	-168.857337
872	0.005748	75000	-0.085063	-168.942399
873	0.005635	75000	-0.088199	-169.030598
874	0.005524	75000	-0.089530	-169.120129
875	0.005414	75000	-0.091433	-169.211562
876	0.005306	75000	-0.091295	-169.302857
877	0.005199	75000	-0.092834	-169.395691
878	0.005093	75000	-0.092474	-169.488165
879	0.004988	75000	-0.094563	-169.582729
880	0.004885	75000	-0.096145	-169.678874
881	0.004783	75000	-0.096257	-169.775130
882	0.004682	75000	-0.096147	-169.871278
883	0.004583	75000	-0.096902	-169.968179
884	0.004485	75000	-0.098541	-170.066721
885	0.004388	75000	-0.098505	-170.165226
886	0.004292	75000	-0.098944	-170.264170
887	0.004198	75000	-0.099210	-170.363380
888	0.004105	75000	-0.099383	-170.462763
889	0.004013	75000	-0.102654	-170.565416
890	0.003923	75000	-0.102112	-170.667528
891	0.003833	75000	-0.101996	-170.769525
892	0.003745	75000	-0.102802	-170.872326
893	0.003658	75000	-0.102745	-170.975071
894	0.003573	75000	-0.102135	-171.077206
895	0.003488	75000	-0.103660	-171.180866
896	0.003405	75000	-0.103128	-171.283994
897	0.003323	75000	-0.104116	-171.388109
898	0.003242	75000	-0.103844	-171.491953
899	0.003162	75000	-0.102821	-171.594774
900	0.003084	75000	-0.102822	-171.697596
901	0.003007	75000	-0.102616	-171.800212
902	0.002930	75000	-0.100979	-171.901191
903	0.002855	75000	-0.101589	-172.002781
904	0.002782	75000	-0.100781	-172.103562
905	0.002709	75000	-0.099591	-172.203153
906	0.002638	75000	-0.101379	-172.304532
907	0.002567	75000	-0.099113	-172.403645
908	0.002498	75000	-0.099816	-172.503461
909	0.002430	75000	-0.098613	-172.602074
910	0.002363	75000	-0.097058	-172.699132
911	0.002297	75000	-0.097629	-172.796761
912	0.002233	75000	-0.096293	-172.893053
913	0.002169	75000	-0.094707	-172.987760
914	0.002106	75000	-0.092976	-173.080736
915	0.002045	75000	-0.093462	-173.174198
916	0.001985	75000	-0.093216	-173.267414
917	0.001925	75000	-0.091362	-173.358776
918	0.001867	75000	-0.090737	-173.449513
919	0.001810	75000	-0.089582	-173.539095
920	0.001754	75000	-0.087828	-173.626924
921	0.001699	75000	-0.086358	-173.713281
922	0.001645	75000	-0.086324	-173.799605
923	0.001592	75000	-0.084688	-173.884294
924	0.001540	75000	-0.084067	-173.968361
925	0.001490	75000	-0.082104	-174.050465
926	0.001440	75000	-0.080951	-174.131416
927	0.001391	75000	-0.079946	-174.211362
928	0.001343	75000	-0.078555	-174.289917
929	0.001296	75000	-0.077457	-174.367374
930	0.001251	75000	-0.075966	-174.443340
931	0.001206	75000	-0.074303	-174.517643
932	0.001162	75000	-0.073503	-174.591146
933	0.001119	75000	-0.071561	-174.662707
934	0.001077	75000	-0.070816	-174.733524
935	0.001036	75000	-0.068885	-174.802409
936	0.000996	75000	-0.067616	-174.870025
937	0.000957	75000	-0.066175	-174.936199
938	0.000919	75000	-0.064977	-175.001176
939	0.000882	75000	-0.063443	-175.064619
940	0.000846	75000	-0.062140	-175.126758
941	0.000810	75000	-0.060634	-175.187392
942	0.000776	75000	-0.059690	-175.247082
943	0.000742	75000	-0.057829	-175.304911
944	0.000709	75000	-0.056506	-175.361417
945	0.000678	75000	-0.055239	-175.416657
946	0.000647	75000	-0.053565	-175.470222
947	0.000617	75000	-0.052726	-175.522948
948	0.000587	75000	-0.051428	-175.574376
949	0.000559	75000	-0.049693	-175.624069
950	0.000531	75000	-0.048541	-175.672610
951	0.000505	75000	-0.047115	-175.719725
952	0.000479	75000	-0.045351	-175.765076
953	0.000454	75000	-0.044405	-175.809480
954	0.000430	75000	-0.042709	-175.852189
955	0.000406	75000	-0.041498	-175.893687
956	0.000383	75000	-0.040372	-175.934059
957	0.000362	75000	-0.038966	-175.973025
958	0.000340	75000	-0.037546	-176.010571
959	0.000320	75000	-0.036224	-176.046796
960	0.000300	75000	-0.034978	-176.081774
961	0.000281	75000	-0.033550	-176.115324
962	0.000263	75000	-0.032390	-176.147713
963	0.000246	75000	-0.031166	-176.178879
964	0.000229	75000	-0.029902	-176.208781
965	0.000213	75000	-0.028685	-176.237466
966	0.000198	75000	-0.027364	-176.264829
967	0.000183	75000	-0.026330	-176.291160
968	0.000169	75000	-0.025064	-176.316224
969	0.000156	75000	-0.023973	-176.340197
970	0.000143	75000	-0.022645	-176.362842
971	0.000131	75000	-0.021664	-176.384507
972	0.000120	75000	-0.020592	-176.405098
973	0.000109	75000	-0.019469	-176.424567
974	0.000099	75000	-0.018396	-176.442963
975	0.000089	75000	-0.017260	-176.460223
976	0.000080	75000	-0.016253	-176.476476
977	0.000072	75000	-0.015321	-176.491798
978	0.000064	75000	-0.014265	-176.506063
979	0.000057	75000	-0.013282	-176.519345
980	0.000050	75000	-0.012331	-176.531676
981	0.000043	75000	-0.011373	-176.543049
982	0.000038	75000	-0.010465	-176.553513
983	0.000032	75000	-0.009619	-176.563132
984	0.000028	75000	-0.008731	-176.571864
985	0.000023	75000	-0.007923	-176.579786
986	0.000019	75000	-0.007104	-176.586890
987	0.000016	75000	-0.006338	-176.593229
988	0.000013	75000	-0.005586	-176.598815
989	0.000010	75000	-0.004885	-176.603700
990	0.000008	75000	-0.004195	-176.607895
991	0.000006	75000	-0.003555	-176.611450
992	0.000004	75000	-0.002943	-176.614393
993	0.000003	75000	-0.002382	-176.616775
994	0.000002	75000	-0.001848	-176.618623
995	0.000001	75000	-0.001370	-176.619993
996	0.000000	75000	-0.000942	-176.620935
997	0.000000	75000	-0.000569	-176.621504
998	0.000000	75000	-0.000267	-176.621771
999	0.000000	75000	-0.000057	-176.621828
Log marginal likelihood:	-176.621828
