Steppingstone sampler:
        No Stones:                  1000
        Start It:                   10000001
        It Per Stone:               100000
        Sample Freq:                1
        Dist:                       Beta(0.400000,1.000000)
Stone No	Power	N	Stone MLh	Running MLh
0	0.997502	75000	-0.272373	-0.272373
1	0.995007	75000	-0.272050	-0.544422
2	0.992517	75000	-0.271541	-0.815963
3	0.990030	75000	-0.271188	-1.087151
4	0.987547	75000	-0.270804	-1.357956
5	0.985067	75000	-0.270296	-1.628251
6	0.982592	75000	-0.269922	-1.898173
7	0.980120	75000	-0.269501	-2.167674
8	0.977652	75000	-0.269164	-2.436838
9	0.975187	75000	-0.268759	-2.705597
10	0.972726	75000	-0.268334	-2.973932
11	0.970269	75000	-0.267935	-3.241867
12	0.967816	75000	-0.267535	-3.509402
13	0.965367	75000	-0.267146	-3.776548
14	0.962921	75000	-0.266713	-4.043261
15	0.960479	75000	-0.266351	-4.309611
16	0.958040	75000	-0.265936	-4.575547
17	0.955606	75000	-0.265507	-4.841054
18	0.953175	75000	-0.265211	-5.106265
19	0.950747	75000	-0.264654	-5.370919
20	0.948324	75000	-0.264433	-5.635352
21	0.945904	75000	-0.264019	-5.899371
22	0.943488	75000	-0.263597	-6.162968
23	0.941076	75000	-0.263130	-6.426098
24	0.938667	75000	-0.262747	-6.688845
25	0.936262	75000	-0.262394	-6.951239
26	0.933861	75000	-0.261929	-7.213168
27	0.931463	75000	-0.261633	-7.474800
28	0.929069	75000	-0.261183	-7.735984
29	0.926679	75000	-0.260820	-7.996804
30	0.924293	75000	-0.260356	-8.257160
31	0.921910	75000	-0.259986	-8.517146
32	0.919531	75000	-0.259627	-8.776773
33	0.917155	75000	-0.259185	-9.035958
34	0.914783	75000	-0.258784	-9.294743
35	0.912415	75000	-0.258403	-9.553146
36	0.910051	75000	-0.258028	-9.811173
37	0.907690	75000	-0.257663	-10.068836
38	0.905333	75000	-0.257206	-10.326042
39	0.902980	75000	-0.256813	-10.582855
40	0.900630	75000	-0.256374	-10.839228
41	0.898284	75000	-0.256116	-11.095345
42	0.895942	75000	-0.255653	-11.350998
43	0.893603	75000	-0.255213	-11.606210
44	0.891268	75000	-0.254860	-11.861071
45	0.888937	75000	-0.254489	-12.115559
46	0.886609	75000	-0.254101	-12.369660
47	0.884285	75000	-0.253656	-12.623316
48	0.881965	75000	-0.253268	-12.876583
49	0.879648	75000	-0.252927	-13.129511
50	0.877335	75000	-0.252450	-13.381961
51	0.875026	75000	-0.252087	-13.634048
52	0.872720	75000	-0.251671	-13.885720
53	0.870418	75000	-0.251316	-14.137035
54	0.868120	75000	-0.250998	-14.388033
55	0.865825	75000	-0.250539	-14.638572
56	0.863534	75000	-0.250205	-14.888777
57	0.861246	75000	-0.249796	-15.138573
58	0.858962	75000	-0.249424	-15.387996
59	0.856682	75000	-0.248996	-15.636992
60	0.854405	75000	-0.248593	-15.885586
61	0.852132	75000	-0.248278	-16.133864
62	0.849863	75000	-0.247808	-16.381672
63	0.847597	75000	-0.247425	-16.629097
64	0.845335	75000	-0.247030	-16.876127
65	0.843077	75000	-0.246721	-17.122848
66	0.840822	75000	-0.246283	-17.369131
67	0.838571	75000	-0.245870	-17.615001
68	0.836323	75000	-0.245495	-17.860496
69	0.834079	75000	-0.245104	-18.105600
70	0.831839	75000	-0.244709	-18.350309
71	0.829602	75000	-0.244284	-18.594593
72	0.827369	75000	-0.243970	-18.838563
73	0.825140	75000	-0.243566	-19.082129
74	0.822914	75000	-0.243140	-19.325269
75	0.820691	75000	-0.242800	-19.568069
76	0.818473	75000	-0.242421	-19.810490
77	0.816258	75000	-0.242007	-20.052497
78	0.814046	75000	-0.241557	-20.294054
79	0.811838	75000	-0.241281	-20.535336
80	0.809634	75000	-0.240871	-20.776206
81	0.807433	75000	-0.240505	-21.016711
82	0.805236	75000	-0.240109	-21.256820
83	0.803043	75000	-0.239737	-21.496557
84	0.800853	75000	-0.239275	-21.735832
85	0.798667	75000	-0.238878	-21.974710
86	0.796484	75000	-0.238592	-22.213302
87	0.794305	75000	-0.238120	-22.451422
88	0.792129	75000	-0.237774	-22.689197
89	0.789957	75000	-0.237378	-22.926575
90	0.787789	75000	-0.236945	-23.163520
91	0.785624	75000	-0.236692	-23.400212
92	0.783463	75000	-0.236270	-23.636483
93	0.781305	75000	-0.235907	-23.872390
94	0.779151	75000	-0.235488	-24.107877
95	0.777000	75000	-0.235108	-24.342985
96	0.774853	75000	-0.234725	-24.577711
97	0.772710	75000	-0.234293	-24.812003
98	0.770570	75000	-0.233959	-25.045963
99	0.768433	75000	-0.233572	-25.279535
100	0.766301	75000	-0.233197	-25.512732
101	0.764172	75000	-0.232784	-25.745516
102	0.762046	75000	-0.232451	-25.977966
103	0.759924	75000	-0.232076	-26.210042
104	0.757805	75000	-0.231692	-26.441734
105	0.755690	75000	-0.231306	-26.673041
106	0.753579	75000	-0.230873	-26.903914
107	0.751471	75000	-0.230597	-27.134511
108	0.749366	75000	-0.230090	-27.364601
109	0.747266	75000	-0.229705	-27.594306
110	0.745168	75000	-0.229397	-27.823703
111	0.743075	75000	-0.228999	-28.052702
112	0.740984	75000	-0.228612	-28.281314
113	0.738898	75000	-0.228211	-28.509525
114	0.736815	75000	-0.227926	-28.737451
115	0.734735	75000	-0.227516	-28.964966
116	0.732659	75000	-0.227071	-29.192037
117	0.730586	75000	-0.226757	-29.418794
118	0.728517	75000	-0.226348	-29.645141
119	0.726452	75000	-0.225949	-29.871090
120	0.724390	75000	-0.225677	-30.096767
121	0.722331	75000	-0.225275	-30.322042
122	0.720276	75000	-0.224788	-30.546830
123	0.718225	75000	-0.224518	-30.771348
124	0.716177	75000	-0.224114	-30.995462
125	0.714132	75000	-0.223761	-31.219223
126	0.712091	75000	-0.223350	-31.442574
127	0.710054	75000	-0.222982	-31.665556
128	0.708020	75000	-0.222524	-31.888080
129	0.705989	75000	-0.222294	-32.110374
130	0.703962	75000	-0.221872	-32.332246
131	0.701939	75000	-0.221474	-32.553720
132	0.699919	75000	-0.221089	-32.774809
133	0.697902	75000	-0.220699	-32.995507
134	0.695889	75000	-0.220294	-33.215801
135	0.693880	75000	-0.220019	-33.435820
136	0.691874	75000	-0.219592	-33.655412
137	0.689871	75000	-0.219254	-33.874666
138	0.687872	75000	-0.218833	-34.093499
139	0.685877	75000	-0.218492	-34.311991
140	0.683885	75000	-0.218176	-34.530167
141	0.681896	75000	-0.217736	-34.747903
142	0.679911	75000	-0.217406	-34.965310
143	0.677929	75000	-0.217042	-35.182352
144	0.675951	75000	-0.216649	-35.399000
145	0.673976	75000	-0.216279	-35.615280
146	0.672005	75000	-0.215978	-35.831258
147	0.670037	75000	-0.215503	-36.046761
148	0.668073	75000	-0.215185	-36.261945
149	0.666112	75000	-0.214733	-36.476678
150	0.664155	75000	-0.214347	-36.691025
151	0.662201	75000	-0.214056	-36.905081
152	0.660250	75000	-0.213660	-37.118741
153	0.658303	75000	-0.213321	-37.332062
154	0.656359	75000	-0.212894	-37.544957
155	0.654419	75000	-0.212585	-37.757541
156	0.652483	75000	-0.212238	-37.969779
157	0.650549	75000	-0.211742	-38.181521
158	0.648619	75000	-0.211443	-38.392964
159	0.646693	75000	-0.211106	-38.604070
160	0.644770	75000	-0.210718	-38.814788
161	0.642851	75000	-0.210373	-39.025161
162	0.640934	75000	-0.209996	-39.235157
163	0.639022	75000	-0.209648	-39.444804
164	0.637113	75000	-0.209203	-39.654007
165	0.635207	75000	-0.208873	-39.862880
166	0.633304	75000	-0.208502	-40.071382
167	0.631405	75000	-0.208214	-40.279596
168	0.629510	75000	-0.207813	-40.487409
169	0.627618	75000	-0.207376	-40.694785
170	0.625729	75000	-0.207099	-40.901884
171	0.623844	75000	-0.206675	-41.108558
172	0.621962	75000	-0.206366	-41.314924
173	0.620083	75000	-0.206015	-41.520939
174	0.618208	75000	-0.205660	-41.726599
175	0.616337	75000	-0.205240	-41.931839
176	0.614468	75000	-0.204834	-42.136673
177	0.612604	75000	-0.204450	-42.341123
178	0.610742	75000	-0.204169	-42.545292
179	0.608884	75000	-0.203783	-42.749075
180	0.607029	75000	-0.203471	-42.952546
181	0.605178	75000	-0.203009	-43.155555
182	0.603330	75000	-0.202673	-43.358227
183	0.601486	75000	-0.202327	-43.560554
184	0.599645	75000	-0.201987	-43.762541
185	0.597807	75000	-0.201560	-43.964101
186	0.595973	75000	-0.201263	-44.165364
187	0.594142	75000	-0.200899	-44.366263
188	0.592314	75000	-0.200514	-44.566776
189	0.590490	75000	-0.200214	-44.766991
190	0.588669	75000	-0.199875	-44.966866
191	0.586852	75000	-0.199454	-45.166320
192	0.585038	75000	-0.199060	-45.365380
193	0.583227	75000	-0.198782	-45.564162
194	0.581420	75000	-0.198403	-45.762565
195	0.579616	75000	-0.197972	-45.960537
196	0.577815	75000	-0.197612	-46.158149
197	0.576018	75000	-0.197278	-46.355427
198	0.574224	75000	-0.196933	-46.552359
199	0.572433	75000	-0.196575	-46.748934
200	0.570646	75000	-0.196167	-46.945101
201	0.568862	75000	-0.195878	-47.140979
202	0.567082	75000	-0.195508	-47.336486
203	0.565305	75000	-0.195134	-47.531620
204	0.563531	75000	-0.194763	-47.726383
205	0.561761	75000	-0.194469	-47.920852
206	0.559993	75000	-0.194122	-48.114974
207	0.558230	75000	-0.193776	-48.308750
208	0.556469	75000	-0.193303	-48.502053
209	0.554712	75000	-0.193036	-48.695089
210	0.552958	75000	-0.192666	-48.887755
211	0.551208	75000	-0.192313	-49.080068
212	0.549461	75000	-0.191939	-49.272007
213	0.547717	75000	-0.191558	-49.463565
214	0.545977	75000	-0.191226	-49.654791
215	0.544240	75000	-0.190915	-49.845706
216	0.542506	75000	-0.190544	-50.036250
217	0.540775	75000	-0.190176	-50.226427
218	0.539048	75000	-0.189800	-50.416226
219	0.537324	75000	-0.189498	-50.605724
220	0.535604	75000	-0.189076	-50.794800
221	0.533887	75000	-0.188838	-50.983637
222	0.532173	75000	-0.188412	-51.172049
223	0.530462	75000	-0.188086	-51.360134
224	0.528755	75000	-0.187721	-51.547855
225	0.527051	75000	-0.187353	-51.735208
226	0.525350	75000	-0.186950	-51.922158
227	0.523653	75000	-0.186629	-52.108787
228	0.521958	75000	-0.186255	-52.295042
229	0.520268	75000	-0.185984	-52.481026
230	0.518580	75000	-0.185602	-52.666628
231	0.516896	75000	-0.185208	-52.851836
232	0.515215	75000	-0.184832	-53.036669
233	0.513537	75000	-0.184463	-53.221132
234	0.511863	75000	-0.184168	-53.405300
235	0.510192	75000	-0.183844	-53.589144
236	0.508524	75000	-0.183507	-53.772651
237	0.506859	75000	-0.183062	-53.955713
238	0.505198	75000	-0.182831	-54.138544
239	0.503540	75000	-0.182420	-54.320964
240	0.501885	75000	-0.182183	-54.503147
241	0.500234	75000	-0.181753	-54.684900
242	0.498586	75000	-0.181404	-54.866304
243	0.496941	75000	-0.180997	-55.047301
244	0.495299	75000	-0.180704	-55.228005
245	0.493660	75000	-0.180407	-55.408412
246	0.492025	75000	-0.179901	-55.588313
247	0.490393	75000	-0.179673	-55.767986
248	0.488765	75000	-0.179303	-55.947289
249	0.487139	75000	-0.178930	-56.126219
250	0.485517	75000	-0.178622	-56.304841
251	0.483898	75000	-0.178248	-56.483089
252	0.482283	75000	-0.177882	-56.660971
253	0.480670	75000	-0.177608	-56.838579
254	0.479061	75000	-0.177229	-57.015808
255	0.477455	75000	-0.176847	-57.192655
256	0.475852	75000	-0.176477	-57.369132
257	0.474253	75000	-0.176121	-57.545253
258	0.472656	75000	-0.175838	-57.721091
259	0.471063	75000	-0.175512	-57.896603
260	0.469474	75000	-0.175113	-58.071716
261	0.467887	75000	-0.174825	-58.246542
262	0.466304	75000	-0.174412	-58.420954
263	0.464723	75000	-0.174057	-58.595011
264	0.463146	75000	-0.173811	-58.768822
265	0.461573	75000	-0.173483	-58.942305
266	0.460002	75000	-0.173178	-59.115483
267	0.458435	75000	-0.172746	-59.288228
268	0.456871	75000	-0.172478	-59.460706
269	0.455310	75000	-0.172132	-59.632838
270	0.453752	75000	-0.171846	-59.804684
271	0.452198	75000	-0.171454	-59.976138
272	0.450647	75000	-0.171057	-60.147195
273	0.449098	75000	-0.170717	-60.317911
274	0.447554	75000	-0.170353	-60.488264
275	0.446012	75000	-0.170008	-60.658272
276	0.444473	75000	-0.169719	-60.827991
277	0.442938	75000	-0.169469	-60.997460
278	0.441406	75000	-0.168920	-61.166380
279	0.439877	75000	-0.168701	-61.335081
280	0.438351	75000	-0.168368	-61.503449
281	0.436829	75000	-0.167989	-61.671438
282	0.435309	75000	-0.167691	-61.839129
283	0.433793	75000	-0.167415	-62.006544
284	0.432280	75000	-0.167000	-62.173544
285	0.430770	75000	-0.166689	-62.340233
286	0.429263	75000	-0.166348	-62.506581
287	0.427760	75000	-0.165949	-62.672529
288	0.426259	75000	-0.165617	-62.838147
289	0.424762	75000	-0.165428	-63.003575
290	0.423268	75000	-0.164898	-63.168472
291	0.421777	75000	-0.164657	-63.333129
292	0.420289	75000	-0.164360	-63.497488
293	0.418805	75000	-0.164040	-63.661529
294	0.417323	75000	-0.163596	-63.825125
295	0.415845	75000	-0.163278	-63.988403
296	0.414370	75000	-0.162923	-64.151326
297	0.412898	75000	-0.162586	-64.313912
298	0.411429	75000	-0.162206	-64.476118
299	0.409963	75000	-0.161991	-64.638109
300	0.408501	75000	-0.161628	-64.799737
301	0.407041	75000	-0.161267	-64.961004
302	0.405585	75000	-0.160980	-65.121984
303	0.404132	75000	-0.160589	-65.282573
304	0.402682	75000	-0.160304	-65.442877
305	0.401235	75000	-0.159984	-65.602861
306	0.399791	75000	-0.159558	-65.762420
307	0.398350	75000	-0.159293	-65.921712
308	0.396913	75000	-0.158865	-66.080577
309	0.395478	75000	-0.158616	-66.239193
310	0.394047	75000	-0.158226	-66.397419
311	0.392619	75000	-0.157965	-66.555384
312	0.391194	75000	-0.157672	-66.713056
313	0.389772	75000	-0.157317	-66.870373
314	0.388353	75000	-0.156960	-67.027333
315	0.386937	75000	-0.156711	-67.184044
316	0.385524	75000	-0.156400	-67.340444
317	0.384115	75000	-0.155974	-67.496418
318	0.382708	75000	-0.155628	-67.652046
319	0.381305	75000	-0.155320	-67.807366
320	0.379904	75000	-0.154941	-67.962307
321	0.378507	75000	-0.154667	-68.116973
322	0.377113	75000	-0.154305	-68.271278
323	0.375722	75000	-0.153983	-68.425262
324	0.374334	75000	-0.153683	-68.578945
325	0.372949	75000	-0.153247	-68.732192
326	0.371567	75000	-0.153048	-68.885240
327	0.370189	75000	-0.152709	-69.037949
328	0.368813	75000	-0.152389	-69.190338
329	0.367440	75000	-0.152070	-69.342408
330	0.366071	75000	-0.151783	-69.494190
331	0.364705	75000	-0.151381	-69.645572
332	0.363341	75000	-0.151079	-69.796650
333	0.361981	75000	-0.150766	-69.947416
334	0.360624	75000	-0.150514	-70.097930
335	0.359269	75000	-0.150136	-70.248066
336	0.357918	75000	-0.149759	-70.397825
337	0.356570	75000	-0.149479	-70.547304
338	0.355225	75000	-0.149141	-70.696444
339	0.353883	75000	-0.148735	-70.845179
340	0.352544	75000	-0.148443	-70.993623
341	0.351208	75000	-0.148113	-71.141736
342	0.349875	75000	-0.147771	-71.289507
343	0.348546	75000	-0.147557	-71.437063
344	0.347219	75000	-0.147175	-71.584239
345	0.345895	75000	-0.146950	-71.731189
346	0.344574	75000	-0.146527	-71.877716
347	0.343257	75000	-0.146262	-72.023978
348	0.341942	75000	-0.145837	-72.169815
349	0.340630	75000	-0.145608	-72.315423
350	0.339322	75000	-0.145258	-72.460681
351	0.338016	75000	-0.144945	-72.605626
352	0.336714	75000	-0.144565	-72.750191
353	0.335414	75000	-0.144243	-72.894434
354	0.334118	75000	-0.143993	-73.038427
355	0.332824	75000	-0.143694	-73.182121
356	0.331534	75000	-0.143385	-73.325506
357	0.330246	75000	-0.143091	-73.468596
358	0.328962	75000	-0.142774	-73.611370
359	0.327680	75000	-0.142423	-73.753793
360	0.326401	75000	-0.142055	-73.895849
361	0.325126	75000	-0.141754	-74.037603
362	0.323853	75000	-0.141396	-74.178999
363	0.322584	75000	-0.141044	-74.320043
364	0.321317	75000	-0.140825	-74.460868
365	0.320054	75000	-0.140470	-74.601338
366	0.318793	75000	-0.140238	-74.741575
367	0.317536	75000	-0.139889	-74.881464
368	0.316281	75000	-0.139540	-75.021005
369	0.315030	75000	-0.139250	-75.160255
370	0.313781	75000	-0.138899	-75.299154
371	0.312535	75000	-0.138596	-75.437750
372	0.311293	75000	-0.138292	-75.576042
373	0.310053	75000	-0.137964	-75.714007
374	0.308816	75000	-0.137612	-75.851619
375	0.307582	75000	-0.137355	-75.988974
376	0.306352	75000	-0.136975	-76.125949
377	0.305124	75000	-0.136803	-76.262752
378	0.303899	75000	-0.136389	-76.399141
379	0.302677	75000	-0.136098	-76.535239
380	0.301458	75000	-0.135766	-76.671005
381	0.300242	75000	-0.135374	-76.806379
382	0.299029	75000	-0.135150	-76.941529
383	0.297819	75000	-0.134826	-77.076355
384	0.296611	75000	-0.134542	-77.210896
385	0.295407	75000	-0.134221	-77.345117
386	0.294206	75000	-0.133921	-77.479038
387	0.293007	75000	-0.133628	-77.612666
388	0.291812	75000	-0.133322	-77.745988
389	0.290619	75000	-0.133117	-77.879106
390	0.289430	75000	-0.132670	-78.011776
391	0.288243	75000	-0.132336	-78.144111
392	0.287059	75000	-0.132028	-78.276140
393	0.285879	75000	-0.131739	-78.407879
394	0.284701	75000	-0.131497	-78.539376
395	0.283526	75000	-0.131167	-78.670543
396	0.282354	75000	-0.130939	-78.801482
397	0.281184	75000	-0.130570	-78.932052
398	0.280018	75000	-0.130164	-79.062215
399	0.278855	75000	-0.129875	-79.192090
400	0.277694	75000	-0.129640	-79.321730
401	0.276537	75000	-0.129378	-79.451108
402	0.275382	75000	-0.128933	-79.580041
403	0.274230	75000	-0.128728	-79.708768
404	0.273082	75000	-0.128366	-79.837135
405	0.271936	75000	-0.128063	-79.965197
406	0.270793	75000	-0.127770	-80.092967
407	0.269652	75000	-0.127568	-80.220535
408	0.268515	75000	-0.127203	-80.347738
409	0.267381	75000	-0.126845	-80.474584
410	0.266249	75000	-0.126539	-80.601123
411	0.265121	75000	-0.126267	-80.727390
412	0.263995	75000	-0.125970	-80.853360
413	0.262872	75000	-0.125664	-80.979024
414	0.261752	75000	-0.125371	-81.104395
415	0.260635	75000	-0.125112	-81.229506
416	0.259520	75000	-0.124787	-81.354293
417	0.258409	75000	-0.124495	-81.478788
418	0.257300	75000	-0.124205	-81.602993
419	0.256195	75000	-0.123774	-81.726766
420	0.255092	75000	-0.123465	-81.850232
421	0.253992	75000	-0.123255	-81.973486
422	0.252895	75000	-0.122896	-82.096383
423	0.251800	75000	-0.122632	-82.219014
424	0.250709	75000	-0.122409	-82.341423
425	0.249620	75000	-0.122048	-82.463471
426	0.248534	75000	-0.121795	-82.585267
427	0.247451	75000	-0.121463	-82.706729
428	0.246371	75000	-0.121126	-82.827855
429	0.245294	75000	-0.120988	-82.948843
430	0.244220	75000	-0.120517	-83.069360
431	0.243148	75000	-0.120382	-83.189742
432	0.242079	75000	-0.119992	-83.309734
433	0.241013	75000	-0.119742	-83.429476
434	0.239950	75000	-0.119428	-83.548903
435	0.238890	75000	-0.119107	-83.668010
436	0.237832	75000	-0.118783	-83.786794
437	0.236778	75000	-0.118423	-83.905216
438	0.235726	75000	-0.118212	-84.023428
439	0.234677	75000	-0.117901	-84.141329
440	0.233630	75000	-0.117552	-84.258881
441	0.232587	75000	-0.117313	-84.376195
442	0.231546	75000	-0.117086	-84.493281
443	0.230509	75000	-0.116659	-84.609939
444	0.229473	75000	-0.116372	-84.726312
445	0.228441	75000	-0.116191	-84.842503
446	0.227412	75000	-0.115863	-84.958366
447	0.226385	75000	-0.115561	-85.073927
448	0.225361	75000	-0.115341	-85.189268
449	0.224340	75000	-0.114893	-85.304161
450	0.223322	75000	-0.114660	-85.418821
451	0.222306	75000	-0.114385	-85.533206
452	0.221293	75000	-0.114077	-85.647283
453	0.220283	75000	-0.113799	-85.761082
454	0.219276	75000	-0.113521	-85.874602
455	0.218272	75000	-0.113307	-85.987910
456	0.217270	75000	-0.112984	-86.100894
457	0.216271	75000	-0.112678	-86.213571
458	0.215275	75000	-0.112341	-86.325912
459	0.214281	75000	-0.112116	-86.438028
460	0.213291	75000	-0.111908	-86.549936
461	0.212303	75000	-0.111487	-86.661422
462	0.211318	75000	-0.111218	-86.772640
463	0.210335	75000	-0.110899	-86.883539
464	0.209356	75000	-0.110580	-86.994119
465	0.208379	75000	-0.110337	-87.104456
466	0.207404	75000	-0.109938	-87.214394
467	0.206433	75000	-0.109818	-87.324212
468	0.205464	75000	-0.109471	-87.433683
469	0.204498	75000	-0.109171	-87.542854
470	0.203535	75000	-0.108980	-87.651834
471	0.202575	75000	-0.108609	-87.760443
472	0.201617	75000	-0.108243	-87.868686
473	0.200662	75000	-0.107971	-87.976657
474	0.199709	75000	-0.107868	-88.084525
475	0.198760	75000	-0.107445	-88.191970
476	0.197813	75000	-0.107238	-88.299208
477	0.196869	75000	-0.106887	-88.406095
478	0.195927	75000	-0.106731	-88.512826
479	0.194988	75000	-0.106351	-88.619177
480	0.194052	75000	-0.106108	-88.725284
481	0.193119	75000	-0.105786	-88.831070
482	0.192188	75000	-0.105483	-88.936553
483	0.191260	75000	-0.105215	-89.041769
484	0.190335	75000	-0.104983	-89.146751
485	0.189412	75000	-0.104792	-89.251544
486	0.188492	75000	-0.104347	-89.355891
487	0.187575	75000	-0.104133	-89.460024
488	0.186660	75000	-0.103849	-89.563873
489	0.185749	75000	-0.103697	-89.667570
490	0.184839	75000	-0.103406	-89.770976
491	0.183933	75000	-0.103017	-89.873992
492	0.183029	75000	-0.102620	-89.976612
493	0.182128	75000	-0.102563	-90.079175
494	0.181229	75000	-0.102203	-90.181378
495	0.180333	75000	-0.101910	-90.283288
496	0.179440	75000	-0.101574	-90.384861
497	0.178550	75000	-0.101435	-90.486296
498	0.177662	75000	-0.101088	-90.587384
499	0.176777	75000	-0.100951	-90.688335
500	0.175894	75000	-0.100524	-90.788860
501	0.175014	75000	-0.100314	-90.889174
502	0.174137	75000	-0.099915	-90.989089
503	0.173262	75000	-0.099605	-91.088694
504	0.172390	75000	-0.099421	-91.188115
505	0.171521	75000	-0.099075	-91.287190
506	0.170654	75000	-0.098941	-91.386131
507	0.169790	75000	-0.098651	-91.484782
508	0.168929	75000	-0.098429	-91.583211
509	0.168070	75000	-0.097958	-91.681170
510	0.167214	75000	-0.097865	-91.779034
511	0.166360	75000	-0.097442	-91.876476
512	0.165509	75000	-0.097286	-91.973763
513	0.164661	75000	-0.096971	-92.070733
514	0.163815	75000	-0.096767	-92.167500
515	0.162972	75000	-0.096376	-92.263876
516	0.162132	75000	-0.096205	-92.360080
517	0.161294	75000	-0.095880	-92.455960
518	0.160458	75000	-0.095652	-92.551612
519	0.159626	75000	-0.095291	-92.646903
520	0.158796	75000	-0.095164	-92.742067
521	0.157968	75000	-0.094970	-92.837037
522	0.157143	75000	-0.094585	-92.931622
523	0.156321	75000	-0.094145	-93.025767
524	0.155501	75000	-0.094054	-93.119821
525	0.154684	75000	-0.093900	-93.213721
526	0.153870	75000	-0.093349	-93.307070
527	0.153058	75000	-0.093194	-93.400264
528	0.152248	75000	-0.092932	-93.493196
529	0.151441	75000	-0.092673	-93.585869
530	0.150637	75000	-0.092444	-93.678313
531	0.149835	75000	-0.092110	-93.770423
532	0.149036	75000	-0.091952	-93.862375
533	0.148240	75000	-0.091665	-93.954040
534	0.147446	75000	-0.091303	-94.045343
535	0.146654	75000	-0.091166	-94.136509
536	0.145865	75000	-0.090775	-94.227284
537	0.145079	75000	-0.090547	-94.317831
538	0.144295	75000	-0.090396	-94.408228
539	0.143514	75000	-0.089968	-94.498196
540	0.142735	75000	-0.089711	-94.587907
541	0.141959	75000	-0.089470	-94.677376
542	0.141186	75000	-0.089268	-94.766644
543	0.140415	75000	-0.089076	-94.855720
544	0.139646	75000	-0.088779	-94.944499
545	0.138880	75000	-0.088438	-95.032937
546	0.138116	75000	-0.088209	-95.121146
547	0.137356	75000	-0.088045	-95.209190
548	0.136597	75000	-0.087588	-95.296779
549	0.135841	75000	-0.087541	-95.384320
550	0.135088	75000	-0.087207	-95.471526
551	0.134337	75000	-0.086873	-95.558399
552	0.133588	75000	-0.086703	-95.645102
553	0.132843	75000	-0.086456	-95.731558
554	0.132099	75000	-0.086141	-95.817700
555	0.131358	75000	-0.085980	-95.903679
556	0.130620	75000	-0.085704	-95.989384
557	0.129884	75000	-0.085454	-96.074837
558	0.129151	75000	-0.085095	-96.159932
559	0.128420	75000	-0.084912	-96.244845
560	0.127691	75000	-0.084653	-96.329497
561	0.126965	75000	-0.084504	-96.414001
562	0.126242	75000	-0.084170	-96.498172
563	0.125521	75000	-0.083767	-96.581938
564	0.124802	75000	-0.083723	-96.665661
565	0.124086	75000	-0.083382	-96.749043
566	0.123373	75000	-0.083096	-96.832139
567	0.122662	75000	-0.082936	-96.915075
568	0.121953	75000	-0.082663	-96.997737
569	0.121247	75000	-0.082287	-97.080024
570	0.120543	75000	-0.082084	-97.162108
571	0.119842	75000	-0.081921	-97.244028
572	0.119143	75000	-0.081490	-97.325518
573	0.118447	75000	-0.081356	-97.406875
574	0.117753	75000	-0.081164	-97.488039
575	0.117062	75000	-0.080825	-97.568864
576	0.116373	75000	-0.080547	-97.649411
577	0.115686	75000	-0.080449	-97.729860
578	0.115002	75000	-0.080144	-97.810004
579	0.114320	75000	-0.079974	-97.889978
580	0.113641	75000	-0.079713	-97.969691
581	0.112964	75000	-0.079512	-98.049203
582	0.112290	75000	-0.079192	-98.128395
583	0.111618	75000	-0.078885	-98.207280
584	0.110948	75000	-0.078772	-98.286052
585	0.110281	75000	-0.078455	-98.364507
586	0.109616	75000	-0.078222	-98.442729
587	0.108954	75000	-0.077976	-98.520705
588	0.108294	75000	-0.077703	-98.598408
589	0.107637	75000	-0.077599	-98.676006
590	0.106981	75000	-0.077311	-98.753318
591	0.106329	75000	-0.076919	-98.830236
592	0.105678	75000	-0.076722	-98.906958
593	0.105030	75000	-0.076366	-98.983324
594	0.104385	75000	-0.076214	-99.059538
595	0.103742	75000	-0.076054	-99.135593
596	0.103101	75000	-0.075696	-99.211289
597	0.102463	75000	-0.075510	-99.286799
598	0.101827	75000	-0.075329	-99.362128
599	0.101193	75000	-0.075179	-99.437307
600	0.100562	75000	-0.074795	-99.512102
601	0.099933	75000	-0.074703	-99.586805
602	0.099306	75000	-0.074371	-99.661177
603	0.098682	75000	-0.074308	-99.735485
604	0.098060	75000	-0.073815	-99.809299
605	0.097441	75000	-0.073644	-99.882943
606	0.096824	75000	-0.073523	-99.956466
607	0.096209	75000	-0.073267	-100.029733
608	0.095596	75000	-0.072949	-100.102682
609	0.094986	75000	-0.072748	-100.175430
610	0.094379	75000	-0.072619	-100.248049
611	0.093773	75000	-0.072217	-100.320266
612	0.093170	75000	-0.072009	-100.392276
613	0.092570	75000	-0.071730	-100.464005
614	0.091971	75000	-0.071528	-100.535534
615	0.091375	75000	-0.071267	-100.606800
616	0.090781	75000	-0.071270	-100.678071
617	0.090190	75000	-0.070938	-100.749009
618	0.089601	75000	-0.070670	-100.819679
619	0.089014	75000	-0.070316	-100.889995
620	0.088430	75000	-0.070307	-100.960302
621	0.087848	75000	-0.069753	-101.030056
622	0.087268	75000	-0.069718	-101.099773
623	0.086690	75000	-0.069488	-101.169262
624	0.086115	75000	-0.069131	-101.238393
625	0.085542	75000	-0.069106	-101.307499
626	0.084971	75000	-0.068884	-101.376383
627	0.084403	75000	-0.068632	-101.445015
628	0.083837	75000	-0.068345	-101.513360
629	0.083273	75000	-0.068175	-101.581536
630	0.082712	75000	-0.067937	-101.649473
631	0.082152	75000	-0.068046	-101.717518
632	0.081595	75000	-0.067488	-101.785006
633	0.081041	75000	-0.067388	-101.852394
634	0.080488	75000	-0.066954	-101.919348
635	0.079938	75000	-0.066840	-101.986188
636	0.079390	75000	-0.066439	-102.052627
637	0.078845	75000	-0.066377	-102.119004
638	0.078301	75000	-0.066236	-102.185240
639	0.077760	75000	-0.065989	-102.251229
640	0.077221	75000	-0.065686	-102.316914
641	0.076684	75000	-0.065366	-102.382281
642	0.076150	75000	-0.065314	-102.447594
643	0.075618	75000	-0.065216	-102.512810
644	0.075088	75000	-0.064962	-102.577772
645	0.074560	75000	-0.064669	-102.642441
646	0.074035	75000	-0.064402	-102.706843
647	0.073512	75000	-0.064190	-102.771033
648	0.072991	75000	-0.064113	-102.835146
649	0.072472	75000	-0.063736	-102.898882
650	0.071955	75000	-0.063467	-102.962349
651	0.071441	75000	-0.063247	-103.025597
652	0.070929	75000	-0.063008	-103.088604
653	0.070419	75000	-0.062948	-103.151552
654	0.069911	75000	-0.062881	-103.214432
655	0.069406	75000	-0.062624	-103.277056
656	0.068903	75000	-0.062124	-103.339180
657	0.068401	75000	-0.062180	-103.401361
658	0.067903	75000	-0.061770	-103.463131
659	0.067406	75000	-0.061862	-103.524992
660	0.066911	75000	-0.061452	-103.586444
661	0.066419	75000	-0.061292	-103.647736
662	0.065929	75000	-0.061259	-103.708995
663	0.065441	75000	-0.060855	-103.769850
664	0.064955	75000	-0.060530	-103.830380
665	0.064471	75000	-0.060537	-103.890918
666	0.063990	75000	-0.060179	-103.951097
667	0.063510	75000	-0.059911	-104.011008
668	0.063033	75000	-0.059964	-104.070971
669	0.062558	75000	-0.059749	-104.130720
670	0.062085	75000	-0.059350	-104.190070
671	0.061615	75000	-0.059291	-104.249361
672	0.061146	75000	-0.059157	-104.308518
673	0.060680	75000	-0.058883	-104.367401
674	0.060216	75000	-0.058777	-104.426178
675	0.059753	75000	-0.058449	-104.484626
676	0.059293	75000	-0.058313	-104.542939
677	0.058836	75000	-0.058106	-104.601045
678	0.058380	75000	-0.057739	-104.658784
679	0.057926	75000	-0.057904	-104.716689
680	0.057475	75000	-0.057460	-104.774149
681	0.057025	75000	-0.057036	-104.831185
682	0.056578	75000	-0.057173	-104.888357
683	0.056133	75000	-0.057020	-104.945377
684	0.055690	75000	-0.056833	-105.002210
685	0.055249	75000	-0.056568	-105.058778
686	0.054810	75000	-0.056468	-105.115246
687	0.054373	75000	-0.056130	-105.171377
688	0.053939	75000	-0.055915	-105.227292
689	0.053506	75000	-0.055676	-105.282968
690	0.053076	75000	-0.055526	-105.338494
691	0.052647	75000	-0.055447	-105.393941
692	0.052221	75000	-0.055280	-105.449221
693	0.051797	75000	-0.055200	-105.504421
694	0.051375	75000	-0.055110	-105.559531
695	0.050955	75000	-0.054843	-105.614374
696	0.050537	75000	-0.054407	-105.668781
697	0.050121	75000	-0.054406	-105.723187
698	0.049707	75000	-0.054217	-105.777404
699	0.049295	75000	-0.053990	-105.831394
700	0.048885	75000	-0.053626	-105.885019
701	0.048478	75000	-0.053646	-105.938666
702	0.048072	75000	-0.053353	-105.992019
703	0.047668	75000	-0.053291	-106.045310
704	0.047267	75000	-0.052888	-106.098198
705	0.046867	75000	-0.053021	-106.151219
706	0.046470	75000	-0.052929	-106.204148
707	0.046074	75000	-0.052535	-106.256683
708	0.045681	75000	-0.052317	-106.309000
709	0.045289	75000	-0.052090	-106.361090
710	0.044900	75000	-0.051988	-106.413078
711	0.044512	75000	-0.052058	-106.465136
712	0.044127	75000	-0.051686	-106.516822
713	0.043744	75000	-0.051505	-106.568327
714	0.043362	75000	-0.051359	-106.619685
715	0.042983	75000	-0.051202	-106.670888
716	0.042606	75000	-0.051000	-106.721887
717	0.042230	75000	-0.050734	-106.772621
718	0.041857	75000	-0.050682	-106.823303
719	0.041485	75000	-0.050445	-106.873748
720	0.041116	75000	-0.050319	-106.924067
721	0.040749	75000	-0.050345	-106.974411
722	0.040383	75000	-0.049940	-107.024351
723	0.040020	75000	-0.050022	-107.074373
724	0.039658	75000	-0.049819	-107.124191
725	0.039299	75000	-0.049505	-107.173696
726	0.038941	75000	-0.049202	-107.222898
727	0.038585	75000	-0.049290	-107.272189
728	0.038232	75000	-0.049054	-107.321242
729	0.037880	75000	-0.049114	-107.370356
730	0.037530	75000	-0.048832	-107.419188
731	0.037182	75000	-0.048405	-107.467592
732	0.036836	75000	-0.048570	-107.516162
733	0.036493	75000	-0.048265	-107.564427
734	0.036151	75000	-0.048080	-107.612507
735	0.035810	75000	-0.048054	-107.660560
736	0.035472	75000	-0.048124	-107.708684
737	0.035136	75000	-0.047611	-107.756295
738	0.034802	75000	-0.047741	-107.804036
739	0.034469	75000	-0.047476	-107.851512
740	0.034139	75000	-0.047059	-107.898571
741	0.033810	75000	-0.047339	-107.945910
742	0.033484	75000	-0.047136	-107.993047
743	0.033159	75000	-0.046812	-108.039859
744	0.032836	75000	-0.046764	-108.086623
745	0.032515	75000	-0.046690	-108.133313
746	0.032196	75000	-0.046538	-108.179852
747	0.031879	75000	-0.046471	-108.226323
748	0.031563	75000	-0.046204	-108.272527
749	0.031250	75000	-0.046481	-108.319007
750	0.030938	75000	-0.045854	-108.364862
751	0.030629	75000	-0.045913	-108.410775
752	0.030321	75000	-0.045968	-108.456743
753	0.030015	75000	-0.045502	-108.502245
754	0.029711	75000	-0.045612	-108.547857
755	0.029409	75000	-0.045294	-108.593151
756	0.029108	75000	-0.045054	-108.638205
757	0.028810	75000	-0.045474	-108.683679
758	0.028513	75000	-0.044935	-108.728614
759	0.028218	75000	-0.045084	-108.773697
760	0.027925	75000	-0.044902	-108.818599
761	0.027634	75000	-0.044668	-108.863267
762	0.027345	75000	-0.044536	-108.907803
763	0.027057	75000	-0.044470	-108.952273
764	0.026771	75000	-0.044672	-108.996945
765	0.026487	75000	-0.044622	-109.041567
766	0.026205	75000	-0.043967	-109.085534
767	0.025925	75000	-0.044158	-109.129692
768	0.025647	75000	-0.043971	-109.173663
769	0.025370	75000	-0.043656	-109.217319
770	0.025095	75000	-0.043829	-109.261148
771	0.024822	75000	-0.043881	-109.305029
772	0.024551	75000	-0.043569	-109.348599
773	0.024281	75000	-0.043455	-109.392054
774	0.024014	75000	-0.043703	-109.435757
775	0.023748	75000	-0.043532	-109.479290
776	0.023483	75000	-0.043600	-109.522890
777	0.023221	75000	-0.043283	-109.566172
778	0.022960	75000	-0.043319	-109.609491
779	0.022702	75000	-0.043530	-109.653021
780	0.022445	75000	-0.042867	-109.695887
781	0.022189	75000	-0.043115	-109.739002
782	0.021936	75000	-0.043377	-109.782379
783	0.021684	75000	-0.042437	-109.824816
784	0.021434	75000	-0.043027	-109.867843
785	0.021185	75000	-0.042972	-109.910815
786	0.020939	75000	-0.042970	-109.953785
787	0.020694	75000	-0.042749	-109.996534
788	0.020451	75000	-0.042690	-110.039223
789	0.020209	75000	-0.042594	-110.081817
790	0.019969	75000	-0.042525	-110.124343
791	0.019731	75000	-0.042615	-110.166957
792	0.019495	75000	-0.042824	-110.209782
793	0.019261	75000	-0.042937	-110.252719
794	0.019028	75000	-0.043009	-110.295728
795	0.018796	75000	-0.042562	-110.338290
796	0.018567	75000	-0.042403	-110.380693
797	0.018339	75000	-0.042534	-110.423226
798	0.018113	75000	-0.042061	-110.465287
799	0.017889	75000	-0.042736	-110.508023
800	0.017666	75000	-0.042809	-110.550831
801	0.017445	75000	-0.042782	-110.593614
802	0.017225	75000	-0.042839	-110.636453
803	0.017007	75000	-0.042533	-110.678986
804	0.016791	75000	-0.043590	-110.722576
805	0.016577	75000	-0.042654	-110.765230
806	0.016364	75000	-0.043035	-110.808265
807	0.016153	75000	-0.042692	-110.850957
808	0.015943	75000	-0.042599	-110.893556
809	0.015736	75000	-0.043468	-110.937024
810	0.015529	75000	-0.042847	-110.979871
811	0.015325	75000	-0.043130	-111.023001
812	0.015122	75000	-0.042862	-111.065863
813	0.014920	75000	-0.043110	-111.108973
814	0.014721	75000	-0.043471	-111.152444
815	0.014523	75000	-0.043686	-111.196131
816	0.014326	75000	-0.044178	-111.240308
817	0.014131	75000	-0.043508	-111.283816
818	0.013938	75000	-0.044128	-111.327945
819	0.013746	75000	-0.043685	-111.371629
820	0.013556	75000	-0.045237	-111.416867
821	0.013367	75000	-0.044509	-111.461376
822	0.013181	75000	-0.044134	-111.505510
823	0.012995	75000	-0.044895	-111.550406
824	0.012811	75000	-0.045440	-111.595846
825	0.012629	75000	-0.045466	-111.641312
826	0.012448	75000	-0.045787	-111.687099
827	0.012269	75000	-0.045451	-111.732550
828	0.012092	75000	-0.046147	-111.778697
829	0.011916	75000	-0.046111	-111.824808
830	0.011741	75000	-0.046515	-111.871323
831	0.011568	75000	-0.046708	-111.918031
832	0.011397	75000	-0.047862	-111.965893
833	0.011227	75000	-0.048253	-112.014146
834	0.011059	75000	-0.047930	-112.062075
835	0.010892	75000	-0.047780	-112.109856
836	0.010727	75000	-0.049569	-112.159425
837	0.010563	75000	-0.050955	-112.210380
838	0.010401	75000	-0.050094	-112.260474
839	0.010240	75000	-0.049384	-112.309858
840	0.010081	75000	-0.050084	-112.359941
841	0.009923	75000	-0.051899	-112.411840
842	0.009767	75000	-0.051680	-112.463520
843	0.009612	75000	-0.052511	-112.516032
844	0.009459	75000	-0.054206	-112.570238
845	0.009307	75000	-0.052789	-112.623027
846	0.009156	75000	-0.054911	-112.677938
847	0.009008	75000	-0.053755	-112.731694
848	0.008860	75000	-0.055106	-112.786799
849	0.008714	75000	-0.056694	-112.843494
850	0.008570	75000	-0.059181	-112.902674
851	0.008427	75000	-0.057150	-112.959825
852	0.008285	75000	-0.058487	-113.018311
853	0.008145	75000	-0.059265	-113.077576
854	0.008006	75000	-0.061320	-113.138897
855	0.007869	75000	-0.062231	-113.201128
856	0.007733	75000	-0.064138	-113.265266
857	0.007598	75000	-0.064305	-113.329571
858	0.007465	75000	-0.068002	-113.397573
859	0.007334	75000	-0.065801	-113.463374
860	0.007203	75000	-0.067487	-113.530861
861	0.007075	75000	-0.068650	-113.599511
862	0.006947	75000	-0.070529	-113.670040
863	0.006821	75000	-0.070926	-113.740966
864	0.006696	75000	-0.069461	-113.810428
865	0.006573	75000	-0.072866	-113.883294
866	0.006451	75000	-0.074508	-113.957802
867	0.006330	75000	-0.075283	-114.033085
868	0.006211	75000	-0.075818	-114.108904
869	0.006093	75000	-0.079236	-114.188140
870	0.005977	75000	-0.079592	-114.267732
871	0.005862	75000	-0.077868	-114.345601
872	0.005748	75000	-0.080777	-114.426378
873	0.005635	75000	-0.083126	-114.509504
874	0.005524	75000	-0.084080	-114.593585
875	0.005414	75000	-0.084656	-114.678240
876	0.005306	75000	-0.087763	-114.766003
877	0.005199	75000	-0.088322	-114.854326
878	0.005093	75000	-0.087986	-114.942312
879	0.004988	75000	-0.091033	-115.033346
880	0.004885	75000	-0.090544	-115.123889
881	0.004783	75000	-0.091038	-115.214927
882	0.004682	75000	-0.092468	-115.307395
883	0.004583	75000	-0.094896	-115.402291
884	0.004485	75000	-0.094642	-115.496933
885	0.004388	75000	-0.096562	-115.593495
886	0.004292	75000	-0.097677	-115.691172
887	0.004198	75000	-0.099683	-115.790855
888	0.004105	75000	-0.098392	-115.889247
889	0.004013	75000	-0.100649	-115.989895
890	0.003923	75000	-0.099624	-116.089519
891	0.003833	75000	-0.101684	-116.191203
892	0.003745	75000	-0.102202	-116.293405
893	0.003658	75000	-0.101110	-116.394516
894	0.003573	75000	-0.102015	-116.496530
895	0.003488	75000	-0.102977	-116.599507
896	0.003405	75000	-0.099563	-116.699070
897	0.003323	75000	-0.100581	-116.799652
898	0.003242	75000	-0.101710	-116.901362
899	0.003162	75000	-0.100536	-117.001897
900	0.003084	75000	-0.101328	-117.103226
901	0.003007	75000	-0.101132	-117.204358
902	0.002930	75000	-0.100556	-117.304914
903	0.002855	75000	-0.100940	-117.405854
904	0.002782	75000	-0.100327	-117.506181
905	0.002709	75000	-0.099014	-117.605195
906	0.002638	75000	-0.100186	-117.705381
907	0.002567	75000	-0.098424	-117.803805
908	0.002498	75000	-0.098791	-117.902596
909	0.002430	75000	-0.098228	-118.000824
910	0.002363	75000	-0.095630	-118.096454
911	0.002297	75000	-0.095422	-118.191877
912	0.002233	75000	-0.095316	-118.287192
913	0.002169	75000	-0.094870	-118.382062
914	0.002106	75000	-0.093317	-118.475379
915	0.002045	75000	-0.092604	-118.567983
916	0.001985	75000	-0.090852	-118.658835
917	0.001925	75000	-0.091730	-118.750565
918	0.001867	75000	-0.089411	-118.839976
919	0.001810	75000	-0.088726	-118.928702
920	0.001754	75000	-0.087673	-119.016375
921	0.001699	75000	-0.086619	-119.102994
922	0.001645	75000	-0.085374	-119.188368
923	0.001592	75000	-0.084470	-119.272838
924	0.001540	75000	-0.083142	-119.355980
925	0.001490	75000	-0.081589	-119.437569
926	0.001440	75000	-0.080339	-119.517908
927	0.001391	75000	-0.079212	-119.597120
928	0.001343	75000	-0.077898	-119.675017
929	0.001296	75000	-0.076839	-119.751856
930	0.001251	75000	-0.075747	-119.827604
931	0.001206	75000	-0.074785	-119.902388
932	0.001162	75000	-0.073055	-119.975443
933	0.001119	75000	-0.071115	-120.046558
934	0.001077	75000	-0.070477	-120.117035
935	0.001036	75000	-0.068963	-120.185997
936	0.000996	75000	-0.067140	-120.253137
937	0.000957	75000	-0.066312	-120.319449
938	0.000919	75000	-0.064654	-120.384103
939	0.000882	75000	-0.063107	-120.447210
940	0.000846	75000	-0.062103	-120.509313
941	0.000810	75000	-0.060572	-120.569885
942	0.000776	75000	-0.059227	-120.629112
943	0.000742	75000	-0.057684	-120.686796
944	0.000709	75000	-0.056715	-120.743511
945	0.000678	75000	-0.055134	-120.798645
946	0.000647	75000	-0.053732	-120.852377
947	0.000617	75000	-0.052166	-120.904543
948	0.000587	75000	-0.050985	-120.955528
949	0.000559	75000	-0.049465	-121.004993
950	0.000531	75000	-0.048268	-121.053261
951	0.000505	75000	-0.046997	-121.100259
952	0.000479	75000	-0.045709	-121.145968
953	0.000454	75000	-0.044204	-121.190172
954	0.000430	75000	-0.042756	-121.232928
955	0.000406	75000	-0.041567	-121.274495
956	0.000383	75000	-0.039962	-121.314457
957	0.000362	75000	-0.038726	-121.353182
958	0.000340	75000	-0.037490	-121.390673
959	0.000320	75000	-0.036458	-121.427131
960	0.000300	75000	-0.034927	-121.462058
961	0.000281	75000	-0.033742	-121.495800
962	0.000263	75000	-0.032285	-121.528086
963	0.000246	75000	-0.031059	-121.559144
964	0.000229	75000	-0.029794	-121.588938
965	0.000213	75000	-0.028659	-121.617597
966	0.000198	75000	-0.027500	-121.645097
967	0.000183	75000	-0.026339	-121.671435
968	0.000169	75000	-0.025033	-121.696469
969	0.000156	75000	-0.023966	-121.720435
970	0.000143	75000	-0.022770	-121.743205
971	0.000131	75000	-0.021635	-121.764840
972	0.000120	75000	-0.020437	-121.785277
973	0.000109	75000	-0.019389	-121.804666
974	0.000099	75000	-0.018369	-121.823035
975	0.000089	75000	-0.017255	-121.840290
976	0.000080	75000	-0.016303	-121.856593
977	0.000072	75000	-0.015226	-121.871819
978	0.000064	75000	-0.014231	-121.886050
979	0.000057	75000	-0.013317	-121.899367
980	0.000050	75000	-0.012325	-121.911691
981	0.000043	75000	-0.011354	-121.923045
982	0.000038	75000	-0.010450	-121.933495
983	0.000032	75000	-0.009581	-121.943076
984	0.000028	75000	-0.008735	-121.951811
985	0.000023	75000	-0.007887	-121.959697
986	0.000019	75000	-0.007113	-121.966810
987	0.000016	75000	-0.006326	-121.973136
988	0.000013	75000	-0.005557	-121.978693
989	0.000010	75000	-0.004865	-121.983558
990	0.000008	75000	-0.004199	-121.987758
991	0.000006	75000	-0.003555	-121.991313
992	0.000004	75000	-0.002947	-121.994259
993	0.000003	75000	-0.002376	-121.996636
994	0.000002	75000	-0.001847	-121.998483
995	0.000001	75000	-0.001367	-121.999850
996	0.000000	75000	-0.000943	-122.000793
997	0.000000	75000	-0.000569	-122.001362
998	0.000000	75000	-0.000267	-122.001629
999	0.000000	75000	-0.000057	-122.001686
Log marginal likelihood:	-122.001686
