Steppingstone sampler:
        No Stones:                  1000
        Start It:                   10000001
        It Per Stone:               100000
        Sample Freq:                1
        Dist:                       Beta(0.400000,1.000000)
Stone No	Power	N	Stone MLh	Running MLh
0	0.997502	75000	-0.096991	-0.096991
1	0.995007	75000	-0.096863	-0.193854
2	0.992517	75000	-0.096690	-0.290545
3	0.990030	75000	-0.096536	-0.387081
4	0.987547	75000	-0.096434	-0.483515
5	0.985067	75000	-0.096310	-0.579825
6	0.982592	75000	-0.096136	-0.675961
7	0.980120	75000	-0.095994	-0.771955
8	0.977652	75000	-0.095825	-0.867781
9	0.975187	75000	-0.095770	-0.963551
10	0.972726	75000	-0.095574	-1.059125
11	0.970269	75000	-0.095421	-1.154546
12	0.967816	75000	-0.095268	-1.249813
13	0.965367	75000	-0.095190	-1.345004
14	0.962921	75000	-0.095057	-1.440060
15	0.960479	75000	-0.094843	-1.534903
16	0.958040	75000	-0.094730	-1.629633
17	0.955606	75000	-0.094582	-1.724215
18	0.953175	75000	-0.094474	-1.818688
19	0.950747	75000	-0.094357	-1.913046
20	0.948324	75000	-0.094184	-2.007230
21	0.945904	75000	-0.094092	-2.101321
22	0.943488	75000	-0.093918	-2.195239
23	0.941076	75000	-0.093748	-2.288987
24	0.938667	75000	-0.093671	-2.382659
25	0.936262	75000	-0.093512	-2.476170
26	0.933861	75000	-0.093377	-2.569547
27	0.931463	75000	-0.093239	-2.662786
28	0.929069	75000	-0.093068	-2.755854
29	0.926679	75000	-0.092937	-2.848792
30	0.924293	75000	-0.092797	-2.941589
31	0.921910	75000	-0.092686	-3.034275
32	0.919531	75000	-0.092542	-3.126817
33	0.917155	75000	-0.092468	-3.219285
34	0.914783	75000	-0.092301	-3.311586
35	0.912415	75000	-0.092164	-3.403750
36	0.910051	75000	-0.092057	-3.495807
37	0.907690	75000	-0.091858	-3.587665
38	0.905333	75000	-0.091724	-3.679389
39	0.902980	75000	-0.091614	-3.771003
40	0.900630	75000	-0.091482	-3.862485
41	0.898284	75000	-0.091351	-3.953835
42	0.895942	75000	-0.091165	-4.045000
43	0.893603	75000	-0.091080	-4.136080
44	0.891268	75000	-0.090942	-4.227022
45	0.888937	75000	-0.090762	-4.317784
46	0.886609	75000	-0.090615	-4.408399
47	0.884285	75000	-0.090481	-4.498880
48	0.881965	75000	-0.090375	-4.589255
49	0.879648	75000	-0.090194	-4.679449
50	0.877335	75000	-0.090134	-4.769584
51	0.875026	75000	-0.089944	-4.859528
52	0.872720	75000	-0.089895	-4.949423
53	0.870418	75000	-0.089701	-5.039123
54	0.868120	75000	-0.089527	-5.128651
55	0.865825	75000	-0.089448	-5.218099
56	0.863534	75000	-0.089282	-5.307381
57	0.861246	75000	-0.089196	-5.396577
58	0.858962	75000	-0.089055	-5.485632
59	0.856682	75000	-0.088831	-5.574463
60	0.854405	75000	-0.088720	-5.663183
61	0.852132	75000	-0.088669	-5.751852
62	0.849863	75000	-0.088453	-5.840305
63	0.847597	75000	-0.088299	-5.928604
64	0.845335	75000	-0.088215	-6.016819
65	0.843077	75000	-0.088072	-6.104892
66	0.840822	75000	-0.087930	-6.192822
67	0.838571	75000	-0.087795	-6.280617
68	0.836323	75000	-0.087665	-6.368282
69	0.834079	75000	-0.087536	-6.455818
70	0.831839	75000	-0.087433	-6.543251
71	0.829602	75000	-0.087248	-6.630500
72	0.827369	75000	-0.087141	-6.717641
73	0.825140	75000	-0.087054	-6.804695
74	0.822914	75000	-0.086941	-6.891636
75	0.820691	75000	-0.086751	-6.978387
76	0.818473	75000	-0.086643	-7.065030
77	0.816258	75000	-0.086562	-7.151592
78	0.814046	75000	-0.086290	-7.237881
79	0.811838	75000	-0.086240	-7.324122
80	0.809634	75000	-0.086060	-7.410181
81	0.807433	75000	-0.085920	-7.496102
82	0.805236	75000	-0.085843	-7.581945
83	0.803043	75000	-0.085718	-7.667663
84	0.800853	75000	-0.085548	-7.753211
85	0.798667	75000	-0.085407	-7.838618
86	0.796484	75000	-0.085237	-7.923854
87	0.794305	75000	-0.085149	-8.009003
88	0.792129	75000	-0.085001	-8.094004
89	0.789957	75000	-0.084915	-8.178920
90	0.787789	75000	-0.084769	-8.263689
91	0.785624	75000	-0.084587	-8.348276
92	0.783463	75000	-0.084457	-8.432733
93	0.781305	75000	-0.084291	-8.517024
94	0.779151	75000	-0.084179	-8.601203
95	0.777000	75000	-0.084157	-8.685360
96	0.774853	75000	-0.083927	-8.769288
97	0.772710	75000	-0.083868	-8.853156
98	0.770570	75000	-0.083653	-8.936808
99	0.768433	75000	-0.083539	-9.020347
100	0.766301	75000	-0.083378	-9.103725
101	0.764172	75000	-0.083304	-9.187029
102	0.762046	75000	-0.083101	-9.270130
103	0.759924	75000	-0.083084	-9.353213
104	0.757805	75000	-0.082972	-9.436186
105	0.755690	75000	-0.082829	-9.519014
106	0.753579	75000	-0.082624	-9.601639
107	0.751471	75000	-0.082578	-9.684217
108	0.749366	75000	-0.082333	-9.766550
109	0.747266	75000	-0.082267	-9.848816
110	0.745168	75000	-0.082140	-9.930956
111	0.743075	75000	-0.082054	-10.013011
112	0.740984	75000	-0.081853	-10.094864
113	0.738898	75000	-0.081808	-10.176672
114	0.736815	75000	-0.081582	-10.258253
115	0.734735	75000	-0.081490	-10.339743
116	0.732659	75000	-0.081381	-10.421124
117	0.730586	75000	-0.081210	-10.502334
118	0.728517	75000	-0.081116	-10.583451
119	0.726452	75000	-0.080938	-10.664389
120	0.724390	75000	-0.080886	-10.745275
121	0.722331	75000	-0.080629	-10.825905
122	0.720276	75000	-0.080500	-10.906404
123	0.718225	75000	-0.080429	-10.986833
124	0.716177	75000	-0.080318	-11.067151
125	0.714132	75000	-0.080210	-11.147361
126	0.712091	75000	-0.080077	-11.227438
127	0.710054	75000	-0.079928	-11.307367
128	0.708020	75000	-0.079762	-11.387129
129	0.705989	75000	-0.079756	-11.466885
130	0.703962	75000	-0.079558	-11.546442
131	0.701939	75000	-0.079365	-11.625808
132	0.699919	75000	-0.079304	-11.705112
133	0.697902	75000	-0.079191	-11.784303
134	0.695889	75000	-0.079091	-11.863395
135	0.693880	75000	-0.078915	-11.942310
136	0.691874	75000	-0.078789	-12.021099
137	0.689871	75000	-0.078561	-12.099660
138	0.687872	75000	-0.078481	-12.178141
139	0.685877	75000	-0.078390	-12.256531
140	0.683885	75000	-0.078286	-12.334817
141	0.681896	75000	-0.078141	-12.412958
142	0.679911	75000	-0.077947	-12.490906
143	0.677929	75000	-0.077835	-12.568741
144	0.675951	75000	-0.077685	-12.646426
145	0.673976	75000	-0.077624	-12.724050
146	0.672005	75000	-0.077463	-12.801513
147	0.670037	75000	-0.077347	-12.878860
148	0.668073	75000	-0.077228	-12.956088
149	0.666112	75000	-0.077082	-13.033169
150	0.664155	75000	-0.076976	-13.110146
151	0.662201	75000	-0.076833	-13.186979
152	0.660250	75000	-0.076748	-13.263727
153	0.658303	75000	-0.076638	-13.340365
154	0.656359	75000	-0.076560	-13.416925
155	0.654419	75000	-0.076373	-13.493298
156	0.652483	75000	-0.076214	-13.569512
157	0.650549	75000	-0.076055	-13.645567
158	0.648619	75000	-0.075974	-13.721541
159	0.646693	75000	-0.075903	-13.797444
160	0.644770	75000	-0.075689	-13.873133
161	0.642851	75000	-0.075576	-13.948709
162	0.640934	75000	-0.075443	-14.024152
163	0.639022	75000	-0.075350	-14.099502
164	0.637113	75000	-0.075250	-14.174753
165	0.635207	75000	-0.074943	-14.249696
166	0.633304	75000	-0.074958	-14.324654
167	0.631405	75000	-0.074845	-14.399499
168	0.629510	75000	-0.074694	-14.474193
169	0.627618	75000	-0.074635	-14.548828
170	0.625729	75000	-0.074459	-14.623287
171	0.623844	75000	-0.074317	-14.697604
172	0.621962	75000	-0.074194	-14.771798
173	0.620083	75000	-0.074022	-14.845820
174	0.618208	75000	-0.073908	-14.919727
175	0.616337	75000	-0.073833	-14.993561
176	0.614468	75000	-0.073705	-15.067266
177	0.612604	75000	-0.073576	-15.140842
178	0.610742	75000	-0.073461	-15.214303
179	0.608884	75000	-0.073353	-15.287657
180	0.607029	75000	-0.073180	-15.360837
181	0.605178	75000	-0.073083	-15.433920
182	0.603330	75000	-0.072983	-15.506903
183	0.601486	75000	-0.072779	-15.579682
184	0.599645	75000	-0.072659	-15.652341
185	0.597807	75000	-0.072594	-15.724935
186	0.595973	75000	-0.072429	-15.797364
187	0.594142	75000	-0.072241	-15.869604
188	0.592314	75000	-0.072216	-15.941821
189	0.590490	75000	-0.072066	-16.013887
190	0.588669	75000	-0.072035	-16.085922
191	0.586852	75000	-0.071802	-16.157724
192	0.585038	75000	-0.071783	-16.229507
193	0.583227	75000	-0.071596	-16.301102
194	0.581420	75000	-0.071434	-16.372537
195	0.579616	75000	-0.071323	-16.443859
196	0.577815	75000	-0.071166	-16.515025
197	0.576018	75000	-0.071103	-16.586128
198	0.574224	75000	-0.070964	-16.657092
199	0.572433	75000	-0.070835	-16.727927
200	0.570646	75000	-0.070725	-16.798652
201	0.568862	75000	-0.070592	-16.869244
202	0.567082	75000	-0.070438	-16.939682
203	0.565305	75000	-0.070378	-17.010060
204	0.563531	75000	-0.070227	-17.080287
205	0.561761	75000	-0.070098	-17.150385
206	0.559993	75000	-0.070009	-17.220394
207	0.558230	75000	-0.069862	-17.290256
208	0.556469	75000	-0.069750	-17.360006
209	0.554712	75000	-0.069596	-17.429602
210	0.552958	75000	-0.069516	-17.499118
211	0.551208	75000	-0.069355	-17.568473
212	0.549461	75000	-0.069292	-17.637765
213	0.547717	75000	-0.069083	-17.706848
214	0.545977	75000	-0.069074	-17.775922
215	0.544240	75000	-0.068944	-17.844865
216	0.542506	75000	-0.068726	-17.913591
217	0.540775	75000	-0.068679	-17.982270
218	0.539048	75000	-0.068521	-18.050791
219	0.537324	75000	-0.068367	-18.119158
220	0.535604	75000	-0.068232	-18.187390
221	0.533887	75000	-0.068162	-18.255552
222	0.532173	75000	-0.068103	-18.323655
223	0.530462	75000	-0.067968	-18.391622
224	0.528755	75000	-0.067763	-18.459385
225	0.527051	75000	-0.067777	-18.527162
226	0.525350	75000	-0.067583	-18.594745
227	0.523653	75000	-0.067463	-18.662208
228	0.521958	75000	-0.067301	-18.729510
229	0.520268	75000	-0.067276	-18.796786
230	0.518580	75000	-0.066992	-18.863778
231	0.516896	75000	-0.066957	-18.930735
232	0.515215	75000	-0.066815	-18.997549
233	0.513537	75000	-0.066769	-19.064319
234	0.511863	75000	-0.066665	-19.130984
235	0.510192	75000	-0.066488	-19.197471
236	0.508524	75000	-0.066395	-19.263866
237	0.506859	75000	-0.066261	-19.330127
238	0.505198	75000	-0.066140	-19.396267
239	0.503540	75000	-0.065967	-19.462234
240	0.501885	75000	-0.065915	-19.528149
241	0.500234	75000	-0.065783	-19.593932
242	0.498586	75000	-0.065628	-19.659560
243	0.496941	75000	-0.065614	-19.725174
244	0.495299	75000	-0.065473	-19.790647
245	0.493660	75000	-0.065342	-19.855989
246	0.492025	75000	-0.065187	-19.921176
247	0.490393	75000	-0.065143	-19.986318
248	0.488765	75000	-0.064956	-20.051275
249	0.487139	75000	-0.064855	-20.116129
250	0.485517	75000	-0.064738	-20.180868
251	0.483898	75000	-0.064635	-20.245502
252	0.482283	75000	-0.064530	-20.310032
253	0.480670	75000	-0.064359	-20.374392
254	0.479061	75000	-0.064220	-20.438612
255	0.477455	75000	-0.064105	-20.502718
256	0.475852	75000	-0.063983	-20.566701
257	0.474253	75000	-0.063923	-20.630624
258	0.472656	75000	-0.063775	-20.694398
259	0.471063	75000	-0.063662	-20.758060
260	0.469474	75000	-0.063569	-20.821629
261	0.467887	75000	-0.063373	-20.885003
262	0.466304	75000	-0.063267	-20.948270
263	0.464723	75000	-0.063189	-21.011459
264	0.463146	75000	-0.063088	-21.074547
265	0.461573	75000	-0.062957	-21.137504
266	0.460002	75000	-0.062851	-21.200356
267	0.458435	75000	-0.062736	-21.263091
268	0.456871	75000	-0.062590	-21.325681
269	0.455310	75000	-0.062527	-21.388208
270	0.453752	75000	-0.062350	-21.450558
271	0.452198	75000	-0.062193	-21.512751
272	0.450647	75000	-0.062138	-21.574888
273	0.449098	75000	-0.062017	-21.636906
274	0.447554	75000	-0.061848	-21.698753
275	0.446012	75000	-0.061786	-21.760539
276	0.444473	75000	-0.061667	-21.822206
277	0.442938	75000	-0.061567	-21.883773
278	0.441406	75000	-0.061462	-21.945235
279	0.439877	75000	-0.061370	-22.006606
280	0.438351	75000	-0.061217	-22.067823
281	0.436829	75000	-0.061134	-22.128957
282	0.435309	75000	-0.060937	-22.189894
283	0.433793	75000	-0.060922	-22.250816
284	0.432280	75000	-0.060783	-22.311600
285	0.430770	75000	-0.060636	-22.372236
286	0.429263	75000	-0.060511	-22.432746
287	0.427760	75000	-0.060398	-22.493144
288	0.426259	75000	-0.060257	-22.553401
289	0.424762	75000	-0.060221	-22.613622
290	0.423268	75000	-0.060110	-22.673732
291	0.421777	75000	-0.059913	-22.733646
292	0.420289	75000	-0.059880	-22.793526
293	0.418805	75000	-0.059763	-22.853289
294	0.417323	75000	-0.059557	-22.912846
295	0.415845	75000	-0.059518	-22.972364
296	0.414370	75000	-0.059404	-23.031768
297	0.412898	75000	-0.059296	-23.091064
298	0.411429	75000	-0.059229	-23.150293
299	0.409963	75000	-0.059009	-23.209301
300	0.408501	75000	-0.058898	-23.268200
301	0.407041	75000	-0.058749	-23.326948
302	0.405585	75000	-0.058693	-23.385642
303	0.404132	75000	-0.058702	-23.444343
304	0.402682	75000	-0.058419	-23.502762
305	0.401235	75000	-0.058386	-23.561148
306	0.399791	75000	-0.058288	-23.619436
307	0.398350	75000	-0.058099	-23.677535
308	0.396913	75000	-0.058008	-23.735543
309	0.395478	75000	-0.057928	-23.793471
310	0.394047	75000	-0.057702	-23.851173
311	0.392619	75000	-0.057739	-23.908912
312	0.391194	75000	-0.057618	-23.966530
313	0.389772	75000	-0.057402	-24.023933
314	0.388353	75000	-0.057305	-24.081238
315	0.386937	75000	-0.057209	-24.138447
316	0.385524	75000	-0.057127	-24.195573
317	0.384115	75000	-0.057038	-24.252611
318	0.382708	75000	-0.056937	-24.309548
319	0.381305	75000	-0.056796	-24.366344
320	0.379904	75000	-0.056696	-24.423041
321	0.378507	75000	-0.056614	-24.479655
322	0.377113	75000	-0.056368	-24.536023
323	0.375722	75000	-0.056335	-24.592358
324	0.374334	75000	-0.056307	-24.648665
325	0.372949	75000	-0.056214	-24.704879
326	0.371567	75000	-0.056025	-24.760904
327	0.370189	75000	-0.055894	-24.816798
328	0.368813	75000	-0.055806	-24.872603
329	0.367440	75000	-0.055594	-24.928197
330	0.366071	75000	-0.055514	-24.983711
331	0.364705	75000	-0.055475	-25.039186
332	0.363341	75000	-0.055245	-25.094431
333	0.361981	75000	-0.055167	-25.149598
334	0.360624	75000	-0.055099	-25.204697
335	0.359269	75000	-0.055038	-25.259735
336	0.357918	75000	-0.054932	-25.314667
337	0.356570	75000	-0.054714	-25.369381
338	0.355225	75000	-0.054601	-25.423982
339	0.353883	75000	-0.054577	-25.478559
340	0.352544	75000	-0.054449	-25.533009
341	0.351208	75000	-0.054289	-25.587298
342	0.349875	75000	-0.054217	-25.641515
343	0.348546	75000	-0.054157	-25.695672
344	0.347219	75000	-0.053966	-25.749637
345	0.345895	75000	-0.053966	-25.803603
346	0.344574	75000	-0.053828	-25.857431
347	0.343257	75000	-0.053593	-25.911024
348	0.341942	75000	-0.053688	-25.964712
349	0.340630	75000	-0.053512	-26.018224
350	0.339322	75000	-0.053320	-26.071544
351	0.338016	75000	-0.053305	-26.124849
352	0.336714	75000	-0.053170	-26.178019
353	0.335414	75000	-0.053045	-26.231064
354	0.334118	75000	-0.052955	-26.284019
355	0.332824	75000	-0.052857	-26.336876
356	0.331534	75000	-0.052782	-26.389659
357	0.330246	75000	-0.052648	-26.442306
358	0.328962	75000	-0.052519	-26.494825
359	0.327680	75000	-0.052391	-26.547217
360	0.326401	75000	-0.052272	-26.599489
361	0.325126	75000	-0.052256	-26.651745
362	0.323853	75000	-0.052026	-26.703771
363	0.322584	75000	-0.051949	-26.755719
364	0.321317	75000	-0.051820	-26.807539
365	0.320054	75000	-0.051784	-26.859323
366	0.318793	75000	-0.051592	-26.910915
367	0.317536	75000	-0.051621	-26.962536
368	0.316281	75000	-0.051378	-27.013915
369	0.315030	75000	-0.051378	-27.065293
370	0.313781	75000	-0.051216	-27.116508
371	0.312535	75000	-0.051079	-27.167588
372	0.311293	75000	-0.051042	-27.218630
373	0.310053	75000	-0.051003	-27.269633
374	0.308816	75000	-0.050878	-27.320511
375	0.307582	75000	-0.050745	-27.371256
376	0.306352	75000	-0.050707	-27.421963
377	0.305124	75000	-0.050625	-27.472588
378	0.303899	75000	-0.050341	-27.522929
379	0.302677	75000	-0.050289	-27.573218
380	0.301458	75000	-0.050246	-27.623463
381	0.300242	75000	-0.050121	-27.673584
382	0.299029	75000	-0.049975	-27.723559
383	0.297819	75000	-0.049910	-27.773469
384	0.296611	75000	-0.049756	-27.823224
385	0.295407	75000	-0.049634	-27.872858
386	0.294206	75000	-0.049681	-27.922539
387	0.293007	75000	-0.049504	-27.972043
388	0.291812	75000	-0.049428	-28.021470
389	0.290619	75000	-0.049319	-28.070789
390	0.289430	75000	-0.049081	-28.119870
391	0.288243	75000	-0.048995	-28.168865
392	0.287059	75000	-0.048921	-28.217786
393	0.285879	75000	-0.048779	-28.266566
394	0.284701	75000	-0.048745	-28.315311
395	0.283526	75000	-0.048589	-28.363900
396	0.282354	75000	-0.048592	-28.412492
397	0.281184	75000	-0.048431	-28.460923
398	0.280018	75000	-0.048420	-28.509343
399	0.278855	75000	-0.048127	-28.557470
400	0.277694	75000	-0.048048	-28.605518
401	0.276537	75000	-0.047999	-28.653517
402	0.275382	75000	-0.047884	-28.701401
403	0.274230	75000	-0.047901	-28.749302
404	0.273082	75000	-0.047782	-28.797084
405	0.271936	75000	-0.047641	-28.844725
406	0.270793	75000	-0.047584	-28.892310
407	0.269652	75000	-0.047489	-28.939798
408	0.268515	75000	-0.047305	-28.987104
409	0.267381	75000	-0.047196	-29.034300
410	0.266249	75000	-0.047122	-29.081422
411	0.265121	75000	-0.047032	-29.128454
412	0.263995	75000	-0.046906	-29.175360
413	0.262872	75000	-0.046873	-29.222233
414	0.261752	75000	-0.046765	-29.268998
415	0.260635	75000	-0.046606	-29.315604
416	0.259520	75000	-0.046505	-29.362110
417	0.258409	75000	-0.046420	-29.408529
418	0.257300	75000	-0.046298	-29.454827
419	0.256195	75000	-0.046206	-29.501033
420	0.255092	75000	-0.046104	-29.547137
421	0.253992	75000	-0.045967	-29.593105
422	0.252895	75000	-0.045827	-29.638931
423	0.251800	75000	-0.045890	-29.684821
424	0.250709	75000	-0.045703	-29.730524
425	0.249620	75000	-0.045489	-29.776013
426	0.248534	75000	-0.045465	-29.821478
427	0.247451	75000	-0.045388	-29.866867
428	0.246371	75000	-0.045408	-29.912275
429	0.245294	75000	-0.045334	-29.957609
430	0.244220	75000	-0.045104	-30.002713
431	0.243148	75000	-0.044968	-30.047681
432	0.242079	75000	-0.044880	-30.092561
433	0.241013	75000	-0.044869	-30.137431
434	0.239950	75000	-0.044736	-30.182167
435	0.238890	75000	-0.044674	-30.226841
436	0.237832	75000	-0.044608	-30.271449
437	0.236778	75000	-0.044538	-30.315987
438	0.235726	75000	-0.044287	-30.360274
439	0.234677	75000	-0.044232	-30.404506
440	0.233630	75000	-0.044145	-30.448651
441	0.232587	75000	-0.043991	-30.492642
442	0.231546	75000	-0.043900	-30.536541
443	0.230509	75000	-0.043870	-30.580411
444	0.229473	75000	-0.043836	-30.624247
445	0.228441	75000	-0.043690	-30.667937
446	0.227412	75000	-0.043575	-30.711512
447	0.226385	75000	-0.043465	-30.754977
448	0.225361	75000	-0.043489	-30.798466
449	0.224340	75000	-0.043237	-30.841703
450	0.223322	75000	-0.043234	-30.884937
451	0.222306	75000	-0.043018	-30.927955
452	0.221293	75000	-0.042928	-30.970883
453	0.220283	75000	-0.042770	-31.013653
454	0.219276	75000	-0.042837	-31.056490
455	0.218272	75000	-0.042670	-31.099160
456	0.217270	75000	-0.042619	-31.141779
457	0.216271	75000	-0.042634	-31.184413
458	0.215275	75000	-0.042467	-31.226880
459	0.214281	75000	-0.042358	-31.269238
460	0.213291	75000	-0.042275	-31.311513
461	0.212303	75000	-0.042179	-31.353692
462	0.211318	75000	-0.042187	-31.395879
463	0.210335	75000	-0.042021	-31.437900
464	0.209356	75000	-0.041847	-31.479747
465	0.208379	75000	-0.041804	-31.521551
466	0.207404	75000	-0.041771	-31.563322
467	0.206433	75000	-0.041612	-31.604934
468	0.205464	75000	-0.041476	-31.646410
469	0.204498	75000	-0.041424	-31.687834
470	0.203535	75000	-0.041332	-31.729166
471	0.202575	75000	-0.041145	-31.770312
472	0.201617	75000	-0.041121	-31.811433
473	0.200662	75000	-0.041073	-31.852506
474	0.199709	75000	-0.040829	-31.893334
475	0.198760	75000	-0.040821	-31.934155
476	0.197813	75000	-0.040672	-31.974827
477	0.196869	75000	-0.040650	-32.015477
478	0.195927	75000	-0.040599	-32.056075
479	0.194988	75000	-0.040396	-32.096472
480	0.194052	75000	-0.040316	-32.136788
481	0.193119	75000	-0.040263	-32.177051
482	0.192188	75000	-0.040190	-32.217241
483	0.191260	75000	-0.040050	-32.257291
484	0.190335	75000	-0.039996	-32.297287
485	0.189412	75000	-0.039915	-32.337202
486	0.188492	75000	-0.039962	-32.377163
487	0.187575	75000	-0.039762	-32.416925
488	0.186660	75000	-0.039773	-32.456698
489	0.185749	75000	-0.039420	-32.496117
490	0.184839	75000	-0.039475	-32.535593
491	0.183933	75000	-0.039400	-32.574993
492	0.183029	75000	-0.039146	-32.614139
493	0.182128	75000	-0.039161	-32.653300
494	0.181229	75000	-0.039079	-32.692379
495	0.180333	75000	-0.038981	-32.731360
496	0.179440	75000	-0.038735	-32.770094
497	0.178550	75000	-0.038889	-32.808984
498	0.177662	75000	-0.038711	-32.847695
499	0.176777	75000	-0.038675	-32.886370
500	0.175894	75000	-0.038592	-32.924962
501	0.175014	75000	-0.038474	-32.963437
502	0.174137	75000	-0.038458	-33.001895
503	0.173262	75000	-0.038319	-33.040213
504	0.172390	75000	-0.038210	-33.078424
505	0.171521	75000	-0.038165	-33.116589
506	0.170654	75000	-0.038107	-33.154696
507	0.169790	75000	-0.037877	-33.192573
508	0.168929	75000	-0.037873	-33.230446
509	0.168070	75000	-0.037682	-33.268128
510	0.167214	75000	-0.037762	-33.305890
511	0.166360	75000	-0.037447	-33.343337
512	0.165509	75000	-0.037432	-33.380769
513	0.164661	75000	-0.037386	-33.418154
514	0.163815	75000	-0.037318	-33.455473
515	0.162972	75000	-0.037191	-33.492664
516	0.162132	75000	-0.037120	-33.529784
517	0.161294	75000	-0.036982	-33.566766
518	0.160458	75000	-0.037023	-33.603789
519	0.159626	75000	-0.036977	-33.640766
520	0.158796	75000	-0.036863	-33.677629
521	0.157968	75000	-0.036783	-33.714412
522	0.157143	75000	-0.036674	-33.751086
523	0.156321	75000	-0.036475	-33.787561
524	0.155501	75000	-0.036527	-33.824088
525	0.154684	75000	-0.036378	-33.860466
526	0.153870	75000	-0.036366	-33.896831
527	0.153058	75000	-0.036222	-33.933053
528	0.152248	75000	-0.036111	-33.969164
529	0.151441	75000	-0.036149	-34.005312
530	0.150637	75000	-0.035968	-34.041280
531	0.149835	75000	-0.035818	-34.077098
532	0.149036	75000	-0.035790	-34.112888
533	0.148240	75000	-0.035693	-34.148581
534	0.147446	75000	-0.035656	-34.184237
535	0.146654	75000	-0.035776	-34.220013
536	0.145865	75000	-0.035480	-34.255493
537	0.145079	75000	-0.035297	-34.290791
538	0.144295	75000	-0.035245	-34.326036
539	0.143514	75000	-0.035147	-34.361182
540	0.142735	75000	-0.035094	-34.396276
541	0.141959	75000	-0.034972	-34.431248
542	0.141186	75000	-0.034862	-34.466111
543	0.140415	75000	-0.034956	-34.501067
544	0.139646	75000	-0.034656	-34.535723
545	0.138880	75000	-0.034695	-34.570418
546	0.138116	75000	-0.034727	-34.605145
547	0.137356	75000	-0.034631	-34.639776
548	0.136597	75000	-0.034518	-34.674294
549	0.135841	75000	-0.034428	-34.708721
550	0.135088	75000	-0.034327	-34.743048
551	0.134337	75000	-0.034273	-34.777321
552	0.133588	75000	-0.034233	-34.811554
553	0.132843	75000	-0.034011	-34.845565
554	0.132099	75000	-0.033950	-34.879515
555	0.131358	75000	-0.033752	-34.913268
556	0.130620	75000	-0.033864	-34.947132
557	0.129884	75000	-0.033819	-34.980950
558	0.129151	75000	-0.033742	-35.014692
559	0.128420	75000	-0.033528	-35.048221
560	0.127691	75000	-0.033523	-35.081744
561	0.126965	75000	-0.033241	-35.114985
562	0.126242	75000	-0.033507	-35.148492
563	0.125521	75000	-0.033365	-35.181857
564	0.124802	75000	-0.033137	-35.214994
565	0.124086	75000	-0.033187	-35.248181
566	0.123373	75000	-0.032983	-35.281164
567	0.122662	75000	-0.033048	-35.314213
568	0.121953	75000	-0.032930	-35.347143
569	0.121247	75000	-0.032736	-35.379879
570	0.120543	75000	-0.032642	-35.412521
571	0.119842	75000	-0.032702	-35.445222
572	0.119143	75000	-0.032554	-35.477777
573	0.118447	75000	-0.032561	-35.510337
574	0.117753	75000	-0.032478	-35.542816
575	0.117062	75000	-0.032196	-35.575012
576	0.116373	75000	-0.032401	-35.607413
577	0.115686	75000	-0.032165	-35.639579
578	0.115002	75000	-0.032070	-35.671649
579	0.114320	75000	-0.032126	-35.703774
580	0.113641	75000	-0.031986	-35.735761
581	0.112964	75000	-0.031819	-35.767579
582	0.112290	75000	-0.031887	-35.799466
583	0.111618	75000	-0.031863	-35.831329
584	0.110948	75000	-0.031600	-35.862930
585	0.110281	75000	-0.031639	-35.894569
586	0.109616	75000	-0.031436	-35.926004
587	0.108954	75000	-0.031351	-35.957355
588	0.108294	75000	-0.031272	-35.988628
589	0.107637	75000	-0.031258	-36.019885
590	0.106981	75000	-0.031338	-36.051224
591	0.106329	75000	-0.031109	-36.082332
592	0.105678	75000	-0.031011	-36.113344
593	0.105030	75000	-0.031028	-36.144372
594	0.104385	75000	-0.030907	-36.175278
595	0.103742	75000	-0.030758	-36.206036
596	0.103101	75000	-0.030796	-36.236832
597	0.102463	75000	-0.030754	-36.267586
598	0.101827	75000	-0.030602	-36.298188
599	0.101193	75000	-0.030629	-36.328817
600	0.100562	75000	-0.030398	-36.359215
601	0.099933	75000	-0.030437	-36.389652
602	0.099306	75000	-0.030570	-36.420222
603	0.098682	75000	-0.030289	-36.450511
604	0.098060	75000	-0.030129	-36.480640
605	0.097441	75000	-0.030138	-36.510778
606	0.096824	75000	-0.030129	-36.540907
607	0.096209	75000	-0.029863	-36.570770
608	0.095596	75000	-0.030113	-36.600883
609	0.094986	75000	-0.029884	-36.630766
610	0.094379	75000	-0.029682	-36.660449
611	0.093773	75000	-0.029964	-36.690413
612	0.093170	75000	-0.029685	-36.720098
613	0.092570	75000	-0.029721	-36.749819
614	0.091971	75000	-0.029554	-36.779373
615	0.091375	75000	-0.029467	-36.808840
616	0.090781	75000	-0.029483	-36.838322
617	0.090190	75000	-0.029464	-36.867786
618	0.089601	75000	-0.029162	-36.896948
619	0.089014	75000	-0.029173	-36.926121
620	0.088430	75000	-0.029218	-36.955339
621	0.087848	75000	-0.029030	-36.984369
622	0.087268	75000	-0.029158	-37.013527
623	0.086690	75000	-0.028952	-37.042479
624	0.086115	75000	-0.028864	-37.071343
625	0.085542	75000	-0.028833	-37.100176
626	0.084971	75000	-0.028761	-37.128938
627	0.084403	75000	-0.028651	-37.157589
628	0.083837	75000	-0.028701	-37.186290
629	0.083273	75000	-0.028386	-37.214676
630	0.082712	75000	-0.028447	-37.243122
631	0.082152	75000	-0.028482	-37.271605
632	0.081595	75000	-0.028316	-37.299920
633	0.081041	75000	-0.028377	-37.328298
634	0.080488	75000	-0.028211	-37.356509
635	0.079938	75000	-0.028278	-37.384787
636	0.079390	75000	-0.028258	-37.413045
637	0.078845	75000	-0.028184	-37.441229
638	0.078301	75000	-0.028126	-37.469355
639	0.077760	75000	-0.027973	-37.497329
640	0.077221	75000	-0.027775	-37.525104
641	0.076684	75000	-0.027999	-37.553103
642	0.076150	75000	-0.027789	-37.580892
643	0.075618	75000	-0.027827	-37.608719
644	0.075088	75000	-0.027867	-37.636586
645	0.074560	75000	-0.027543	-37.664129
646	0.074035	75000	-0.027494	-37.691623
647	0.073512	75000	-0.027614	-37.719237
648	0.072991	75000	-0.027580	-37.746817
649	0.072472	75000	-0.027313	-37.774130
650	0.071955	75000	-0.027445	-37.801575
651	0.071441	75000	-0.027355	-37.828931
652	0.070929	75000	-0.027168	-37.856098
653	0.070419	75000	-0.027332	-37.883431
654	0.069911	75000	-0.027176	-37.910606
655	0.069406	75000	-0.026993	-37.937599
656	0.068903	75000	-0.027218	-37.964817
657	0.068401	75000	-0.026841	-37.991657
658	0.067903	75000	-0.026911	-38.018568
659	0.067406	75000	-0.026773	-38.045342
660	0.066911	75000	-0.026655	-38.071997
661	0.066419	75000	-0.026688	-38.098684
662	0.065929	75000	-0.026708	-38.125393
663	0.065441	75000	-0.026669	-38.152062
664	0.064955	75000	-0.026634	-38.178696
665	0.064471	75000	-0.026572	-38.205268
666	0.063990	75000	-0.026488	-38.231757
667	0.063510	75000	-0.026366	-38.258123
668	0.063033	75000	-0.026158	-38.284281
669	0.062558	75000	-0.026468	-38.310749
670	0.062085	75000	-0.026207	-38.336956
671	0.061615	75000	-0.026109	-38.363064
672	0.061146	75000	-0.026265	-38.389329
673	0.060680	75000	-0.026162	-38.415491
674	0.060216	75000	-0.026155	-38.441646
675	0.059753	75000	-0.025864	-38.467510
676	0.059293	75000	-0.026029	-38.493539
677	0.058836	75000	-0.025884	-38.519422
678	0.058380	75000	-0.026080	-38.545502
679	0.057926	75000	-0.025805	-38.571308
680	0.057475	75000	-0.025780	-38.597087
681	0.057025	75000	-0.025729	-38.622816
682	0.056578	75000	-0.025626	-38.648442
683	0.056133	75000	-0.025828	-38.674270
684	0.055690	75000	-0.025640	-38.699910
685	0.055249	75000	-0.025534	-38.725444
686	0.054810	75000	-0.025448	-38.750892
687	0.054373	75000	-0.025670	-38.776562
688	0.053939	75000	-0.025539	-38.802101
689	0.053506	75000	-0.025323	-38.827423
690	0.053076	75000	-0.025254	-38.852678
691	0.052647	75000	-0.025295	-38.877973
692	0.052221	75000	-0.025453	-38.903426
693	0.051797	75000	-0.025186	-38.928612
694	0.051375	75000	-0.025179	-38.953791
695	0.050955	75000	-0.025373	-38.979164
696	0.050537	75000	-0.025098	-39.004262
697	0.050121	75000	-0.025100	-39.029362
698	0.049707	75000	-0.025067	-39.054429
699	0.049295	75000	-0.024970	-39.079399
700	0.048885	75000	-0.025059	-39.104458
701	0.048478	75000	-0.024887	-39.129345
702	0.048072	75000	-0.024830	-39.154175
703	0.047668	75000	-0.024819	-39.178993
704	0.047267	75000	-0.025109	-39.204103
705	0.046867	75000	-0.025034	-39.229137
706	0.046470	75000	-0.024549	-39.253686
707	0.046074	75000	-0.024557	-39.278243
708	0.045681	75000	-0.024927	-39.303169
709	0.045289	75000	-0.024780	-39.327949
710	0.044900	75000	-0.024593	-39.352541
711	0.044512	75000	-0.024933	-39.377475
712	0.044127	75000	-0.024807	-39.402282
713	0.043744	75000	-0.024584	-39.426865
714	0.043362	75000	-0.024508	-39.451374
715	0.042983	75000	-0.024633	-39.476007
716	0.042606	75000	-0.024473	-39.500479
717	0.042230	75000	-0.024461	-39.524940
718	0.041857	75000	-0.024574	-39.549514
719	0.041485	75000	-0.024519	-39.574033
720	0.041116	75000	-0.024327	-39.598360
721	0.040749	75000	-0.024343	-39.622703
722	0.040383	75000	-0.024398	-39.647100
723	0.040020	75000	-0.024291	-39.671391
724	0.039658	75000	-0.024360	-39.695752
725	0.039299	75000	-0.024408	-39.720160
726	0.038941	75000	-0.024255	-39.744415
727	0.038585	75000	-0.024154	-39.768569
728	0.038232	75000	-0.024293	-39.792862
729	0.037880	75000	-0.024318	-39.817179
730	0.037530	75000	-0.024302	-39.841481
731	0.037182	75000	-0.024403	-39.865884
732	0.036836	75000	-0.024489	-39.890373
733	0.036493	75000	-0.024511	-39.914884
734	0.036151	75000	-0.024273	-39.939157
735	0.035810	75000	-0.023911	-39.963068
736	0.035472	75000	-0.024273	-39.987341
737	0.035136	75000	-0.024123	-40.011464
738	0.034802	75000	-0.024181	-40.035645
739	0.034469	75000	-0.024069	-40.059713
740	0.034139	75000	-0.024347	-40.084060
741	0.033810	75000	-0.023976	-40.108036
742	0.033484	75000	-0.023992	-40.132028
743	0.033159	75000	-0.024367	-40.156395
744	0.032836	75000	-0.024089	-40.180484
745	0.032515	75000	-0.024210	-40.204694
746	0.032196	75000	-0.023905	-40.228600
747	0.031879	75000	-0.024199	-40.252798
748	0.031563	75000	-0.024172	-40.276970
749	0.031250	75000	-0.024370	-40.301339
750	0.030938	75000	-0.024249	-40.325588
751	0.030629	75000	-0.024647	-40.350236
752	0.030321	75000	-0.024066	-40.374301
753	0.030015	75000	-0.024250	-40.398551
754	0.029711	75000	-0.024124	-40.422675
755	0.029409	75000	-0.024404	-40.447079
756	0.029108	75000	-0.024355	-40.471434
757	0.028810	75000	-0.024475	-40.495910
758	0.028513	75000	-0.024396	-40.520306
759	0.028218	75000	-0.024385	-40.544691
760	0.027925	75000	-0.024277	-40.568968
761	0.027634	75000	-0.024430	-40.593398
762	0.027345	75000	-0.024580	-40.617978
763	0.027057	75000	-0.024394	-40.642373
764	0.026771	75000	-0.024421	-40.666794
765	0.026487	75000	-0.024502	-40.691296
766	0.026205	75000	-0.024161	-40.715457
767	0.025925	75000	-0.024688	-40.740144
768	0.025647	75000	-0.024783	-40.764927
769	0.025370	75000	-0.024702	-40.789629
770	0.025095	75000	-0.024747	-40.814376
771	0.024822	75000	-0.024953	-40.839329
772	0.024551	75000	-0.024826	-40.864155
773	0.024281	75000	-0.024744	-40.888899
774	0.024014	75000	-0.024852	-40.913751
775	0.023748	75000	-0.024602	-40.938353
776	0.023483	75000	-0.024862	-40.963215
777	0.023221	75000	-0.024855	-40.988070
778	0.022960	75000	-0.024980	-41.013050
779	0.022702	75000	-0.025145	-41.038195
780	0.022445	75000	-0.024606	-41.062802
781	0.022189	75000	-0.025155	-41.087956
782	0.021936	75000	-0.025191	-41.113148
783	0.021684	75000	-0.025045	-41.138193
784	0.021434	75000	-0.025439	-41.163632
785	0.021185	75000	-0.025508	-41.189141
786	0.020939	75000	-0.025633	-41.214773
787	0.020694	75000	-0.025617	-41.240391
788	0.020451	75000	-0.025347	-41.265737
789	0.020209	75000	-0.025706	-41.291443
790	0.019969	75000	-0.025953	-41.317396
791	0.019731	75000	-0.025689	-41.343085
792	0.019495	75000	-0.026369	-41.369453
793	0.019261	75000	-0.026611	-41.396064
794	0.019028	75000	-0.026465	-41.422529
795	0.018796	75000	-0.026039	-41.448568
796	0.018567	75000	-0.026535	-41.475103
797	0.018339	75000	-0.026819	-41.501922
798	0.018113	75000	-0.026647	-41.528569
799	0.017889	75000	-0.026718	-41.555287
800	0.017666	75000	-0.027405	-41.582692
801	0.017445	75000	-0.027733	-41.610425
802	0.017225	75000	-0.027616	-41.638041
803	0.017007	75000	-0.028072	-41.666113
804	0.016791	75000	-0.027242	-41.693355
805	0.016577	75000	-0.027665	-41.721020
806	0.016364	75000	-0.027846	-41.748866
807	0.016153	75000	-0.027928	-41.776794
808	0.015943	75000	-0.028197	-41.804990
809	0.015736	75000	-0.028533	-41.833524
810	0.015529	75000	-0.029190	-41.862713
811	0.015325	75000	-0.028939	-41.891653
812	0.015122	75000	-0.028590	-41.920242
813	0.014920	75000	-0.028680	-41.948922
814	0.014721	75000	-0.029666	-41.978588
815	0.014523	75000	-0.030334	-42.008921
816	0.014326	75000	-0.030606	-42.039527
817	0.014131	75000	-0.030299	-42.069826
818	0.013938	75000	-0.031809	-42.101635
819	0.013746	75000	-0.030817	-42.132452
820	0.013556	75000	-0.031184	-42.163636
821	0.013367	75000	-0.030884	-42.194520
822	0.013181	75000	-0.032363	-42.226883
823	0.012995	75000	-0.031774	-42.258656
824	0.012811	75000	-0.032130	-42.290786
825	0.012629	75000	-0.031998	-42.322784
826	0.012448	75000	-0.032644	-42.355428
827	0.012269	75000	-0.033992	-42.389420
828	0.012092	75000	-0.033503	-42.422923
829	0.011916	75000	-0.034460	-42.457383
830	0.011741	75000	-0.033988	-42.491371
831	0.011568	75000	-0.034056	-42.525427
832	0.011397	75000	-0.035809	-42.561237
833	0.011227	75000	-0.036245	-42.597481
834	0.011059	75000	-0.035028	-42.632510
835	0.010892	75000	-0.037466	-42.669975
836	0.010727	75000	-0.037029	-42.707005
837	0.010563	75000	-0.039156	-42.746161
838	0.010401	75000	-0.037925	-42.784086
839	0.010240	75000	-0.039864	-42.823950
840	0.010081	75000	-0.039209	-42.863159
841	0.009923	75000	-0.039946	-42.903104
842	0.009767	75000	-0.041359	-42.944463
843	0.009612	75000	-0.039434	-42.983898
844	0.009459	75000	-0.042869	-43.026766
845	0.009307	75000	-0.041074	-43.067840
846	0.009156	75000	-0.044619	-43.112459
847	0.009008	75000	-0.043015	-43.155474
848	0.008860	75000	-0.044697	-43.200171
849	0.008714	75000	-0.048019	-43.248190
850	0.008570	75000	-0.048833	-43.297023
851	0.008427	75000	-0.050091	-43.347114
852	0.008285	75000	-0.047694	-43.394808
853	0.008145	75000	-0.051612	-43.446420
854	0.008006	75000	-0.051914	-43.498335
855	0.007869	75000	-0.052905	-43.551239
856	0.007733	75000	-0.053246	-43.604485
857	0.007598	75000	-0.052811	-43.657296
858	0.007465	75000	-0.057129	-43.714425
859	0.007334	75000	-0.056984	-43.771409
860	0.007203	75000	-0.058585	-43.829995
861	0.007075	75000	-0.057387	-43.887382
862	0.006947	75000	-0.059113	-43.946495
863	0.006821	75000	-0.063905	-44.010400
864	0.006696	75000	-0.064330	-44.074730
865	0.006573	75000	-0.064042	-44.138772
866	0.006451	75000	-0.066410	-44.205182
867	0.006330	75000	-0.064793	-44.269974
868	0.006211	75000	-0.068486	-44.338460
869	0.006093	75000	-0.071984	-44.410444
870	0.005977	75000	-0.070770	-44.481214
871	0.005862	75000	-0.074428	-44.555641
872	0.005748	75000	-0.076777	-44.632418
873	0.005635	75000	-0.076073	-44.708491
874	0.005524	75000	-0.076054	-44.784545
875	0.005414	75000	-0.079149	-44.863694
876	0.005306	75000	-0.080693	-44.944388
877	0.005199	75000	-0.083907	-45.028294
878	0.005093	75000	-0.084252	-45.112546
879	0.004988	75000	-0.083713	-45.196259
880	0.004885	75000	-0.085677	-45.281936
881	0.004783	75000	-0.086874	-45.368810
882	0.004682	75000	-0.089227	-45.458037
883	0.004583	75000	-0.090642	-45.548679
884	0.004485	75000	-0.090418	-45.639096
885	0.004388	75000	-0.091501	-45.730597
886	0.004292	75000	-0.093140	-45.823737
887	0.004198	75000	-0.095601	-45.919338
888	0.004105	75000	-0.095012	-46.014350
889	0.004013	75000	-0.095484	-46.109833
890	0.003923	75000	-0.098461	-46.208295
891	0.003833	75000	-0.096717	-46.305012
892	0.003745	75000	-0.096335	-46.401347
893	0.003658	75000	-0.096972	-46.498320
894	0.003573	75000	-0.099091	-46.597411
895	0.003488	75000	-0.099289	-46.696700
896	0.003405	75000	-0.096650	-46.793350
897	0.003323	75000	-0.100557	-46.893908
898	0.003242	75000	-0.098515	-46.992422
899	0.003162	75000	-0.099956	-47.092379
900	0.003084	75000	-0.099205	-47.191583
901	0.003007	75000	-0.098504	-47.290087
902	0.002930	75000	-0.099797	-47.389884
903	0.002855	75000	-0.099516	-47.489400
904	0.002782	75000	-0.099270	-47.588670
905	0.002709	75000	-0.098817	-47.687487
906	0.002638	75000	-0.097542	-47.785029
907	0.002567	75000	-0.098209	-47.883238
908	0.002498	75000	-0.097444	-47.980682
909	0.002430	75000	-0.097304	-48.077986
910	0.002363	75000	-0.095335	-48.173321
911	0.002297	75000	-0.096261	-48.269582
912	0.002233	75000	-0.094845	-48.364428
913	0.002169	75000	-0.093515	-48.457942
914	0.002106	75000	-0.093399	-48.551341
915	0.002045	75000	-0.091895	-48.643236
916	0.001985	75000	-0.092033	-48.735269
917	0.001925	75000	-0.089359	-48.824627
918	0.001867	75000	-0.089720	-48.914348
919	0.001810	75000	-0.088227	-49.002575
920	0.001754	75000	-0.087476	-49.090051
921	0.001699	75000	-0.086130	-49.176181
922	0.001645	75000	-0.083717	-49.259898
923	0.001592	75000	-0.084102	-49.343999
924	0.001540	75000	-0.082244	-49.426243
925	0.001490	75000	-0.081298	-49.507541
926	0.001440	75000	-0.080771	-49.588312
927	0.001391	75000	-0.079614	-49.667926
928	0.001343	75000	-0.077548	-49.745474
929	0.001296	75000	-0.076384	-49.821858
930	0.001251	75000	-0.075761	-49.897619
931	0.001206	75000	-0.073425	-49.971044
932	0.001162	75000	-0.072210	-50.043254
933	0.001119	75000	-0.071451	-50.114705
934	0.001077	75000	-0.069989	-50.184694
935	0.001036	75000	-0.068564	-50.253258
936	0.000996	75000	-0.067189	-50.320447
937	0.000957	75000	-0.065672	-50.386119
938	0.000919	75000	-0.064572	-50.450691
939	0.000882	75000	-0.063336	-50.514027
940	0.000846	75000	-0.061877	-50.575904
941	0.000810	75000	-0.060920	-50.636824
942	0.000776	75000	-0.059417	-50.696241
943	0.000742	75000	-0.057959	-50.754200
944	0.000709	75000	-0.056143	-50.810343
945	0.000678	75000	-0.055125	-50.865468
946	0.000647	75000	-0.053794	-50.919262
947	0.000617	75000	-0.052233	-50.971495
948	0.000587	75000	-0.050786	-51.022281
949	0.000559	75000	-0.049730	-51.072011
950	0.000531	75000	-0.048235	-51.120246
951	0.000505	75000	-0.046532	-51.166777
952	0.000479	75000	-0.045641	-51.212419
953	0.000454	75000	-0.044007	-51.256425
954	0.000430	75000	-0.042714	-51.299139
955	0.000406	75000	-0.041227	-51.340366
956	0.000383	75000	-0.040034	-51.380400
957	0.000362	75000	-0.038957	-51.419357
958	0.000340	75000	-0.037579	-51.456937
959	0.000320	75000	-0.036252	-51.493189
960	0.000300	75000	-0.034767	-51.527956
961	0.000281	75000	-0.033618	-51.561573
962	0.000263	75000	-0.032230	-51.593804
963	0.000246	75000	-0.031220	-51.625024
964	0.000229	75000	-0.029934	-51.654958
965	0.000213	75000	-0.028528	-51.683486
966	0.000198	75000	-0.027421	-51.710908
967	0.000183	75000	-0.026258	-51.737166
968	0.000169	75000	-0.025185	-51.762351
969	0.000156	75000	-0.023936	-51.786286
970	0.000143	75000	-0.022791	-51.809077
971	0.000131	75000	-0.021628	-51.830705
972	0.000120	75000	-0.020510	-51.851215
973	0.000109	75000	-0.019364	-51.870579
974	0.000099	75000	-0.018365	-51.888944
975	0.000089	75000	-0.017183	-51.906127
976	0.000080	75000	-0.016178	-51.922305
977	0.000072	75000	-0.015231	-51.937536
978	0.000064	75000	-0.014233	-51.951769
979	0.000057	75000	-0.013173	-51.964942
980	0.000050	75000	-0.012282	-51.977224
981	0.000043	75000	-0.011367	-51.988591
982	0.000038	75000	-0.010477	-51.999068
983	0.000032	75000	-0.009583	-52.008651
984	0.000028	75000	-0.008762	-52.017414
985	0.000023	75000	-0.007926	-52.025340
986	0.000019	75000	-0.007099	-52.032438
987	0.000016	75000	-0.006342	-52.038780
988	0.000013	75000	-0.005599	-52.044379
989	0.000010	75000	-0.004864	-52.049243
990	0.000008	75000	-0.004185	-52.053428
991	0.000006	75000	-0.003556	-52.056984
992	0.000004	75000	-0.002934	-52.059918
993	0.000003	75000	-0.002381	-52.062299
994	0.000002	75000	-0.001859	-52.064157
995	0.000001	75000	-0.001365	-52.065523
996	0.000000	75000	-0.000938	-52.066461
997	0.000000	75000	-0.000569	-52.067031
998	0.000000	75000	-0.000267	-52.067298
999	0.000000	75000	-0.000057	-52.067355
Log marginal likelihood:	-52.067355
