Steppingstone sampler:
        No Stones:                  1000
        Start It:                   10000001
        It Per Stone:               100000
        Sample Freq:                1
        Dist:                       Beta(0.400000,1.000000)
Stone No	Power	N	Stone MLh	Running MLh
0	0.997502	75000	-0.276586	-0.276586
1	0.995007	75000	-0.276177	-0.552763
2	0.992517	75000	-0.275770	-0.828533
3	0.990030	75000	-0.275339	-1.103872
4	0.987547	75000	-0.274957	-1.378829
5	0.985067	75000	-0.274564	-1.653393
6	0.982592	75000	-0.274144	-1.927538
7	0.980120	75000	-0.273738	-2.201276
8	0.977652	75000	-0.273346	-2.474622
9	0.975187	75000	-0.272921	-2.747543
10	0.972726	75000	-0.272530	-3.020073
11	0.970269	75000	-0.272095	-3.292169
12	0.967816	75000	-0.271642	-3.563811
13	0.965367	75000	-0.271254	-3.835065
14	0.962921	75000	-0.270908	-4.105972
15	0.960479	75000	-0.270453	-4.376425
16	0.958040	75000	-0.270096	-4.646521
17	0.955606	75000	-0.269639	-4.916160
18	0.953175	75000	-0.269261	-5.185421
19	0.950747	75000	-0.268833	-5.454254
20	0.948324	75000	-0.268420	-5.722675
21	0.945904	75000	-0.267998	-5.990673
22	0.943488	75000	-0.267682	-6.258355
23	0.941076	75000	-0.267253	-6.525608
24	0.938667	75000	-0.266842	-6.792450
25	0.936262	75000	-0.266367	-7.058817
26	0.933861	75000	-0.266058	-7.324875
27	0.931463	75000	-0.265610	-7.590485
28	0.929069	75000	-0.265269	-7.855754
29	0.926679	75000	-0.264835	-8.120589
30	0.924293	75000	-0.264394	-8.384983
31	0.921910	75000	-0.264026	-8.649009
32	0.919531	75000	-0.263605	-8.912613
33	0.917155	75000	-0.263178	-9.175791
34	0.914783	75000	-0.262837	-9.438629
35	0.912415	75000	-0.262398	-9.701026
36	0.910051	75000	-0.262021	-9.963047
37	0.907690	75000	-0.261588	-10.224635
38	0.905333	75000	-0.261212	-10.485848
39	0.902980	75000	-0.260749	-10.746597
40	0.900630	75000	-0.260461	-11.007058
41	0.898284	75000	-0.259962	-11.267020
42	0.895942	75000	-0.259557	-11.526577
43	0.893603	75000	-0.259169	-11.785746
44	0.891268	75000	-0.258820	-12.044566
45	0.888937	75000	-0.258418	-12.302984
46	0.886609	75000	-0.258021	-12.561005
47	0.884285	75000	-0.257607	-12.818612
48	0.881965	75000	-0.257313	-13.075926
49	0.879648	75000	-0.256880	-13.332806
50	0.877335	75000	-0.256458	-13.589263
51	0.875026	75000	-0.255988	-13.845251
52	0.872720	75000	-0.255635	-14.100886
53	0.870418	75000	-0.255244	-14.356129
54	0.868120	75000	-0.254780	-14.610909
55	0.865825	75000	-0.254433	-14.865343
56	0.863534	75000	-0.254008	-15.119351
57	0.861246	75000	-0.253604	-15.372955
58	0.858962	75000	-0.253236	-15.626191
59	0.856682	75000	-0.252817	-15.879009
60	0.854405	75000	-0.252407	-16.131416
61	0.852132	75000	-0.252091	-16.383507
62	0.849863	75000	-0.251708	-16.635215
63	0.847597	75000	-0.251234	-16.886450
64	0.845335	75000	-0.250818	-17.137268
65	0.843077	75000	-0.250444	-17.387712
66	0.840822	75000	-0.250037	-17.637748
67	0.838571	75000	-0.249665	-17.887413
68	0.836323	75000	-0.249291	-18.136704
69	0.834079	75000	-0.248879	-18.385583
70	0.831839	75000	-0.248441	-18.634024
71	0.829602	75000	-0.248128	-18.882151
72	0.827369	75000	-0.247640	-19.129791
73	0.825140	75000	-0.247315	-19.377106
74	0.822914	75000	-0.246865	-19.623970
75	0.820691	75000	-0.246569	-19.870540
76	0.818473	75000	-0.246140	-20.116680
77	0.816258	75000	-0.245734	-20.362414
78	0.814046	75000	-0.245307	-20.607721
79	0.811838	75000	-0.244999	-20.852720
80	0.809634	75000	-0.244510	-21.097230
81	0.807433	75000	-0.244180	-21.341409
82	0.805236	75000	-0.243794	-21.585203
83	0.803043	75000	-0.243442	-21.828645
84	0.800853	75000	-0.243007	-22.071652
85	0.798667	75000	-0.242563	-22.314215
86	0.796484	75000	-0.242243	-22.556458
87	0.794305	75000	-0.241771	-22.798228
88	0.792129	75000	-0.241451	-23.039679
89	0.789957	75000	-0.241038	-23.280717
90	0.787789	75000	-0.240617	-23.521334
91	0.785624	75000	-0.240298	-23.761631
92	0.783463	75000	-0.239885	-24.001516
93	0.781305	75000	-0.239492	-24.241009
94	0.779151	75000	-0.239098	-24.480106
95	0.777000	75000	-0.238724	-24.718830
96	0.774853	75000	-0.238293	-24.957123
97	0.772710	75000	-0.237938	-25.195062
98	0.770570	75000	-0.237513	-25.432574
99	0.768433	75000	-0.237105	-25.669679
100	0.766301	75000	-0.236809	-25.906489
101	0.764172	75000	-0.236393	-26.142882
102	0.762046	75000	-0.236023	-26.378905
103	0.759924	75000	-0.235625	-26.614530
104	0.757805	75000	-0.235176	-26.849706
105	0.755690	75000	-0.234838	-27.084545
106	0.753579	75000	-0.234526	-27.319070
107	0.751471	75000	-0.234189	-27.553260
108	0.749366	75000	-0.233635	-27.786894
109	0.747266	75000	-0.233318	-28.020212
110	0.745168	75000	-0.232953	-28.253165
111	0.743075	75000	-0.232610	-28.485775
112	0.740984	75000	-0.232148	-28.717924
113	0.738898	75000	-0.231806	-28.949729
114	0.736815	75000	-0.231429	-29.181158
115	0.734735	75000	-0.231037	-29.412195
116	0.732659	75000	-0.230611	-29.642807
117	0.730586	75000	-0.230155	-29.872962
118	0.728517	75000	-0.229878	-30.102840
119	0.726452	75000	-0.229478	-30.332318
120	0.724390	75000	-0.229073	-30.561391
121	0.722331	75000	-0.228728	-30.790119
122	0.720276	75000	-0.228339	-31.018458
123	0.718225	75000	-0.227919	-31.246377
124	0.716177	75000	-0.227563	-31.473941
125	0.714132	75000	-0.227169	-31.701110
126	0.712091	75000	-0.226758	-31.927867
127	0.710054	75000	-0.226443	-32.154310
128	0.708020	75000	-0.226035	-32.380346
129	0.705989	75000	-0.225668	-32.606013
130	0.703962	75000	-0.225283	-32.831296
131	0.701939	75000	-0.224899	-33.056195
132	0.699919	75000	-0.224531	-33.280726
133	0.697902	75000	-0.224165	-33.504891
134	0.695889	75000	-0.223809	-33.728700
135	0.693880	75000	-0.223376	-33.952076
136	0.691874	75000	-0.222981	-34.175057
137	0.689871	75000	-0.222605	-34.397662
138	0.687872	75000	-0.222250	-34.619912
139	0.685877	75000	-0.221887	-34.841799
140	0.683885	75000	-0.221539	-35.063337
141	0.681896	75000	-0.221109	-35.284447
142	0.679911	75000	-0.220734	-35.505180
143	0.677929	75000	-0.220381	-35.725562
144	0.675951	75000	-0.219905	-35.945467
145	0.673976	75000	-0.219583	-36.165050
146	0.672005	75000	-0.219248	-36.384298
147	0.670037	75000	-0.218796	-36.603093
148	0.668073	75000	-0.218439	-36.821532
149	0.666112	75000	-0.218078	-37.039610
150	0.664155	75000	-0.217677	-37.257287
151	0.662201	75000	-0.217327	-37.474613
152	0.660250	75000	-0.216957	-37.691570
153	0.658303	75000	-0.216663	-37.908233
154	0.656359	75000	-0.216179	-38.124412
155	0.654419	75000	-0.215873	-38.340285
156	0.652483	75000	-0.215476	-38.555761
157	0.650549	75000	-0.215056	-38.770817
158	0.648619	75000	-0.214668	-38.985485
159	0.646693	75000	-0.214325	-39.199810
160	0.644770	75000	-0.213975	-39.413785
161	0.642851	75000	-0.213536	-39.627321
162	0.640934	75000	-0.213255	-39.840577
163	0.639022	75000	-0.212776	-40.053352
164	0.637113	75000	-0.212407	-40.265759
165	0.635207	75000	-0.212093	-40.477853
166	0.633304	75000	-0.211703	-40.689556
167	0.631405	75000	-0.211369	-40.900925
168	0.629510	75000	-0.211050	-41.111974
169	0.627618	75000	-0.210598	-41.322572
170	0.625729	75000	-0.210254	-41.532826
171	0.623844	75000	-0.209850	-41.742676
172	0.621962	75000	-0.209488	-41.952164
173	0.620083	75000	-0.209166	-42.161330
174	0.618208	75000	-0.208804	-42.370134
175	0.616337	75000	-0.208373	-42.578507
176	0.614468	75000	-0.207994	-42.786501
177	0.612604	75000	-0.207652	-42.994153
178	0.610742	75000	-0.207180	-43.201333
179	0.608884	75000	-0.206932	-43.408266
180	0.607029	75000	-0.206481	-43.614747
181	0.605178	75000	-0.206159	-43.820905
182	0.603330	75000	-0.205810	-44.026715
183	0.601486	75000	-0.205421	-44.232137
184	0.599645	75000	-0.205143	-44.437279
185	0.597807	75000	-0.204748	-44.642027
186	0.595973	75000	-0.204284	-44.846312
187	0.594142	75000	-0.203929	-45.050241
188	0.592314	75000	-0.203659	-45.253900
189	0.590490	75000	-0.203252	-45.457152
190	0.588669	75000	-0.202876	-45.660027
191	0.586852	75000	-0.202519	-45.862546
192	0.585038	75000	-0.202172	-46.064718
193	0.583227	75000	-0.201752	-46.266471
194	0.581420	75000	-0.201348	-46.467818
195	0.579616	75000	-0.201044	-46.668862
196	0.577815	75000	-0.200664	-46.869526
197	0.576018	75000	-0.200305	-47.069831
198	0.574224	75000	-0.199963	-47.269794
199	0.572433	75000	-0.199548	-47.469342
200	0.570646	75000	-0.199206	-47.668548
201	0.568862	75000	-0.198940	-47.867488
202	0.567082	75000	-0.198654	-48.066143
203	0.565305	75000	-0.198125	-48.264268
204	0.563531	75000	-0.197747	-48.462014
205	0.561761	75000	-0.197328	-48.659342
206	0.559993	75000	-0.197049	-48.856391
207	0.558230	75000	-0.196680	-49.053071
208	0.556469	75000	-0.196399	-49.249470
209	0.554712	75000	-0.195995	-49.445465
210	0.552958	75000	-0.195582	-49.641047
211	0.551208	75000	-0.195249	-49.836296
212	0.549461	75000	-0.194861	-50.031157
213	0.547717	75000	-0.194528	-50.225685
214	0.545977	75000	-0.194115	-50.419800
215	0.544240	75000	-0.193874	-50.613674
216	0.542506	75000	-0.193498	-50.807172
217	0.540775	75000	-0.193110	-51.000282
218	0.539048	75000	-0.192686	-51.192968
219	0.537324	75000	-0.192355	-51.385323
220	0.535604	75000	-0.192063	-51.577387
221	0.533887	75000	-0.191601	-51.768988
222	0.532173	75000	-0.191301	-51.960289
223	0.530462	75000	-0.190920	-52.151208
224	0.528755	75000	-0.190558	-52.341766
225	0.527051	75000	-0.190267	-52.532033
226	0.525350	75000	-0.189872	-52.721905
227	0.523653	75000	-0.189467	-52.911373
228	0.521958	75000	-0.189121	-53.100494
229	0.520268	75000	-0.188708	-53.289202
230	0.518580	75000	-0.188458	-53.477660
231	0.516896	75000	-0.188026	-53.665686
232	0.515215	75000	-0.187698	-53.853383
233	0.513537	75000	-0.187298	-54.040681
234	0.511863	75000	-0.186965	-54.227646
235	0.510192	75000	-0.186598	-54.414245
236	0.508524	75000	-0.186295	-54.600539
237	0.506859	75000	-0.185903	-54.786442
238	0.505198	75000	-0.185624	-54.972066
239	0.503540	75000	-0.185331	-55.157397
240	0.501885	75000	-0.184925	-55.342321
241	0.500234	75000	-0.184570	-55.526891
242	0.498586	75000	-0.184230	-55.711121
243	0.496941	75000	-0.183731	-55.894853
244	0.495299	75000	-0.183414	-56.078266
245	0.493660	75000	-0.183089	-56.261356
246	0.492025	75000	-0.182687	-56.444043
247	0.490393	75000	-0.182395	-56.626438
248	0.488765	75000	-0.182007	-56.808445
249	0.487139	75000	-0.181725	-56.990169
250	0.485517	75000	-0.181355	-57.171525
251	0.483898	75000	-0.181011	-57.352536
252	0.482283	75000	-0.180654	-57.533189
253	0.480670	75000	-0.180310	-57.713500
254	0.479061	75000	-0.179898	-57.893397
255	0.477455	75000	-0.179544	-58.072941
256	0.475852	75000	-0.179180	-58.252121
257	0.474253	75000	-0.178854	-58.430976
258	0.472656	75000	-0.178512	-58.609488
259	0.471063	75000	-0.178130	-58.787618
260	0.469474	75000	-0.177860	-58.965477
261	0.467887	75000	-0.177435	-59.142912
262	0.466304	75000	-0.177098	-59.320010
263	0.464723	75000	-0.176794	-59.496804
264	0.463146	75000	-0.176420	-59.673224
265	0.461573	75000	-0.176141	-59.849364
266	0.460002	75000	-0.175730	-60.025095
267	0.458435	75000	-0.175332	-60.200427
268	0.456871	75000	-0.175077	-60.375504
269	0.455310	75000	-0.174648	-60.550152
270	0.453752	75000	-0.174398	-60.724550
271	0.452198	75000	-0.174065	-60.898615
272	0.450647	75000	-0.173736	-61.072351
273	0.449098	75000	-0.173297	-61.245648
274	0.447554	75000	-0.173029	-61.418677
275	0.446012	75000	-0.172641	-61.591317
276	0.444473	75000	-0.172329	-61.763647
277	0.442938	75000	-0.171970	-61.935616
278	0.441406	75000	-0.171581	-62.107197
279	0.439877	75000	-0.171222	-62.278419
280	0.438351	75000	-0.170894	-62.449313
281	0.436829	75000	-0.170536	-62.619849
282	0.435309	75000	-0.170264	-62.790113
283	0.433793	75000	-0.169804	-62.959917
284	0.432280	75000	-0.169597	-63.129514
285	0.430770	75000	-0.169149	-63.298663
286	0.429263	75000	-0.168792	-63.467455
287	0.427760	75000	-0.168516	-63.635971
288	0.426259	75000	-0.168182	-63.804153
289	0.424762	75000	-0.167850	-63.972003
290	0.423268	75000	-0.167491	-64.139495
291	0.421777	75000	-0.167130	-64.306624
292	0.420289	75000	-0.166838	-64.473462
293	0.418805	75000	-0.166505	-64.639967
294	0.417323	75000	-0.166164	-64.806131
295	0.415845	75000	-0.165747	-64.971878
296	0.414370	75000	-0.165354	-65.137232
297	0.412898	75000	-0.165116	-65.302348
298	0.411429	75000	-0.164771	-65.467119
299	0.409963	75000	-0.164412	-65.631531
300	0.408501	75000	-0.164074	-65.795605
301	0.407041	75000	-0.163787	-65.959392
302	0.405585	75000	-0.163402	-66.122793
303	0.404132	75000	-0.163090	-66.285883
304	0.402682	75000	-0.162669	-66.448552
305	0.401235	75000	-0.162361	-66.610913
306	0.399791	75000	-0.162057	-66.772970
307	0.398350	75000	-0.161674	-66.934644
308	0.396913	75000	-0.161406	-67.096050
309	0.395478	75000	-0.161006	-67.257057
310	0.394047	75000	-0.160744	-67.417801
311	0.392619	75000	-0.160465	-67.578266
312	0.391194	75000	-0.159991	-67.738256
313	0.389772	75000	-0.159728	-67.897984
314	0.388353	75000	-0.159396	-68.057380
315	0.386937	75000	-0.159056	-68.216436
316	0.385524	75000	-0.158730	-68.375166
317	0.384115	75000	-0.158413	-68.533579
318	0.382708	75000	-0.158020	-68.691598
319	0.381305	75000	-0.157759	-68.849357
320	0.379904	75000	-0.157346	-69.006703
321	0.378507	75000	-0.157054	-69.163757
322	0.377113	75000	-0.156704	-69.320461
323	0.375722	75000	-0.156288	-69.476748
324	0.374334	75000	-0.155998	-69.632747
325	0.372949	75000	-0.155744	-69.788490
326	0.371567	75000	-0.155299	-69.943790
327	0.370189	75000	-0.155034	-70.098824
328	0.368813	75000	-0.154782	-70.253606
329	0.367440	75000	-0.154417	-70.408022
330	0.366071	75000	-0.153957	-70.561980
331	0.364705	75000	-0.153693	-70.715673
332	0.363341	75000	-0.153342	-70.869015
333	0.361981	75000	-0.153086	-71.022101
334	0.360624	75000	-0.152750	-71.174851
335	0.359269	75000	-0.152348	-71.327199
336	0.357918	75000	-0.152095	-71.479294
337	0.356570	75000	-0.151755	-71.631049
338	0.355225	75000	-0.151427	-71.782476
339	0.353883	75000	-0.151086	-71.933562
340	0.352544	75000	-0.150809	-72.084371
341	0.351208	75000	-0.150379	-72.234750
342	0.349875	75000	-0.150094	-72.384845
343	0.348546	75000	-0.149703	-72.534548
344	0.347219	75000	-0.149490	-72.684038
345	0.345895	75000	-0.149143	-72.833181
346	0.344574	75000	-0.148760	-72.981941
347	0.343257	75000	-0.148504	-73.130445
348	0.341942	75000	-0.148134	-73.278579
349	0.340630	75000	-0.147815	-73.426394
350	0.339322	75000	-0.147480	-73.573874
351	0.338016	75000	-0.147112	-73.720986
352	0.336714	75000	-0.146838	-73.867824
353	0.335414	75000	-0.146564	-74.014388
354	0.334118	75000	-0.146216	-74.160603
355	0.332824	75000	-0.145878	-74.306481
356	0.331534	75000	-0.145571	-74.452052
357	0.330246	75000	-0.145282	-74.597334
358	0.328962	75000	-0.144815	-74.742150
359	0.327680	75000	-0.144531	-74.886680
360	0.326401	75000	-0.144156	-75.030837
361	0.325126	75000	-0.144019	-75.174855
362	0.323853	75000	-0.143671	-75.318526
363	0.322584	75000	-0.143257	-75.461783
364	0.321317	75000	-0.143004	-75.604787
365	0.320054	75000	-0.142578	-75.747365
366	0.318793	75000	-0.142311	-75.889676
367	0.317536	75000	-0.142003	-76.031679
368	0.316281	75000	-0.141696	-76.173375
369	0.315030	75000	-0.141330	-76.314704
370	0.313781	75000	-0.141074	-76.455778
371	0.312535	75000	-0.140643	-76.596421
372	0.311293	75000	-0.140495	-76.736916
373	0.310053	75000	-0.140004	-76.876920
374	0.308816	75000	-0.139743	-77.016663
375	0.307582	75000	-0.139426	-77.156089
376	0.306352	75000	-0.139185	-77.295273
377	0.305124	75000	-0.138738	-77.434011
378	0.303899	75000	-0.138398	-77.572409
379	0.302677	75000	-0.138086	-77.710495
380	0.301458	75000	-0.137821	-77.848316
381	0.300242	75000	-0.137519	-77.985835
382	0.299029	75000	-0.137209	-78.123044
383	0.297819	75000	-0.136904	-78.259948
384	0.296611	75000	-0.136547	-78.396494
385	0.295407	75000	-0.136331	-78.532826
386	0.294206	75000	-0.136049	-78.668875
387	0.293007	75000	-0.135606	-78.804481
388	0.291812	75000	-0.135432	-78.939913
389	0.290619	75000	-0.135014	-79.074927
390	0.289430	75000	-0.134692	-79.209619
391	0.288243	75000	-0.134296	-79.343915
392	0.287059	75000	-0.134028	-79.477943
393	0.285879	75000	-0.133763	-79.611705
394	0.284701	75000	-0.133519	-79.745225
395	0.283526	75000	-0.133119	-79.878344
396	0.282354	75000	-0.132787	-80.011131
397	0.281184	75000	-0.132473	-80.143603
398	0.280018	75000	-0.132157	-80.275760
399	0.278855	75000	-0.131855	-80.407615
400	0.277694	75000	-0.131554	-80.539169
401	0.276537	75000	-0.131247	-80.670417
402	0.275382	75000	-0.130958	-80.801375
403	0.274230	75000	-0.130603	-80.931978
404	0.273082	75000	-0.130336	-81.062314
405	0.271936	75000	-0.130022	-81.192336
406	0.270793	75000	-0.129638	-81.321974
407	0.269652	75000	-0.129422	-81.451396
408	0.268515	75000	-0.129027	-81.580423
409	0.267381	75000	-0.128853	-81.709276
410	0.266249	75000	-0.128495	-81.837771
411	0.265121	75000	-0.128150	-81.965922
412	0.263995	75000	-0.127902	-82.093824
413	0.262872	75000	-0.127595	-82.221419
414	0.261752	75000	-0.127196	-82.348615
415	0.260635	75000	-0.126975	-82.475590
416	0.259520	75000	-0.126682	-82.602272
417	0.258409	75000	-0.126297	-82.728570
418	0.257300	75000	-0.126003	-82.854573
419	0.256195	75000	-0.125700	-82.980272
420	0.255092	75000	-0.125442	-83.105715
421	0.253992	75000	-0.124992	-83.230706
422	0.252895	75000	-0.124706	-83.355412
423	0.251800	75000	-0.124510	-83.479922
424	0.250709	75000	-0.124139	-83.604061
425	0.249620	75000	-0.123836	-83.727897
426	0.248534	75000	-0.123590	-83.851488
427	0.247451	75000	-0.123281	-83.974769
428	0.246371	75000	-0.123009	-84.097778
429	0.245294	75000	-0.122635	-84.220413
430	0.244220	75000	-0.122327	-84.342741
431	0.243148	75000	-0.122029	-84.464770
432	0.242079	75000	-0.121741	-84.586511
433	0.241013	75000	-0.121385	-84.707895
434	0.239950	75000	-0.121056	-84.828951
435	0.238890	75000	-0.120897	-84.949848
436	0.237832	75000	-0.120595	-85.070444
437	0.236778	75000	-0.120342	-85.190785
438	0.235726	75000	-0.119854	-85.310640
439	0.234677	75000	-0.119585	-85.430225
440	0.233630	75000	-0.119477	-85.549701
441	0.232587	75000	-0.119050	-85.668752
442	0.231546	75000	-0.118733	-85.787484
443	0.230509	75000	-0.118477	-85.905961
444	0.229473	75000	-0.118176	-86.024137
445	0.228441	75000	-0.117697	-86.141834
446	0.227412	75000	-0.117612	-86.259446
447	0.226385	75000	-0.117236	-86.376682
448	0.225361	75000	-0.116993	-86.493675
449	0.224340	75000	-0.116746	-86.610421
450	0.223322	75000	-0.116296	-86.726717
451	0.222306	75000	-0.116108	-86.842824
452	0.221293	75000	-0.115832	-86.958657
453	0.220283	75000	-0.115463	-87.074119
454	0.219276	75000	-0.115233	-87.189353
455	0.218272	75000	-0.114879	-87.304232
456	0.217270	75000	-0.114644	-87.418876
457	0.216271	75000	-0.114339	-87.533215
458	0.215275	75000	-0.114067	-87.647282
459	0.214281	75000	-0.113792	-87.761074
460	0.213291	75000	-0.113428	-87.874502
461	0.212303	75000	-0.113187	-87.987689
462	0.211318	75000	-0.112845	-88.100534
463	0.210335	75000	-0.112591	-88.213125
464	0.209356	75000	-0.112332	-88.325457
465	0.208379	75000	-0.111944	-88.437401
466	0.207404	75000	-0.111578	-88.548979
467	0.206433	75000	-0.111443	-88.660421
468	0.205464	75000	-0.111117	-88.771538
469	0.204498	75000	-0.110952	-88.882490
470	0.203535	75000	-0.110537	-88.993028
471	0.202575	75000	-0.110224	-89.103252
472	0.201617	75000	-0.110080	-89.213332
473	0.200662	75000	-0.109668	-89.323000
474	0.199709	75000	-0.109472	-89.432471
475	0.198760	75000	-0.108994	-89.541465
476	0.197813	75000	-0.108807	-89.650273
477	0.196869	75000	-0.108543	-89.758815
478	0.195927	75000	-0.108229	-89.867045
479	0.194988	75000	-0.108002	-89.975047
480	0.194052	75000	-0.107680	-90.082727
481	0.193119	75000	-0.107434	-90.190161
482	0.192188	75000	-0.107165	-90.297326
483	0.191260	75000	-0.106817	-90.404143
484	0.190335	75000	-0.106506	-90.510649
485	0.189412	75000	-0.106289	-90.616938
486	0.188492	75000	-0.105962	-90.722900
487	0.187575	75000	-0.105630	-90.828530
488	0.186660	75000	-0.105410	-90.933940
489	0.185749	75000	-0.105158	-91.039098
490	0.184839	75000	-0.104751	-91.143849
491	0.183933	75000	-0.104645	-91.248493
492	0.183029	75000	-0.104309	-91.352803
493	0.182128	75000	-0.103948	-91.456751
494	0.181229	75000	-0.103780	-91.560530
495	0.180333	75000	-0.103474	-91.664004
496	0.179440	75000	-0.103206	-91.767210
497	0.178550	75000	-0.102724	-91.869935
498	0.177662	75000	-0.102538	-91.972473
499	0.176777	75000	-0.102319	-92.074792
500	0.175894	75000	-0.102004	-92.176795
501	0.175014	75000	-0.101724	-92.278519
502	0.174137	75000	-0.101458	-92.379977
503	0.173262	75000	-0.101191	-92.481167
504	0.172390	75000	-0.100822	-92.581990
505	0.171521	75000	-0.100580	-92.682570
506	0.170654	75000	-0.100249	-92.782819
507	0.169790	75000	-0.100168	-92.882987
508	0.168929	75000	-0.099719	-92.982706
509	0.168070	75000	-0.099588	-93.082294
510	0.167214	75000	-0.099278	-93.181572
511	0.166360	75000	-0.099027	-93.280599
512	0.165509	75000	-0.098587	-93.379185
513	0.164661	75000	-0.098473	-93.477658
514	0.163815	75000	-0.098180	-93.575838
515	0.162972	75000	-0.097838	-93.673675
516	0.162132	75000	-0.097575	-93.771251
517	0.161294	75000	-0.097251	-93.868502
518	0.160458	75000	-0.097049	-93.965551
519	0.159626	75000	-0.096728	-94.062279
520	0.158796	75000	-0.096438	-94.158717
521	0.157968	75000	-0.096245	-94.254962
522	0.157143	75000	-0.096006	-94.350968
523	0.156321	75000	-0.095682	-94.446650
524	0.155501	75000	-0.095449	-94.542099
525	0.154684	75000	-0.095155	-94.637255
526	0.153870	75000	-0.094897	-94.732152
527	0.153058	75000	-0.094555	-94.826707
528	0.152248	75000	-0.094326	-94.921033
529	0.151441	75000	-0.094053	-95.015086
530	0.150637	75000	-0.093822	-95.108908
531	0.149835	75000	-0.093574	-95.202482
532	0.149036	75000	-0.093339	-95.295821
533	0.148240	75000	-0.092984	-95.388805
534	0.147446	75000	-0.092656	-95.481461
535	0.146654	75000	-0.092490	-95.573951
536	0.145865	75000	-0.092120	-95.666071
537	0.145079	75000	-0.091970	-95.758041
538	0.144295	75000	-0.091663	-95.849703
539	0.143514	75000	-0.091390	-95.941094
540	0.142735	75000	-0.091118	-96.032212
541	0.141959	75000	-0.090785	-96.122997
542	0.141186	75000	-0.090486	-96.213483
543	0.140415	75000	-0.090337	-96.303819
544	0.139646	75000	-0.090057	-96.393876
545	0.138880	75000	-0.089704	-96.483579
546	0.138116	75000	-0.089483	-96.573063
547	0.137356	75000	-0.089198	-96.662261
548	0.136597	75000	-0.088988	-96.751249
549	0.135841	75000	-0.088839	-96.840088
550	0.135088	75000	-0.088493	-96.928581
551	0.134337	75000	-0.088277	-97.016858
552	0.133588	75000	-0.087946	-97.104804
553	0.132843	75000	-0.087752	-97.192556
554	0.132099	75000	-0.087459	-97.280015
555	0.131358	75000	-0.087190	-97.367205
556	0.130620	75000	-0.086888	-97.454094
557	0.129884	75000	-0.086618	-97.540712
558	0.129151	75000	-0.086428	-97.627140
559	0.128420	75000	-0.086211	-97.713350
560	0.127691	75000	-0.085924	-97.799274
561	0.126965	75000	-0.085693	-97.884968
562	0.126242	75000	-0.085394	-97.970362
563	0.125521	75000	-0.085079	-98.055441
564	0.124802	75000	-0.084811	-98.140252
565	0.124086	75000	-0.084681	-98.224933
566	0.123373	75000	-0.084364	-98.309296
567	0.122662	75000	-0.083991	-98.393288
568	0.121953	75000	-0.083823	-98.477111
569	0.121247	75000	-0.083508	-98.560619
570	0.120543	75000	-0.083355	-98.643974
571	0.119842	75000	-0.083207	-98.727181
572	0.119143	75000	-0.082814	-98.809996
573	0.118447	75000	-0.082497	-98.892493
574	0.117753	75000	-0.082279	-98.974771
575	0.117062	75000	-0.082008	-99.056779
576	0.116373	75000	-0.081782	-99.138561
577	0.115686	75000	-0.081511	-99.220072
578	0.115002	75000	-0.081189	-99.301261
579	0.114320	75000	-0.081079	-99.382340
580	0.113641	75000	-0.080811	-99.463151
581	0.112964	75000	-0.080630	-99.543781
582	0.112290	75000	-0.080303	-99.624084
583	0.111618	75000	-0.080066	-99.704150
584	0.110948	75000	-0.079849	-99.783999
585	0.110281	75000	-0.079492	-99.863491
586	0.109616	75000	-0.079368	-99.942859
587	0.108954	75000	-0.079148	-100.022007
588	0.108294	75000	-0.078807	-100.100814
589	0.107637	75000	-0.078584	-100.179399
590	0.106981	75000	-0.078322	-100.257721
591	0.106329	75000	-0.078139	-100.335859
592	0.105678	75000	-0.077948	-100.413807
593	0.105030	75000	-0.077654	-100.491461
594	0.104385	75000	-0.077291	-100.568751
595	0.103742	75000	-0.077127	-100.645878
596	0.103101	75000	-0.076927	-100.722805
597	0.102463	75000	-0.076686	-100.799491
598	0.101827	75000	-0.076320	-100.875811
599	0.101193	75000	-0.076125	-100.951936
600	0.100562	75000	-0.075992	-101.027929
601	0.099933	75000	-0.075747	-101.103676
602	0.099306	75000	-0.075450	-101.179126
603	0.098682	75000	-0.075132	-101.254257
604	0.098060	75000	-0.074827	-101.329084
605	0.097441	75000	-0.074774	-101.403858
606	0.096824	75000	-0.074437	-101.478296
607	0.096209	75000	-0.074238	-101.552533
608	0.095596	75000	-0.074085	-101.626619
609	0.094986	75000	-0.073795	-101.700414
610	0.094379	75000	-0.073594	-101.774008
611	0.093773	75000	-0.073316	-101.847324
612	0.093170	75000	-0.073133	-101.920457
613	0.092570	75000	-0.072871	-101.993328
614	0.091971	75000	-0.072701	-102.066028
615	0.091375	75000	-0.072518	-102.138546
616	0.090781	75000	-0.072072	-102.210618
617	0.090190	75000	-0.072031	-102.282648
618	0.089601	75000	-0.071634	-102.354283
619	0.089014	75000	-0.071542	-102.425825
620	0.088430	75000	-0.071150	-102.496976
621	0.087848	75000	-0.070850	-102.567826
622	0.087268	75000	-0.070745	-102.638570
623	0.086690	75000	-0.070409	-102.708979
624	0.086115	75000	-0.070355	-102.779334
625	0.085542	75000	-0.069990	-102.849324
626	0.084971	75000	-0.069818	-102.919142
627	0.084403	75000	-0.069610	-102.988752
628	0.083837	75000	-0.069425	-103.058178
629	0.083273	75000	-0.069096	-103.127274
630	0.082712	75000	-0.068916	-103.196190
631	0.082152	75000	-0.068574	-103.264764
632	0.081595	75000	-0.068424	-103.333188
633	0.081041	75000	-0.068137	-103.401325
634	0.080488	75000	-0.068044	-103.469369
635	0.079938	75000	-0.067767	-103.537136
636	0.079390	75000	-0.067445	-103.604581
637	0.078845	75000	-0.067219	-103.671801
638	0.078301	75000	-0.067122	-103.738923
639	0.077760	75000	-0.066879	-103.805802
640	0.077221	75000	-0.066820	-103.872622
641	0.076684	75000	-0.066323	-103.938945
642	0.076150	75000	-0.066120	-104.005065
643	0.075618	75000	-0.066007	-104.071072
644	0.075088	75000	-0.065742	-104.136815
645	0.074560	75000	-0.065631	-104.202446
646	0.074035	75000	-0.065382	-104.267827
647	0.073512	75000	-0.065135	-104.332962
648	0.072991	75000	-0.064796	-104.397758
649	0.072472	75000	-0.064764	-104.462522
650	0.071955	75000	-0.064642	-104.527164
651	0.071441	75000	-0.064193	-104.591357
652	0.070929	75000	-0.064001	-104.655359
653	0.070419	75000	-0.063793	-104.719152
654	0.069911	75000	-0.063507	-104.782659
655	0.069406	75000	-0.063328	-104.845987
656	0.068903	75000	-0.063202	-104.909189
657	0.068401	75000	-0.062828	-104.972017
658	0.067903	75000	-0.063015	-105.035032
659	0.067406	75000	-0.062692	-105.097723
660	0.066911	75000	-0.062271	-105.159994
661	0.066419	75000	-0.061953	-105.221947
662	0.065929	75000	-0.061920	-105.283867
663	0.065441	75000	-0.061914	-105.345781
664	0.064955	75000	-0.061611	-105.407392
665	0.064471	75000	-0.061252	-105.468644
666	0.063990	75000	-0.060985	-105.529629
667	0.063510	75000	-0.060954	-105.590583
668	0.063033	75000	-0.060700	-105.651283
669	0.062558	75000	-0.060288	-105.711571
670	0.062085	75000	-0.060198	-105.771769
671	0.061615	75000	-0.060175	-105.831943
672	0.061146	75000	-0.059918	-105.891862
673	0.060680	75000	-0.059939	-105.951800
674	0.060216	75000	-0.059444	-106.011244
675	0.059753	75000	-0.059199	-106.070443
676	0.059293	75000	-0.058898	-106.129342
677	0.058836	75000	-0.058806	-106.188148
678	0.058380	75000	-0.058576	-106.246724
679	0.057926	75000	-0.058540	-106.305264
680	0.057475	75000	-0.058375	-106.363640
681	0.057025	75000	-0.058023	-106.421662
682	0.056578	75000	-0.058018	-106.479680
683	0.056133	75000	-0.057698	-106.537378
684	0.055690	75000	-0.057630	-106.595008
685	0.055249	75000	-0.057595	-106.652603
686	0.054810	75000	-0.056983	-106.709586
687	0.054373	75000	-0.056869	-106.766454
688	0.053939	75000	-0.056634	-106.823088
689	0.053506	75000	-0.056761	-106.879849
690	0.053076	75000	-0.056158	-106.936007
691	0.052647	75000	-0.055962	-106.991969
692	0.052221	75000	-0.055681	-107.047650
693	0.051797	75000	-0.055759	-107.103409
694	0.051375	75000	-0.055757	-107.159166
695	0.050955	75000	-0.055342	-107.214508
696	0.050537	75000	-0.055343	-107.269851
697	0.050121	75000	-0.055148	-107.324999
698	0.049707	75000	-0.054934	-107.379933
699	0.049295	75000	-0.054713	-107.434646
700	0.048885	75000	-0.054615	-107.489261
701	0.048478	75000	-0.054226	-107.543488
702	0.048072	75000	-0.053812	-107.597299
703	0.047668	75000	-0.053703	-107.651002
704	0.047267	75000	-0.053891	-107.704893
705	0.046867	75000	-0.053300	-107.758193
706	0.046470	75000	-0.053427	-107.811620
707	0.046074	75000	-0.053310	-107.864930
708	0.045681	75000	-0.053134	-107.918064
709	0.045289	75000	-0.052993	-107.971057
710	0.044900	75000	-0.052642	-108.023699
711	0.044512	75000	-0.052457	-108.076157
712	0.044127	75000	-0.052358	-108.128514
713	0.043744	75000	-0.052120	-108.180634
714	0.043362	75000	-0.051865	-108.232499
715	0.042983	75000	-0.051835	-108.284333
716	0.042606	75000	-0.051525	-108.335858
717	0.042230	75000	-0.051464	-108.387323
718	0.041857	75000	-0.051125	-108.438447
719	0.041485	75000	-0.051187	-108.489634
720	0.041116	75000	-0.051133	-108.540767
721	0.040749	75000	-0.050809	-108.591576
722	0.040383	75000	-0.050774	-108.642349
723	0.040020	75000	-0.050342	-108.692692
724	0.039658	75000	-0.050253	-108.742945
725	0.039299	75000	-0.050434	-108.793379
726	0.038941	75000	-0.049854	-108.843233
727	0.038585	75000	-0.049782	-108.893015
728	0.038232	75000	-0.049771	-108.942786
729	0.037880	75000	-0.049532	-108.992318
730	0.037530	75000	-0.049586	-109.041903
731	0.037182	75000	-0.048890	-109.090794
732	0.036836	75000	-0.049234	-109.140028
733	0.036493	75000	-0.049130	-109.189158
734	0.036151	75000	-0.048695	-109.237853
735	0.035810	75000	-0.048605	-109.286458
736	0.035472	75000	-0.048454	-109.334912
737	0.035136	75000	-0.048611	-109.383523
738	0.034802	75000	-0.048243	-109.431766
739	0.034469	75000	-0.048151	-109.479917
740	0.034139	75000	-0.047864	-109.527781
741	0.033810	75000	-0.047773	-109.575554
742	0.033484	75000	-0.047766	-109.623320
743	0.033159	75000	-0.047506	-109.670826
744	0.032836	75000	-0.047342	-109.718168
745	0.032515	75000	-0.047318	-109.765486
746	0.032196	75000	-0.047101	-109.812587
747	0.031879	75000	-0.047065	-109.859653
748	0.031563	75000	-0.046751	-109.906403
749	0.031250	75000	-0.046604	-109.953007
750	0.030938	75000	-0.046242	-109.999249
751	0.030629	75000	-0.046456	-110.045705
752	0.030321	75000	-0.046107	-110.091812
753	0.030015	75000	-0.046168	-110.137979
754	0.029711	75000	-0.045909	-110.183888
755	0.029409	75000	-0.045576	-110.229465
756	0.029108	75000	-0.045964	-110.275429
757	0.028810	75000	-0.045544	-110.320973
758	0.028513	75000	-0.045497	-110.366470
759	0.028218	75000	-0.045151	-110.411621
760	0.027925	75000	-0.045566	-110.457187
761	0.027634	75000	-0.045512	-110.502699
762	0.027345	75000	-0.045256	-110.547955
763	0.027057	75000	-0.045224	-110.593179
764	0.026771	75000	-0.044746	-110.637925
765	0.026487	75000	-0.045016	-110.682940
766	0.026205	75000	-0.044612	-110.727552
767	0.025925	75000	-0.044640	-110.772192
768	0.025647	75000	-0.044826	-110.817018
769	0.025370	75000	-0.044722	-110.861741
770	0.025095	75000	-0.044575	-110.906316
771	0.024822	75000	-0.044294	-110.950610
772	0.024551	75000	-0.044061	-110.994671
773	0.024281	75000	-0.044146	-111.038817
774	0.024014	75000	-0.044292	-111.083109
775	0.023748	75000	-0.044037	-111.127146
776	0.023483	75000	-0.044040	-111.171186
777	0.023221	75000	-0.043891	-111.215077
778	0.022960	75000	-0.043368	-111.258446
779	0.022702	75000	-0.043537	-111.301983
780	0.022445	75000	-0.043315	-111.345298
781	0.022189	75000	-0.043785	-111.389083
782	0.021936	75000	-0.043318	-111.432401
783	0.021684	75000	-0.043743	-111.476144
784	0.021434	75000	-0.043692	-111.519836
785	0.021185	75000	-0.043592	-111.563429
786	0.020939	75000	-0.043165	-111.606594
787	0.020694	75000	-0.043041	-111.649634
788	0.020451	75000	-0.043360	-111.692995
789	0.020209	75000	-0.042728	-111.735723
790	0.019969	75000	-0.043444	-111.779167
791	0.019731	75000	-0.043298	-111.822465
792	0.019495	75000	-0.043055	-111.865520
793	0.019261	75000	-0.042650	-111.908170
794	0.019028	75000	-0.043490	-111.951660
795	0.018796	75000	-0.042739	-111.994399
796	0.018567	75000	-0.043163	-112.037562
797	0.018339	75000	-0.043276	-112.080838
798	0.018113	75000	-0.042502	-112.123340
799	0.017889	75000	-0.042938	-112.166277
800	0.017666	75000	-0.043161	-112.209438
801	0.017445	75000	-0.043311	-112.252750
802	0.017225	75000	-0.043306	-112.296055
803	0.017007	75000	-0.043715	-112.339771
804	0.016791	75000	-0.043445	-112.383216
805	0.016577	75000	-0.043889	-112.427105
806	0.016364	75000	-0.043187	-112.470291
807	0.016153	75000	-0.043465	-112.513756
808	0.015943	75000	-0.043616	-112.557373
809	0.015736	75000	-0.043800	-112.601172
810	0.015529	75000	-0.043177	-112.644350
811	0.015325	75000	-0.043558	-112.687908
812	0.015122	75000	-0.044417	-112.732325
813	0.014920	75000	-0.043422	-112.775747
814	0.014721	75000	-0.043394	-112.819141
815	0.014523	75000	-0.043811	-112.862952
816	0.014326	75000	-0.044218	-112.907170
817	0.014131	75000	-0.044003	-112.951174
818	0.013938	75000	-0.043900	-112.995074
819	0.013746	75000	-0.043724	-113.038798
820	0.013556	75000	-0.044539	-113.083337
821	0.013367	75000	-0.046587	-113.129924
822	0.013181	75000	-0.044972	-113.174896
823	0.012995	75000	-0.045451	-113.220347
824	0.012811	75000	-0.044988	-113.265334
825	0.012629	75000	-0.045758	-113.311092
826	0.012448	75000	-0.045185	-113.356277
827	0.012269	75000	-0.047415	-113.403692
828	0.012092	75000	-0.047885	-113.451577
829	0.011916	75000	-0.046098	-113.497675
830	0.011741	75000	-0.047368	-113.545043
831	0.011568	75000	-0.046880	-113.591922
832	0.011397	75000	-0.047782	-113.639704
833	0.011227	75000	-0.048381	-113.688085
834	0.011059	75000	-0.047807	-113.735892
835	0.010892	75000	-0.049272	-113.785164
836	0.010727	75000	-0.049002	-113.834165
837	0.010563	75000	-0.048932	-113.883098
838	0.010401	75000	-0.050182	-113.933279
839	0.010240	75000	-0.049667	-113.982946
840	0.010081	75000	-0.051852	-114.034798
841	0.009923	75000	-0.050200	-114.084998
842	0.009767	75000	-0.053115	-114.138113
843	0.009612	75000	-0.052734	-114.190847
844	0.009459	75000	-0.052084	-114.242931
845	0.009307	75000	-0.054264	-114.297195
846	0.009156	75000	-0.054384	-114.351580
847	0.009008	75000	-0.055420	-114.407000
848	0.008860	75000	-0.057725	-114.464724
849	0.008714	75000	-0.057531	-114.522255
850	0.008570	75000	-0.057716	-114.579971
851	0.008427	75000	-0.059014	-114.638984
852	0.008285	75000	-0.058816	-114.697801
853	0.008145	75000	-0.060053	-114.757853
854	0.008006	75000	-0.060737	-114.818591
855	0.007869	75000	-0.062128	-114.880719
856	0.007733	75000	-0.063214	-114.943933
857	0.007598	75000	-0.065557	-115.009490
858	0.007465	75000	-0.066084	-115.075574
859	0.007334	75000	-0.064575	-115.140149
860	0.007203	75000	-0.066919	-115.207068
861	0.007075	75000	-0.068136	-115.275204
862	0.006947	75000	-0.069608	-115.344813
863	0.006821	75000	-0.071437	-115.416250
864	0.006696	75000	-0.073253	-115.489503
865	0.006573	75000	-0.072293	-115.561796
866	0.006451	75000	-0.074035	-115.635830
867	0.006330	75000	-0.074732	-115.710562
868	0.006211	75000	-0.076743	-115.787305
869	0.006093	75000	-0.077478	-115.864783
870	0.005977	75000	-0.078165	-115.942948
871	0.005862	75000	-0.082039	-116.024987
872	0.005748	75000	-0.080352	-116.105339
873	0.005635	75000	-0.083357	-116.188696
874	0.005524	75000	-0.084630	-116.273326
875	0.005414	75000	-0.084414	-116.357740
876	0.005306	75000	-0.087679	-116.445419
877	0.005199	75000	-0.088085	-116.533503
878	0.005093	75000	-0.091852	-116.625355
879	0.004988	75000	-0.090315	-116.715670
880	0.004885	75000	-0.090077	-116.805747
881	0.004783	75000	-0.091245	-116.896992
882	0.004682	75000	-0.092796	-116.989788
883	0.004583	75000	-0.095789	-117.085577
884	0.004485	75000	-0.094801	-117.180378
885	0.004388	75000	-0.096029	-117.276407
886	0.004292	75000	-0.097004	-117.373411
887	0.004198	75000	-0.098600	-117.472011
888	0.004105	75000	-0.099039	-117.571051
889	0.004013	75000	-0.101019	-117.672070
890	0.003923	75000	-0.100143	-117.772212
891	0.003833	75000	-0.100242	-117.872455
892	0.003745	75000	-0.100670	-117.973125
893	0.003658	75000	-0.101739	-118.074863
894	0.003573	75000	-0.102595	-118.177459
895	0.003488	75000	-0.101596	-118.279054
896	0.003405	75000	-0.101907	-118.380961
897	0.003323	75000	-0.100721	-118.481682
898	0.003242	75000	-0.101160	-118.582843
899	0.003162	75000	-0.103826	-118.686669
900	0.003084	75000	-0.102708	-118.789377
901	0.003007	75000	-0.102857	-118.892235
902	0.002930	75000	-0.101843	-118.994077
903	0.002855	75000	-0.100078	-119.094155
904	0.002782	75000	-0.099552	-119.193708
905	0.002709	75000	-0.100350	-119.294058
906	0.002638	75000	-0.099442	-119.393499
907	0.002567	75000	-0.098647	-119.492147
908	0.002498	75000	-0.097491	-119.589638
909	0.002430	75000	-0.098069	-119.687707
910	0.002363	75000	-0.096879	-119.784586
911	0.002297	75000	-0.096533	-119.881119
912	0.002233	75000	-0.094664	-119.975783
913	0.002169	75000	-0.094563	-120.070347
914	0.002106	75000	-0.094219	-120.164566
915	0.002045	75000	-0.093078	-120.257643
916	0.001985	75000	-0.091661	-120.349304
917	0.001925	75000	-0.092066	-120.441370
918	0.001867	75000	-0.089155	-120.530525
919	0.001810	75000	-0.089225	-120.619750
920	0.001754	75000	-0.088225	-120.707975
921	0.001699	75000	-0.087827	-120.795802
922	0.001645	75000	-0.086143	-120.881945
923	0.001592	75000	-0.084720	-120.966665
924	0.001540	75000	-0.083359	-121.050024
925	0.001490	75000	-0.082287	-121.132311
926	0.001440	75000	-0.080894	-121.213205
927	0.001391	75000	-0.079572	-121.292776
928	0.001343	75000	-0.077978	-121.370754
929	0.001296	75000	-0.076954	-121.447708
930	0.001251	75000	-0.075741	-121.523449
931	0.001206	75000	-0.073866	-121.597315
932	0.001162	75000	-0.073349	-121.670664
933	0.001119	75000	-0.071297	-121.741960
934	0.001077	75000	-0.070560	-121.812520
935	0.001036	75000	-0.068611	-121.881131
936	0.000996	75000	-0.068087	-121.949219
937	0.000957	75000	-0.066376	-122.015594
938	0.000919	75000	-0.065044	-122.080638
939	0.000882	75000	-0.063349	-122.143987
940	0.000846	75000	-0.062188	-122.206175
941	0.000810	75000	-0.060705	-122.266880
942	0.000776	75000	-0.059307	-122.326187
943	0.000742	75000	-0.057867	-122.384054
944	0.000709	75000	-0.056550	-122.440604
945	0.000678	75000	-0.054899	-122.495503
946	0.000647	75000	-0.053571	-122.549073
947	0.000617	75000	-0.052625	-122.601698
948	0.000587	75000	-0.050786	-122.652484
949	0.000559	75000	-0.049366	-122.701850
950	0.000531	75000	-0.048343	-122.750194
951	0.000505	75000	-0.046883	-122.797077
952	0.000479	75000	-0.045742	-122.842819
953	0.000454	75000	-0.043991	-122.886810
954	0.000430	75000	-0.043076	-122.929886
955	0.000406	75000	-0.041589	-122.971475
956	0.000383	75000	-0.040178	-123.011653
957	0.000362	75000	-0.038671	-123.050323
958	0.000340	75000	-0.037528	-123.087851
959	0.000320	75000	-0.036261	-123.124112
960	0.000300	75000	-0.034985	-123.159097
961	0.000281	75000	-0.033613	-123.192711
962	0.000263	75000	-0.032366	-123.225076
963	0.000246	75000	-0.031058	-123.256134
964	0.000229	75000	-0.030032	-123.286166
965	0.000213	75000	-0.028739	-123.314905
966	0.000198	75000	-0.027472	-123.342377
967	0.000183	75000	-0.026270	-123.368647
968	0.000169	75000	-0.025090	-123.393737
969	0.000156	75000	-0.023884	-123.417621
970	0.000143	75000	-0.022792	-123.440413
971	0.000131	75000	-0.021713	-123.462126
972	0.000120	75000	-0.020546	-123.482671
973	0.000109	75000	-0.019456	-123.502128
974	0.000099	75000	-0.018360	-123.520488
975	0.000089	75000	-0.017262	-123.537750
976	0.000080	75000	-0.016234	-123.553984
977	0.000072	75000	-0.015260	-123.569244
978	0.000064	75000	-0.014188	-123.583433
979	0.000057	75000	-0.013229	-123.596661
980	0.000050	75000	-0.012279	-123.608940
981	0.000043	75000	-0.011331	-123.620271
982	0.000038	75000	-0.010436	-123.630707
983	0.000032	75000	-0.009574	-123.640281
984	0.000028	75000	-0.008747	-123.649028
985	0.000023	75000	-0.007910	-123.656938
986	0.000019	75000	-0.007109	-123.664047
987	0.000016	75000	-0.006325	-123.670372
988	0.000013	75000	-0.005569	-123.675941
989	0.000010	75000	-0.004885	-123.680827
990	0.000008	75000	-0.004199	-123.685025
991	0.000006	75000	-0.003552	-123.688577
992	0.000004	75000	-0.002945	-123.691523
993	0.000003	75000	-0.002377	-123.693899
994	0.000002	75000	-0.001852	-123.695751
995	0.000001	75000	-0.001366	-123.697117
996	0.000000	75000	-0.000941	-123.698058
997	0.000000	75000	-0.000569	-123.698627
998	0.000000	75000	-0.000268	-123.698894
999	0.000000	75000	-0.000057	-123.698952
Log marginal likelihood:	-123.698952
