Steppingstone sampler:
        No Stones:                  1000
        Start It:                   10000001
        It Per Stone:               100000
        Sample Freq:                1
        Dist:                       Beta(0.400000,1.000000)
Stone No	Power	N	Stone MLh	Running MLh
0	0.997502	75000	-0.462885	-0.462885
1	0.995007	75000	-0.462213	-0.925099
2	0.992517	75000	-0.461598	-1.386697
3	0.990030	75000	-0.460904	-1.847601
4	0.987547	75000	-0.460206	-2.307807
5	0.985067	75000	-0.459507	-2.767314
6	0.982592	75000	-0.458777	-3.226091
7	0.980120	75000	-0.458157	-3.684248
8	0.977652	75000	-0.457477	-4.141724
9	0.975187	75000	-0.456751	-4.598475
10	0.972726	75000	-0.456172	-5.054647
11	0.970269	75000	-0.455373	-5.510020
12	0.967816	75000	-0.454683	-5.964703
13	0.965367	75000	-0.454022	-6.418725
14	0.962921	75000	-0.453325	-6.872050
15	0.960479	75000	-0.452640	-7.324690
16	0.958040	75000	-0.452010	-7.776700
17	0.955606	75000	-0.451210	-8.227910
18	0.953175	75000	-0.450625	-8.678535
19	0.950747	75000	-0.449919	-9.128454
20	0.948324	75000	-0.449249	-9.577702
21	0.945904	75000	-0.448573	-10.026275
22	0.943488	75000	-0.447908	-10.474183
23	0.941076	75000	-0.447208	-10.921391
24	0.938667	75000	-0.446577	-11.367967
25	0.936262	75000	-0.445845	-11.813812
26	0.933861	75000	-0.445158	-12.258970
27	0.931463	75000	-0.444425	-12.703395
28	0.929069	75000	-0.443884	-13.147279
29	0.926679	75000	-0.443142	-13.590421
30	0.924293	75000	-0.442432	-14.032854
31	0.921910	75000	-0.441819	-14.474672
32	0.919531	75000	-0.441110	-14.915783
33	0.917155	75000	-0.440408	-15.356190
34	0.914783	75000	-0.439755	-15.795945
35	0.912415	75000	-0.439044	-16.234989
36	0.910051	75000	-0.438396	-16.673386
37	0.907690	75000	-0.437697	-17.111083
38	0.905333	75000	-0.437089	-17.548172
39	0.902980	75000	-0.436363	-17.984535
40	0.900630	75000	-0.435684	-18.420219
41	0.898284	75000	-0.435040	-18.855259
42	0.895942	75000	-0.434388	-19.289648
43	0.893603	75000	-0.433635	-19.723282
44	0.891268	75000	-0.433034	-20.156316
45	0.888937	75000	-0.432310	-20.588626
46	0.886609	75000	-0.431645	-21.020271
47	0.884285	75000	-0.430964	-21.451235
48	0.881965	75000	-0.430349	-21.881584
49	0.879648	75000	-0.429682	-22.311266
50	0.877335	75000	-0.428915	-22.740180
51	0.875026	75000	-0.428314	-23.168495
52	0.872720	75000	-0.427621	-23.596116
53	0.870418	75000	-0.426953	-24.023069
54	0.868120	75000	-0.426300	-24.449369
55	0.865825	75000	-0.425606	-24.874975
56	0.863534	75000	-0.424926	-25.299901
57	0.861246	75000	-0.424314	-25.724215
58	0.858962	75000	-0.423639	-26.147854
59	0.856682	75000	-0.422972	-26.570826
60	0.854405	75000	-0.422300	-26.993126
61	0.852132	75000	-0.421651	-27.414777
62	0.849863	75000	-0.420933	-27.835710
63	0.847597	75000	-0.420254	-28.255964
64	0.845335	75000	-0.419641	-28.675605
65	0.843077	75000	-0.418922	-29.094527
66	0.840822	75000	-0.418216	-29.512743
67	0.838571	75000	-0.417584	-29.930327
68	0.836323	75000	-0.416919	-30.347246
69	0.834079	75000	-0.416345	-30.763591
70	0.831839	75000	-0.415644	-31.179235
71	0.829602	75000	-0.415019	-31.594254
72	0.827369	75000	-0.414284	-32.008538
73	0.825140	75000	-0.413622	-32.422160
74	0.822914	75000	-0.413032	-32.835192
75	0.820691	75000	-0.412314	-33.247506
76	0.818473	75000	-0.411676	-33.659182
77	0.816258	75000	-0.411006	-34.070188
78	0.814046	75000	-0.410404	-34.480592
79	0.811838	75000	-0.409690	-34.890281
80	0.809634	75000	-0.408963	-35.299244
81	0.807433	75000	-0.408399	-35.707643
82	0.805236	75000	-0.407680	-36.115323
83	0.803043	75000	-0.407039	-36.522363
84	0.800853	75000	-0.406363	-36.928726
85	0.798667	75000	-0.405718	-37.334444
86	0.796484	75000	-0.405007	-37.739451
87	0.794305	75000	-0.404485	-38.143936
88	0.792129	75000	-0.403749	-38.547684
89	0.789957	75000	-0.403108	-38.950792
90	0.787789	75000	-0.402441	-39.353233
91	0.785624	75000	-0.401831	-39.755064
92	0.783463	75000	-0.401084	-40.156148
93	0.781305	75000	-0.400483	-40.556631
94	0.779151	75000	-0.399791	-40.956422
95	0.777000	75000	-0.399134	-41.355555
96	0.774853	75000	-0.398479	-41.754035
97	0.772710	75000	-0.397837	-42.151872
98	0.770570	75000	-0.397170	-42.549042
99	0.768433	75000	-0.396563	-42.945605
100	0.766301	75000	-0.395944	-43.341549
101	0.764172	75000	-0.395293	-43.736843
102	0.762046	75000	-0.394554	-44.131397
103	0.759924	75000	-0.393913	-44.525310
104	0.757805	75000	-0.393300	-44.918609
105	0.755690	75000	-0.392587	-45.311196
106	0.753579	75000	-0.391996	-45.703192
107	0.751471	75000	-0.391379	-46.094571
108	0.749366	75000	-0.390667	-46.485238
109	0.747266	75000	-0.390057	-46.875295
110	0.745168	75000	-0.389408	-47.264704
111	0.743075	75000	-0.388741	-47.653445
112	0.740984	75000	-0.388190	-48.041635
113	0.738898	75000	-0.387426	-48.429061
114	0.736815	75000	-0.386808	-48.815869
115	0.734735	75000	-0.386106	-49.201975
116	0.732659	75000	-0.385466	-49.587441
117	0.730586	75000	-0.384903	-49.972345
118	0.728517	75000	-0.384217	-50.356561
119	0.726452	75000	-0.383609	-50.740170
120	0.724390	75000	-0.382911	-51.123081
121	0.722331	75000	-0.382236	-51.505317
122	0.720276	75000	-0.381631	-51.886949
123	0.718225	75000	-0.380973	-52.267922
124	0.716177	75000	-0.380315	-52.648237
125	0.714132	75000	-0.379650	-53.027887
126	0.712091	75000	-0.379071	-53.406959
127	0.710054	75000	-0.378419	-53.785378
128	0.708020	75000	-0.377745	-54.163123
129	0.705989	75000	-0.377146	-54.540269
130	0.703962	75000	-0.376460	-54.916729
131	0.701939	75000	-0.375933	-55.292662
132	0.699919	75000	-0.375207	-55.667870
133	0.697902	75000	-0.374585	-56.042455
134	0.695889	75000	-0.373951	-56.416406
135	0.693880	75000	-0.373278	-56.789684
136	0.691874	75000	-0.372557	-57.162241
137	0.689871	75000	-0.372045	-57.534287
138	0.687872	75000	-0.371349	-57.905636
139	0.685877	75000	-0.370788	-58.276424
140	0.683885	75000	-0.370156	-58.646580
141	0.681896	75000	-0.369497	-59.016077
142	0.679911	75000	-0.368827	-59.384904
143	0.677929	75000	-0.368134	-59.753038
144	0.675951	75000	-0.367623	-60.120661
145	0.673976	75000	-0.366948	-60.487609
146	0.672005	75000	-0.366308	-60.853916
147	0.670037	75000	-0.365712	-61.219628
148	0.668073	75000	-0.365073	-61.584701
149	0.666112	75000	-0.364424	-61.949126
150	0.664155	75000	-0.363639	-62.312765
151	0.662201	75000	-0.363092	-62.675857
152	0.660250	75000	-0.362514	-63.038371
153	0.658303	75000	-0.361880	-63.400251
154	0.656359	75000	-0.361255	-63.761506
155	0.654419	75000	-0.360476	-64.121982
156	0.652483	75000	-0.359934	-64.481916
157	0.650549	75000	-0.359285	-64.841201
158	0.648619	75000	-0.358699	-65.199900
159	0.646693	75000	-0.358118	-65.558017
160	0.644770	75000	-0.357456	-65.915473
161	0.642851	75000	-0.356765	-66.272237
162	0.640934	75000	-0.356083	-66.628320
163	0.639022	75000	-0.355569	-66.983888
164	0.637113	75000	-0.354950	-67.338838
165	0.635207	75000	-0.354376	-67.693214
166	0.633304	75000	-0.353619	-68.046833
167	0.631405	75000	-0.353050	-68.399883
168	0.629510	75000	-0.352434	-68.752317
169	0.627618	75000	-0.351737	-69.104054
170	0.625729	75000	-0.351208	-69.455262
171	0.623844	75000	-0.350531	-69.805793
172	0.621962	75000	-0.349888	-70.155681
173	0.620083	75000	-0.349304	-70.504985
174	0.618208	75000	-0.348704	-70.853690
175	0.616337	75000	-0.348052	-71.201741
176	0.614468	75000	-0.347389	-71.549130
177	0.612604	75000	-0.346880	-71.896010
178	0.610742	75000	-0.346237	-72.242247
179	0.608884	75000	-0.345528	-72.587775
180	0.607029	75000	-0.344916	-72.932691
181	0.605178	75000	-0.344305	-73.276996
182	0.603330	75000	-0.343695	-73.620691
183	0.601486	75000	-0.343076	-73.963767
184	0.599645	75000	-0.342458	-74.306225
185	0.597807	75000	-0.341789	-74.648014
186	0.595973	75000	-0.341153	-74.989167
187	0.594142	75000	-0.340542	-75.329709
188	0.592314	75000	-0.340002	-75.669711
189	0.590490	75000	-0.339323	-76.009034
190	0.588669	75000	-0.338782	-76.347816
191	0.586852	75000	-0.338045	-76.685862
192	0.585038	75000	-0.337600	-77.023462
193	0.583227	75000	-0.336890	-77.360352
194	0.581420	75000	-0.336293	-77.696645
195	0.579616	75000	-0.335600	-78.032245
196	0.577815	75000	-0.334980	-78.367226
197	0.576018	75000	-0.334384	-78.701610
198	0.574224	75000	-0.333777	-79.035387
199	0.572433	75000	-0.333191	-79.368578
200	0.570646	75000	-0.332480	-79.701058
201	0.568862	75000	-0.331935	-80.032993
202	0.567082	75000	-0.331342	-80.364336
203	0.565305	75000	-0.330649	-80.694985
204	0.563531	75000	-0.330145	-81.025131
205	0.561761	75000	-0.329536	-81.354667
206	0.559993	75000	-0.328842	-81.683508
207	0.558230	75000	-0.328328	-82.011836
208	0.556469	75000	-0.327661	-82.339497
209	0.554712	75000	-0.327015	-82.666512
210	0.552958	75000	-0.326466	-82.992978
211	0.551208	75000	-0.325807	-83.318785
212	0.549461	75000	-0.325194	-83.643979
213	0.547717	75000	-0.324582	-83.968561
214	0.545977	75000	-0.324110	-84.292672
215	0.544240	75000	-0.323428	-84.616100
216	0.542506	75000	-0.322788	-84.938888
217	0.540775	75000	-0.322174	-85.261062
218	0.539048	75000	-0.321539	-85.582601
219	0.537324	75000	-0.320954	-85.903555
220	0.535604	75000	-0.320320	-86.223875
221	0.533887	75000	-0.319719	-86.543594
222	0.532173	75000	-0.319209	-86.862803
223	0.530462	75000	-0.318552	-87.181355
224	0.528755	75000	-0.317886	-87.499240
225	0.527051	75000	-0.317336	-87.816577
226	0.525350	75000	-0.316723	-88.133299
227	0.523653	75000	-0.316127	-88.449426
228	0.521958	75000	-0.315547	-88.764972
229	0.520268	75000	-0.314979	-89.079951
230	0.518580	75000	-0.314275	-89.394226
231	0.516896	75000	-0.313726	-89.707953
232	0.515215	75000	-0.313155	-90.021108
233	0.513537	75000	-0.312532	-90.333640
234	0.511863	75000	-0.311947	-90.645586
235	0.510192	75000	-0.311343	-90.956929
236	0.508524	75000	-0.310759	-91.267688
237	0.506859	75000	-0.310104	-91.577792
238	0.505198	75000	-0.309530	-91.887322
239	0.503540	75000	-0.308905	-92.196227
240	0.501885	75000	-0.308410	-92.504637
241	0.500234	75000	-0.307763	-92.812399
242	0.498586	75000	-0.307186	-93.119585
243	0.496941	75000	-0.306545	-93.426130
244	0.495299	75000	-0.305967	-93.732097
245	0.493660	75000	-0.305296	-94.037393
246	0.492025	75000	-0.304778	-94.342172
247	0.490393	75000	-0.304152	-94.646323
248	0.488765	75000	-0.303627	-94.949950
249	0.487139	75000	-0.303021	-95.252971
250	0.485517	75000	-0.302364	-95.555335
251	0.483898	75000	-0.301707	-95.857043
252	0.482283	75000	-0.301189	-96.158231
253	0.480670	75000	-0.300595	-96.458827
254	0.479061	75000	-0.299931	-96.758757
255	0.477455	75000	-0.299421	-97.058179
256	0.475852	75000	-0.298771	-97.356950
257	0.474253	75000	-0.298225	-97.655175
258	0.472656	75000	-0.297602	-97.952776
259	0.471063	75000	-0.297066	-98.249842
260	0.469474	75000	-0.296469	-98.546311
261	0.467887	75000	-0.295875	-98.842185
262	0.466304	75000	-0.295273	-99.137459
263	0.464723	75000	-0.294674	-99.432133
264	0.463146	75000	-0.294144	-99.726277
265	0.461573	75000	-0.293582	-100.019859
266	0.460002	75000	-0.292963	-100.312822
267	0.458435	75000	-0.292432	-100.605254
268	0.456871	75000	-0.291620	-100.896874
269	0.455310	75000	-0.291209	-101.188082
270	0.453752	75000	-0.290536	-101.478618
271	0.452198	75000	-0.290054	-101.768672
272	0.450647	75000	-0.289397	-102.058069
273	0.449098	75000	-0.288896	-102.346965
274	0.447554	75000	-0.288205	-102.635170
275	0.446012	75000	-0.287648	-102.922818
276	0.444473	75000	-0.287081	-103.209899
277	0.442938	75000	-0.286577	-103.496476
278	0.441406	75000	-0.285978	-103.782454
279	0.439877	75000	-0.285277	-104.067730
280	0.438351	75000	-0.284789	-104.352519
281	0.436829	75000	-0.284176	-104.636696
282	0.435309	75000	-0.283562	-104.920258
283	0.433793	75000	-0.282977	-105.203235
284	0.432280	75000	-0.282473	-105.485708
285	0.430770	75000	-0.281893	-105.767601
286	0.429263	75000	-0.281308	-106.048909
287	0.427760	75000	-0.280700	-106.329609
288	0.426259	75000	-0.280144	-106.609753
289	0.424762	75000	-0.279560	-106.889313
290	0.423268	75000	-0.278939	-107.168252
291	0.421777	75000	-0.278389	-107.446641
292	0.420289	75000	-0.277809	-107.724450
293	0.418805	75000	-0.277200	-108.001651
294	0.417323	75000	-0.276678	-108.278329
295	0.415845	75000	-0.276087	-108.554416
296	0.414370	75000	-0.275472	-108.829888
297	0.412898	75000	-0.274822	-109.104710
298	0.411429	75000	-0.274375	-109.379085
299	0.409963	75000	-0.273871	-109.652956
300	0.408501	75000	-0.273255	-109.926211
301	0.407041	75000	-0.272724	-110.198935
302	0.405585	75000	-0.272038	-110.470974
303	0.404132	75000	-0.271554	-110.742528
304	0.402682	75000	-0.270923	-111.013451
305	0.401235	75000	-0.270345	-111.283796
306	0.399791	75000	-0.269809	-111.553605
307	0.398350	75000	-0.269282	-111.822886
308	0.396913	75000	-0.268661	-112.091547
309	0.395478	75000	-0.268102	-112.359649
310	0.394047	75000	-0.267534	-112.627183
311	0.392619	75000	-0.266872	-112.894055
312	0.391194	75000	-0.266301	-113.160355
313	0.389772	75000	-0.265751	-113.426106
314	0.388353	75000	-0.265263	-113.691369
315	0.386937	75000	-0.264625	-113.955994
316	0.385524	75000	-0.264106	-114.220100
317	0.384115	75000	-0.263594	-114.483694
318	0.382708	75000	-0.263048	-114.746742
319	0.381305	75000	-0.262426	-115.009168
320	0.379904	75000	-0.261860	-115.271029
321	0.378507	75000	-0.261293	-115.532321
322	0.377113	75000	-0.260777	-115.793099
323	0.375722	75000	-0.260202	-116.053301
324	0.374334	75000	-0.259542	-116.312843
325	0.372949	75000	-0.259042	-116.571884
326	0.371567	75000	-0.258480	-116.830364
327	0.370189	75000	-0.257867	-117.088231
328	0.368813	75000	-0.257330	-117.345561
329	0.367440	75000	-0.256844	-117.602405
330	0.366071	75000	-0.256273	-117.858678
331	0.364705	75000	-0.255796	-118.114474
332	0.363341	75000	-0.255109	-118.369583
333	0.361981	75000	-0.254556	-118.624140
334	0.360624	75000	-0.253896	-118.878036
335	0.359269	75000	-0.253462	-119.131498
336	0.357918	75000	-0.252837	-119.384335
337	0.356570	75000	-0.252304	-119.636639
338	0.355225	75000	-0.251796	-119.888435
339	0.353883	75000	-0.251215	-120.139651
340	0.352544	75000	-0.250693	-120.390343
341	0.351208	75000	-0.250080	-120.640423
342	0.349875	75000	-0.249545	-120.889968
343	0.348546	75000	-0.249030	-121.138998
344	0.347219	75000	-0.248427	-121.387425
345	0.345895	75000	-0.247899	-121.635324
346	0.344574	75000	-0.247355	-121.882679
347	0.343257	75000	-0.246833	-122.129512
348	0.341942	75000	-0.246301	-122.375812
349	0.340630	75000	-0.245766	-122.621578
350	0.339322	75000	-0.245091	-122.866669
351	0.338016	75000	-0.244566	-123.111235
352	0.336714	75000	-0.244037	-123.355272
353	0.335414	75000	-0.243531	-123.598803
354	0.334118	75000	-0.242894	-123.841697
355	0.332824	75000	-0.242441	-124.084138
356	0.331534	75000	-0.241849	-124.325987
357	0.330246	75000	-0.241298	-124.567285
358	0.328962	75000	-0.240694	-124.807979
359	0.327680	75000	-0.240252	-125.048231
360	0.326401	75000	-0.239611	-125.287842
361	0.325126	75000	-0.239116	-125.526958
362	0.323853	75000	-0.238585	-125.765543
363	0.322584	75000	-0.238014	-126.003557
364	0.321317	75000	-0.237516	-126.241074
365	0.320054	75000	-0.236969	-126.478043
366	0.318793	75000	-0.236380	-126.714423
367	0.317536	75000	-0.235871	-126.950294
368	0.316281	75000	-0.235308	-127.185601
369	0.315030	75000	-0.234749	-127.420350
370	0.313781	75000	-0.234246	-127.654596
371	0.312535	75000	-0.233541	-127.888137
372	0.311293	75000	-0.233143	-128.121281
373	0.310053	75000	-0.232506	-128.353787
374	0.308816	75000	-0.232069	-128.585855
375	0.307582	75000	-0.231557	-128.817413
376	0.306352	75000	-0.230929	-129.048342
377	0.305124	75000	-0.230300	-129.278642
378	0.303899	75000	-0.229835	-129.508477
379	0.302677	75000	-0.229416	-129.737893
380	0.301458	75000	-0.228786	-129.966679
381	0.300242	75000	-0.228310	-130.194989
382	0.299029	75000	-0.227823	-130.422812
383	0.297819	75000	-0.227221	-130.650032
384	0.296611	75000	-0.226660	-130.876692
385	0.295407	75000	-0.226171	-131.102863
386	0.294206	75000	-0.225573	-131.328436
387	0.293007	75000	-0.225089	-131.553525
388	0.291812	75000	-0.224534	-131.778059
389	0.290619	75000	-0.223950	-132.002009
390	0.289430	75000	-0.223480	-132.225489
391	0.288243	75000	-0.222925	-132.448414
392	0.287059	75000	-0.222455	-132.670869
393	0.285879	75000	-0.221946	-132.892815
394	0.284701	75000	-0.221338	-133.114153
395	0.283526	75000	-0.220909	-133.335062
396	0.282354	75000	-0.220247	-133.555309
397	0.281184	75000	-0.219771	-133.775079
398	0.280018	75000	-0.219212	-133.994292
399	0.278855	75000	-0.218711	-134.213003
400	0.277694	75000	-0.218256	-134.431259
401	0.276537	75000	-0.217600	-134.648859
402	0.275382	75000	-0.217059	-134.865917
403	0.274230	75000	-0.216716	-135.082633
404	0.273082	75000	-0.216111	-135.298744
405	0.271936	75000	-0.215511	-135.514255
406	0.270793	75000	-0.214959	-135.729214
407	0.269652	75000	-0.214341	-135.943555
408	0.268515	75000	-0.213872	-136.157427
409	0.267381	75000	-0.213460	-136.370887
410	0.266249	75000	-0.212886	-136.583773
411	0.265121	75000	-0.212410	-136.796183
412	0.263995	75000	-0.212049	-137.008232
413	0.262872	75000	-0.211344	-137.219576
414	0.261752	75000	-0.210854	-137.430430
415	0.260635	75000	-0.210275	-137.640705
416	0.259520	75000	-0.209786	-137.850491
417	0.258409	75000	-0.209314	-138.059805
418	0.257300	75000	-0.208768	-138.268573
419	0.256195	75000	-0.208304	-138.476877
420	0.255092	75000	-0.207709	-138.684586
421	0.253992	75000	-0.207169	-138.891755
422	0.252895	75000	-0.206801	-139.098556
423	0.251800	75000	-0.206224	-139.304780
424	0.250709	75000	-0.205548	-139.510329
425	0.249620	75000	-0.205087	-139.715416
426	0.248534	75000	-0.204608	-139.920024
427	0.247451	75000	-0.204129	-140.124153
428	0.246371	75000	-0.203720	-140.327873
429	0.245294	75000	-0.203081	-140.530954
430	0.244220	75000	-0.202677	-140.733631
431	0.243148	75000	-0.202089	-140.935720
432	0.242079	75000	-0.201608	-141.137329
433	0.241013	75000	-0.201063	-141.338392
434	0.239950	75000	-0.200597	-141.538989
435	0.238890	75000	-0.200063	-141.739051
436	0.237832	75000	-0.199524	-141.938576
437	0.236778	75000	-0.198999	-142.137575
438	0.235726	75000	-0.198575	-142.336151
439	0.234677	75000	-0.197976	-142.534127
440	0.233630	75000	-0.197412	-142.731539
441	0.232587	75000	-0.196897	-142.928436
442	0.231546	75000	-0.196447	-143.124883
443	0.230509	75000	-0.195913	-143.320796
444	0.229473	75000	-0.195418	-143.516214
445	0.228441	75000	-0.194867	-143.711081
446	0.227412	75000	-0.194442	-143.905523
447	0.226385	75000	-0.194008	-144.099531
448	0.225361	75000	-0.193483	-144.293014
449	0.224340	75000	-0.192922	-144.485937
450	0.223322	75000	-0.192491	-144.678428
451	0.222306	75000	-0.191916	-144.870343
452	0.221293	75000	-0.191374	-145.061717
453	0.220283	75000	-0.190861	-145.252578
454	0.219276	75000	-0.190403	-145.442981
455	0.218272	75000	-0.190048	-145.633029
456	0.217270	75000	-0.189274	-145.822303
457	0.216271	75000	-0.188924	-146.011227
458	0.215275	75000	-0.188316	-146.199543
459	0.214281	75000	-0.187980	-146.387523
460	0.213291	75000	-0.187404	-146.574927
461	0.212303	75000	-0.186968	-146.761895
462	0.211318	75000	-0.186338	-146.948233
463	0.210335	75000	-0.185995	-147.134228
464	0.209356	75000	-0.185291	-147.319519
465	0.208379	75000	-0.185011	-147.504530
466	0.207404	75000	-0.184443	-147.688974
467	0.206433	75000	-0.183964	-147.872938
468	0.205464	75000	-0.183563	-148.056501
469	0.204498	75000	-0.182910	-148.239411
470	0.203535	75000	-0.182434	-148.421844
471	0.202575	75000	-0.181943	-148.603787
472	0.201617	75000	-0.181458	-148.785245
473	0.200662	75000	-0.181050	-148.966295
474	0.199709	75000	-0.180565	-149.146859
475	0.198760	75000	-0.180146	-149.327005
476	0.197813	75000	-0.179319	-149.506323
477	0.196869	75000	-0.178892	-149.685215
478	0.195927	75000	-0.178451	-149.863666
479	0.194988	75000	-0.178045	-150.041711
480	0.194052	75000	-0.177532	-150.219244
481	0.193119	75000	-0.177075	-150.396319
482	0.192188	75000	-0.176456	-150.572776
483	0.191260	75000	-0.176116	-150.748892
484	0.190335	75000	-0.175530	-150.924422
485	0.189412	75000	-0.175058	-151.099480
486	0.188492	75000	-0.174703	-151.274183
487	0.187575	75000	-0.174175	-151.448359
488	0.186660	75000	-0.173746	-151.622105
489	0.185749	75000	-0.173233	-151.795338
490	0.184839	75000	-0.172670	-151.968008
491	0.183933	75000	-0.172168	-152.140176
492	0.183029	75000	-0.171696	-152.311872
493	0.182128	75000	-0.171275	-152.483147
494	0.181229	75000	-0.170786	-152.653933
495	0.180333	75000	-0.170194	-152.824127
496	0.179440	75000	-0.169879	-152.994006
497	0.178550	75000	-0.169422	-153.163428
498	0.177662	75000	-0.168882	-153.332310
499	0.176777	75000	-0.168390	-153.500700
500	0.175894	75000	-0.167851	-153.668551
501	0.175014	75000	-0.167426	-153.835977
502	0.174137	75000	-0.166826	-154.002803
503	0.173262	75000	-0.166528	-154.169331
504	0.172390	75000	-0.166039	-154.335370
505	0.171521	75000	-0.165521	-154.500891
506	0.170654	75000	-0.165107	-154.665998
507	0.169790	75000	-0.164495	-154.830493
508	0.168929	75000	-0.164113	-154.994607
509	0.168070	75000	-0.163791	-155.158398
510	0.167214	75000	-0.163276	-155.321673
511	0.166360	75000	-0.162781	-155.484455
512	0.165509	75000	-0.162435	-155.646889
513	0.164661	75000	-0.161812	-155.808701
514	0.163815	75000	-0.161287	-155.969988
515	0.162972	75000	-0.160699	-156.130687
516	0.162132	75000	-0.160261	-156.290948
517	0.161294	75000	-0.159862	-156.450809
518	0.160458	75000	-0.159553	-156.610363
519	0.159626	75000	-0.158855	-156.769217
520	0.158796	75000	-0.158415	-156.927632
521	0.157968	75000	-0.158154	-157.085786
522	0.157143	75000	-0.157607	-157.243393
523	0.156321	75000	-0.157153	-157.400546
524	0.155501	75000	-0.156463	-157.557009
525	0.154684	75000	-0.156141	-157.713150
526	0.153870	75000	-0.155633	-157.868782
527	0.153058	75000	-0.155229	-158.024011
528	0.152248	75000	-0.154883	-158.178894
529	0.151441	75000	-0.154328	-158.333222
530	0.150637	75000	-0.153888	-158.487110
531	0.149835	75000	-0.153475	-158.640585
532	0.149036	75000	-0.152970	-158.793556
533	0.148240	75000	-0.152540	-158.946096
534	0.147446	75000	-0.152089	-159.098185
535	0.146654	75000	-0.151524	-159.249709
536	0.145865	75000	-0.151103	-159.400812
537	0.145079	75000	-0.150627	-159.551439
538	0.144295	75000	-0.150206	-159.701645
539	0.143514	75000	-0.149621	-159.851267
540	0.142735	75000	-0.149447	-160.000714
541	0.141959	75000	-0.148863	-160.149578
542	0.141186	75000	-0.148215	-160.297793
543	0.140415	75000	-0.148022	-160.445815
544	0.139646	75000	-0.147619	-160.593434
545	0.138880	75000	-0.146943	-160.740376
546	0.138116	75000	-0.146617	-160.886993
547	0.137356	75000	-0.146135	-161.033128
548	0.136597	75000	-0.145638	-161.178766
549	0.135841	75000	-0.145094	-161.323859
550	0.135088	75000	-0.144824	-161.468683
551	0.134337	75000	-0.144276	-161.612959
552	0.133588	75000	-0.143893	-161.756852
553	0.132843	75000	-0.143318	-161.900170
554	0.132099	75000	-0.143075	-162.043245
555	0.131358	75000	-0.142474	-162.185719
556	0.130620	75000	-0.142074	-162.327793
557	0.129884	75000	-0.141646	-162.469438
558	0.129151	75000	-0.141093	-162.610531
559	0.128420	75000	-0.140718	-162.751249
560	0.127691	75000	-0.140421	-162.891670
561	0.126965	75000	-0.139781	-163.031451
562	0.126242	75000	-0.139490	-163.170941
563	0.125521	75000	-0.138911	-163.309852
564	0.124802	75000	-0.138492	-163.448344
565	0.124086	75000	-0.137856	-163.586200
566	0.123373	75000	-0.137748	-163.723948
567	0.122662	75000	-0.137258	-163.861206
568	0.121953	75000	-0.136937	-163.998143
569	0.121247	75000	-0.136373	-164.134517
570	0.120543	75000	-0.136028	-164.270545
571	0.119842	75000	-0.135638	-164.406182
572	0.119143	75000	-0.134870	-164.541052
573	0.118447	75000	-0.134502	-164.675555
574	0.117753	75000	-0.134279	-164.809834
575	0.117062	75000	-0.133758	-164.943592
576	0.116373	75000	-0.133258	-165.076850
577	0.115686	75000	-0.132993	-165.209843
578	0.115002	75000	-0.132429	-165.342271
579	0.114320	75000	-0.132175	-165.474447
580	0.113641	75000	-0.131598	-165.606044
581	0.112964	75000	-0.131346	-165.737390
582	0.112290	75000	-0.130710	-165.868100
583	0.111618	75000	-0.130430	-165.998530
584	0.110948	75000	-0.129799	-166.128328
585	0.110281	75000	-0.129478	-166.257807
586	0.109616	75000	-0.129118	-166.386925
587	0.108954	75000	-0.128679	-166.515603
588	0.108294	75000	-0.128249	-166.643853
589	0.107637	75000	-0.127704	-166.771556
590	0.106981	75000	-0.127391	-166.898947
591	0.106329	75000	-0.126845	-167.025792
592	0.105678	75000	-0.126437	-167.152229
593	0.105030	75000	-0.126029	-167.278259
594	0.104385	75000	-0.125596	-167.403855
595	0.103742	75000	-0.125354	-167.529209
596	0.103101	75000	-0.124822	-167.654031
597	0.102463	75000	-0.124458	-167.778490
598	0.101827	75000	-0.124023	-167.902513
599	0.101193	75000	-0.123506	-168.026019
600	0.100562	75000	-0.123122	-168.149141
601	0.099933	75000	-0.122894	-168.272035
602	0.099306	75000	-0.122460	-168.394495
603	0.098682	75000	-0.121862	-168.516357
604	0.098060	75000	-0.121498	-168.637855
605	0.097441	75000	-0.121033	-168.758888
606	0.096824	75000	-0.120670	-168.879558
607	0.096209	75000	-0.120226	-168.999784
608	0.095596	75000	-0.119781	-169.119565
609	0.094986	75000	-0.119409	-169.238974
610	0.094379	75000	-0.118999	-169.357973
611	0.093773	75000	-0.118628	-169.476601
612	0.093170	75000	-0.118167	-169.594768
613	0.092570	75000	-0.117889	-169.712657
614	0.091971	75000	-0.117486	-169.830143
615	0.091375	75000	-0.116923	-169.947066
616	0.090781	75000	-0.116345	-170.063411
617	0.090190	75000	-0.116219	-170.179630
618	0.089601	75000	-0.115718	-170.295348
619	0.089014	75000	-0.115408	-170.410756
620	0.088430	75000	-0.114994	-170.525750
621	0.087848	75000	-0.114495	-170.640245
622	0.087268	75000	-0.114069	-170.754314
623	0.086690	75000	-0.113918	-170.868233
624	0.086115	75000	-0.113457	-170.981690
625	0.085542	75000	-0.112955	-171.094644
626	0.084971	75000	-0.112613	-171.207258
627	0.084403	75000	-0.112207	-171.319465
628	0.083837	75000	-0.111834	-171.431299
629	0.083273	75000	-0.111337	-171.542635
630	0.082712	75000	-0.110997	-171.653632
631	0.082152	75000	-0.110672	-171.764304
632	0.081595	75000	-0.110282	-171.874587
633	0.081041	75000	-0.109721	-171.984308
634	0.080488	75000	-0.109316	-172.093623
635	0.079938	75000	-0.109231	-172.202854
636	0.079390	75000	-0.108586	-172.311439
637	0.078845	75000	-0.108282	-172.419721
638	0.078301	75000	-0.107773	-172.527494
639	0.077760	75000	-0.107482	-172.634976
640	0.077221	75000	-0.107071	-172.742047
641	0.076684	75000	-0.106602	-172.848649
642	0.076150	75000	-0.106319	-172.954968
643	0.075618	75000	-0.105885	-173.060852
644	0.075088	75000	-0.105514	-173.166366
645	0.074560	75000	-0.105182	-173.271548
646	0.074035	75000	-0.104791	-173.376339
647	0.073512	75000	-0.104249	-173.480588
648	0.072991	75000	-0.104033	-173.584621
649	0.072472	75000	-0.103710	-173.688331
650	0.071955	75000	-0.103328	-173.791659
651	0.071441	75000	-0.102932	-173.894591
652	0.070929	75000	-0.102386	-173.996977
653	0.070419	75000	-0.102192	-174.099169
654	0.069911	75000	-0.102143	-174.201311
655	0.069406	75000	-0.101397	-174.302708
656	0.068903	75000	-0.100897	-174.403605
657	0.068401	75000	-0.100392	-174.503997
658	0.067903	75000	-0.100405	-174.604402
659	0.067406	75000	-0.099916	-174.704318
660	0.066911	75000	-0.099423	-174.803741
661	0.066419	75000	-0.099182	-174.902923
662	0.065929	75000	-0.098853	-175.001776
663	0.065441	75000	-0.098225	-175.100001
664	0.064955	75000	-0.097984	-175.197985
665	0.064471	75000	-0.097749	-175.295734
666	0.063990	75000	-0.097187	-175.392921
667	0.063510	75000	-0.096708	-175.489629
668	0.063033	75000	-0.096558	-175.586187
669	0.062558	75000	-0.096440	-175.682627
670	0.062085	75000	-0.095871	-175.778499
671	0.061615	75000	-0.095435	-175.873934
672	0.061146	75000	-0.095244	-175.969178
673	0.060680	75000	-0.094856	-176.064033
674	0.060216	75000	-0.094487	-176.158520
675	0.059753	75000	-0.094045	-176.252565
676	0.059293	75000	-0.093892	-176.346456
677	0.058836	75000	-0.093370	-176.439826
678	0.058380	75000	-0.092905	-176.532732
679	0.057926	75000	-0.092614	-176.625346
680	0.057475	75000	-0.092301	-176.717647
681	0.057025	75000	-0.091859	-176.809506
682	0.056578	75000	-0.091668	-176.901174
683	0.056133	75000	-0.091270	-176.992444
684	0.055690	75000	-0.090859	-177.083303
685	0.055249	75000	-0.090697	-177.174000
686	0.054810	75000	-0.089886	-177.263887
687	0.054373	75000	-0.089908	-177.353794
688	0.053939	75000	-0.089539	-177.443334
689	0.053506	75000	-0.089450	-177.532784
690	0.053076	75000	-0.088796	-177.621580
691	0.052647	75000	-0.088401	-177.709981
692	0.052221	75000	-0.088136	-177.798117
693	0.051797	75000	-0.087978	-177.886095
694	0.051375	75000	-0.087235	-177.973331
695	0.050955	75000	-0.087088	-178.060418
696	0.050537	75000	-0.086809	-178.147227
697	0.050121	75000	-0.086566	-178.233793
698	0.049707	75000	-0.086285	-178.320078
699	0.049295	75000	-0.085908	-178.405986
700	0.048885	75000	-0.085423	-178.491409
701	0.048478	75000	-0.085114	-178.576523
702	0.048072	75000	-0.085132	-178.661655
703	0.047668	75000	-0.084410	-178.746065
704	0.047267	75000	-0.084501	-178.830566
705	0.046867	75000	-0.083821	-178.914387
706	0.046470	75000	-0.083567	-178.997954
707	0.046074	75000	-0.083064	-179.081018
708	0.045681	75000	-0.083120	-179.164138
709	0.045289	75000	-0.082472	-179.246610
710	0.044900	75000	-0.082336	-179.328947
711	0.044512	75000	-0.081974	-179.410921
712	0.044127	75000	-0.081859	-179.492780
713	0.043744	75000	-0.081302	-179.574082
714	0.043362	75000	-0.081032	-179.655113
715	0.042983	75000	-0.081103	-179.736216
716	0.042606	75000	-0.080422	-179.816638
717	0.042230	75000	-0.080070	-179.896708
718	0.041857	75000	-0.079972	-179.976680
719	0.041485	75000	-0.079602	-180.056282
720	0.041116	75000	-0.079180	-180.135463
721	0.040749	75000	-0.078894	-180.214357
722	0.040383	75000	-0.078738	-180.293095
723	0.040020	75000	-0.078476	-180.371571
724	0.039658	75000	-0.077661	-180.449232
725	0.039299	75000	-0.077652	-180.526884
726	0.038941	75000	-0.077429	-180.604313
727	0.038585	75000	-0.076885	-180.681198
728	0.038232	75000	-0.076967	-180.758165
729	0.037880	75000	-0.076643	-180.834808
730	0.037530	75000	-0.076322	-180.911129
731	0.037182	75000	-0.076177	-180.987307
732	0.036836	75000	-0.075801	-181.063108
733	0.036493	75000	-0.075468	-181.138576
734	0.036151	75000	-0.074976	-181.213552
735	0.035810	75000	-0.074737	-181.288289
736	0.035472	75000	-0.074827	-181.363116
737	0.035136	75000	-0.074102	-181.437218
738	0.034802	75000	-0.074225	-181.511443
739	0.034469	75000	-0.073579	-181.585022
740	0.034139	75000	-0.073667	-181.658690
741	0.033810	75000	-0.073275	-181.731965
742	0.033484	75000	-0.073051	-181.805016
743	0.033159	75000	-0.072713	-181.877729
744	0.032836	75000	-0.072981	-181.950710
745	0.032515	75000	-0.072242	-182.022952
746	0.032196	75000	-0.071584	-182.094537
747	0.031879	75000	-0.071935	-182.166471
748	0.031563	75000	-0.071596	-182.238068
749	0.031250	75000	-0.071067	-182.309134
750	0.030938	75000	-0.071018	-182.380153
751	0.030629	75000	-0.070669	-182.450821
752	0.030321	75000	-0.070534	-182.521355
753	0.030015	75000	-0.070318	-182.591673
754	0.029711	75000	-0.069902	-182.661575
755	0.029409	75000	-0.069671	-182.731246
756	0.029108	75000	-0.069763	-182.801009
757	0.028810	75000	-0.069279	-182.870289
758	0.028513	75000	-0.069168	-182.939456
759	0.028218	75000	-0.069170	-183.008627
760	0.027925	75000	-0.068354	-183.076980
761	0.027634	75000	-0.068492	-183.145472
762	0.027345	75000	-0.068196	-183.213668
763	0.027057	75000	-0.067805	-183.281473
764	0.026771	75000	-0.067736	-183.349209
765	0.026487	75000	-0.067924	-183.417133
766	0.026205	75000	-0.067844	-183.484977
767	0.025925	75000	-0.067353	-183.552330
768	0.025647	75000	-0.067750	-183.620080
769	0.025370	75000	-0.067048	-183.687128
770	0.025095	75000	-0.066934	-183.754062
771	0.024822	75000	-0.066430	-183.820492
772	0.024551	75000	-0.066354	-183.886846
773	0.024281	75000	-0.066327	-183.953173
774	0.024014	75000	-0.065933	-184.019106
775	0.023748	75000	-0.066058	-184.085164
776	0.023483	75000	-0.065921	-184.151085
777	0.023221	75000	-0.065915	-184.217000
778	0.022960	75000	-0.065753	-184.282752
779	0.022702	75000	-0.065519	-184.348272
780	0.022445	75000	-0.065002	-184.413274
781	0.022189	75000	-0.065190	-184.478465
782	0.021936	75000	-0.065216	-184.543680
783	0.021684	75000	-0.064990	-184.608670
784	0.021434	75000	-0.065264	-184.673934
785	0.021185	75000	-0.064390	-184.738324
786	0.020939	75000	-0.064580	-184.802904
787	0.020694	75000	-0.064359	-184.867262
788	0.020451	75000	-0.064367	-184.931630
789	0.020209	75000	-0.064442	-184.996072
790	0.019969	75000	-0.063897	-185.059969
791	0.019731	75000	-0.064482	-185.124451
792	0.019495	75000	-0.064179	-185.188630
793	0.019261	75000	-0.064624	-185.253255
794	0.019028	75000	-0.064081	-185.317336
795	0.018796	75000	-0.063847	-185.381183
796	0.018567	75000	-0.063713	-185.444896
797	0.018339	75000	-0.064256	-185.509151
798	0.018113	75000	-0.064391	-185.573543
799	0.017889	75000	-0.063179	-185.636722
800	0.017666	75000	-0.063864	-185.700587
801	0.017445	75000	-0.064220	-185.764807
802	0.017225	75000	-0.063762	-185.828569
803	0.017007	75000	-0.066637	-185.895206
804	0.016791	75000	-0.064576	-185.959782
805	0.016577	75000	-0.064378	-186.024160
806	0.016364	75000	-0.064494	-186.088655
807	0.016153	75000	-0.065188	-186.153843
808	0.015943	75000	-0.064385	-186.218227
809	0.015736	75000	-0.064495	-186.282722
810	0.015529	75000	-0.067609	-186.350331
811	0.015325	75000	-0.066662	-186.416994
812	0.015122	75000	-0.067121	-186.484115
813	0.014920	75000	-0.067359	-186.551474
814	0.014721	75000	-0.066025	-186.617499
815	0.014523	75000	-0.066850	-186.684349
816	0.014326	75000	-0.067564	-186.751913
817	0.014131	75000	-0.066765	-186.818678
818	0.013938	75000	-0.068397	-186.887075
819	0.013746	75000	-0.069520	-186.956595
820	0.013556	75000	-0.071196	-187.027792
821	0.013367	75000	-0.069066	-187.096858
822	0.013181	75000	-0.069841	-187.166699
823	0.012995	75000	-0.071082	-187.237781
824	0.012811	75000	-0.070284	-187.308065
825	0.012629	75000	-0.071231	-187.379296
826	0.012448	75000	-0.072966	-187.452262
827	0.012269	75000	-0.074019	-187.526281
828	0.012092	75000	-0.075141	-187.601422
829	0.011916	75000	-0.074221	-187.675644
830	0.011741	75000	-0.076476	-187.752120
831	0.011568	75000	-0.076959	-187.829079
832	0.011397	75000	-0.076143	-187.905222
833	0.011227	75000	-0.081427	-187.986649
834	0.011059	75000	-0.079082	-188.065731
835	0.010892	75000	-0.080641	-188.146372
836	0.010727	75000	-0.082353	-188.228725
837	0.010563	75000	-0.083275	-188.312000
838	0.010401	75000	-0.085670	-188.397670
839	0.010240	75000	-0.085681	-188.483352
840	0.010081	75000	-0.086348	-188.569700
841	0.009923	75000	-0.089468	-188.659168
842	0.009767	75000	-0.088982	-188.748149
843	0.009612	75000	-0.091489	-188.839638
844	0.009459	75000	-0.092805	-188.932444
845	0.009307	75000	-0.090506	-189.022950
846	0.009156	75000	-0.096293	-189.119243
847	0.009008	75000	-0.095236	-189.214478
848	0.008860	75000	-0.094359	-189.308838
849	0.008714	75000	-0.095782	-189.404620
850	0.008570	75000	-0.100236	-189.504856
851	0.008427	75000	-0.101500	-189.606356
852	0.008285	75000	-0.099412	-189.705768
853	0.008145	75000	-0.099888	-189.805656
854	0.008006	75000	-0.101744	-189.907400
855	0.007869	75000	-0.103392	-190.010792
856	0.007733	75000	-0.102129	-190.112921
857	0.007598	75000	-0.106897	-190.219818
858	0.007465	75000	-0.105081	-190.324898
859	0.007334	75000	-0.104567	-190.429466
860	0.007203	75000	-0.105443	-190.534909
861	0.007075	75000	-0.105804	-190.640713
862	0.006947	75000	-0.107693	-190.748407
863	0.006821	75000	-0.106764	-190.855171
864	0.006696	75000	-0.105638	-190.960809
865	0.006573	75000	-0.107137	-191.067945
866	0.006451	75000	-0.106594	-191.174540
867	0.006330	75000	-0.105139	-191.279679
868	0.006211	75000	-0.107278	-191.386957
869	0.006093	75000	-0.107836	-191.494793
870	0.005977	75000	-0.107753	-191.602547
871	0.005862	75000	-0.108209	-191.710756
872	0.005748	75000	-0.104146	-191.814902
873	0.005635	75000	-0.106135	-191.921037
874	0.005524	75000	-0.106628	-192.027665
875	0.005414	75000	-0.103443	-192.131109
876	0.005306	75000	-0.106512	-192.237621
877	0.005199	75000	-0.104467	-192.342088
878	0.005093	75000	-0.105055	-192.447143
879	0.004988	75000	-0.103451	-192.550594
880	0.004885	75000	-0.102207	-192.652800
881	0.004783	75000	-0.101984	-192.754784
882	0.004682	75000	-0.101322	-192.856106
883	0.004583	75000	-0.101513	-192.957620
884	0.004485	75000	-0.099665	-193.057284
885	0.004388	75000	-0.098134	-193.155419
886	0.004292	75000	-0.097266	-193.252685
887	0.004198	75000	-0.097072	-193.349756
888	0.004105	75000	-0.095978	-193.445734
889	0.004013	75000	-0.094647	-193.540381
890	0.003923	75000	-0.093649	-193.634031
891	0.003833	75000	-0.094155	-193.728185
892	0.003745	75000	-0.093212	-193.821397
893	0.003658	75000	-0.091594	-193.912991
894	0.003573	75000	-0.090961	-194.003952
895	0.003488	75000	-0.089311	-194.093263
896	0.003405	75000	-0.089074	-194.182337
897	0.003323	75000	-0.088243	-194.270581
898	0.003242	75000	-0.086970	-194.357551
899	0.003162	75000	-0.085532	-194.443083
900	0.003084	75000	-0.084574	-194.527657
901	0.003007	75000	-0.083583	-194.611240
902	0.002930	75000	-0.082418	-194.693658
903	0.002855	75000	-0.081414	-194.775072
904	0.002782	75000	-0.079976	-194.855047
905	0.002709	75000	-0.078779	-194.933827
906	0.002638	75000	-0.077934	-195.011761
907	0.002567	75000	-0.076906	-195.088667
908	0.002498	75000	-0.075876	-195.164542
909	0.002430	75000	-0.074711	-195.239253
910	0.002363	75000	-0.073966	-195.313219
911	0.002297	75000	-0.072529	-195.385748
912	0.002233	75000	-0.071347	-195.457095
913	0.002169	75000	-0.070292	-195.527387
914	0.002106	75000	-0.069303	-195.596690
915	0.002045	75000	-0.067844	-195.664534
916	0.001985	75000	-0.067233	-195.731767
917	0.001925	75000	-0.065715	-195.797482
918	0.001867	75000	-0.064842	-195.862324
919	0.001810	75000	-0.063661	-195.925985
920	0.001754	75000	-0.062627	-195.988611
921	0.001699	75000	-0.061329	-196.049941
922	0.001645	75000	-0.060188	-196.110128
923	0.001592	75000	-0.059344	-196.169472
924	0.001540	75000	-0.058210	-196.227681
925	0.001490	75000	-0.056991	-196.284672
926	0.001440	75000	-0.055922	-196.340595
927	0.001391	75000	-0.055009	-196.395603
928	0.001343	75000	-0.053922	-196.449525
929	0.001296	75000	-0.052888	-196.502413
930	0.001251	75000	-0.051517	-196.553931
931	0.001206	75000	-0.050730	-196.604661
932	0.001162	75000	-0.049349	-196.654010
933	0.001119	75000	-0.048521	-196.702531
934	0.001077	75000	-0.047560	-196.750091
935	0.001036	75000	-0.046234	-196.796324
936	0.000996	75000	-0.045300	-196.841624
937	0.000957	75000	-0.044421	-196.886045
938	0.000919	75000	-0.043338	-196.929384
939	0.000882	75000	-0.042359	-196.971743
940	0.000846	75000	-0.041278	-197.013020
941	0.000810	75000	-0.040224	-197.053244
942	0.000776	75000	-0.039326	-197.092570
943	0.000742	75000	-0.038289	-197.130859
944	0.000709	75000	-0.037243	-197.168102
945	0.000678	75000	-0.036186	-197.204288
946	0.000647	75000	-0.035266	-197.239554
947	0.000617	75000	-0.034346	-197.273900
948	0.000587	75000	-0.033317	-197.307217
949	0.000559	75000	-0.032424	-197.339641
950	0.000531	75000	-0.031519	-197.371160
951	0.000505	75000	-0.030448	-197.401608
952	0.000479	75000	-0.029565	-197.431173
953	0.000454	75000	-0.028662	-197.459835
954	0.000430	75000	-0.027738	-197.487574
955	0.000406	75000	-0.026850	-197.514423
956	0.000383	75000	-0.025977	-197.540400
957	0.000362	75000	-0.025067	-197.565467
958	0.000340	75000	-0.024197	-197.589664
959	0.000320	75000	-0.023375	-197.613038
960	0.000300	75000	-0.022490	-197.635528
961	0.000281	75000	-0.021684	-197.657211
962	0.000263	75000	-0.020839	-197.678051
963	0.000246	75000	-0.020038	-197.698089
964	0.000229	75000	-0.019179	-197.717268
965	0.000213	75000	-0.018418	-197.735686
966	0.000198	75000	-0.017624	-197.753310
967	0.000183	75000	-0.016818	-197.770128
968	0.000169	75000	-0.016090	-197.786218
969	0.000156	75000	-0.015328	-197.801546
970	0.000143	75000	-0.014592	-197.816139
971	0.000131	75000	-0.013806	-197.829945
972	0.000120	75000	-0.013101	-197.843046
973	0.000109	75000	-0.012409	-197.855454
974	0.000099	75000	-0.011709	-197.867163
975	0.000089	75000	-0.011061	-197.878224
976	0.000080	75000	-0.010379	-197.888603
977	0.000072	75000	-0.009696	-197.898299
978	0.000064	75000	-0.009081	-197.907380
979	0.000057	75000	-0.008451	-197.915831
980	0.000050	75000	-0.007847	-197.923678
981	0.000043	75000	-0.007237	-197.930915
982	0.000038	75000	-0.006660	-197.937574
983	0.000032	75000	-0.006111	-197.943686
984	0.000028	75000	-0.005567	-197.949253
985	0.000023	75000	-0.005025	-197.954278
986	0.000019	75000	-0.004510	-197.958788
987	0.000016	75000	-0.004028	-197.962816
988	0.000013	75000	-0.003556	-197.966372
989	0.000010	75000	-0.003101	-197.969473
990	0.000008	75000	-0.002674	-197.972147
991	0.000006	75000	-0.002258	-197.974405
992	0.000004	75000	-0.001880	-197.976285
993	0.000003	75000	-0.001511	-197.977796
994	0.000002	75000	-0.001177	-197.978974
995	0.000001	75000	-0.000870	-197.979844
996	0.000000	75000	-0.000599	-197.980443
997	0.000000	75000	-0.000363	-197.980806
998	0.000000	75000	-0.000169	-197.980975
999	0.000000	75000	-0.000037	-197.981012
Log marginal likelihood:	-197.981012
