Steppingstone sampler:
        No Stones:                  1000
        Start It:                   10000001
        It Per Stone:               100000
        Sample Freq:                1
        Dist:                       Beta(0.400000,1.000000)
Stone No	Power	N	Stone MLh	Running MLh
0	0.997502	75000	-0.141320	-0.141320
1	0.995007	75000	-0.141086	-0.282406
2	0.992517	75000	-0.140906	-0.423311
3	0.990030	75000	-0.140724	-0.564035
4	0.987547	75000	-0.140483	-0.704518
5	0.985067	75000	-0.140249	-0.844767
6	0.982592	75000	-0.140019	-0.984785
7	0.980120	75000	-0.139829	-1.124614
8	0.977652	75000	-0.139645	-1.264260
9	0.975187	75000	-0.139447	-1.403707
10	0.972726	75000	-0.139272	-1.542979
11	0.970269	75000	-0.139044	-1.682023
12	0.967816	75000	-0.138885	-1.820908
13	0.965367	75000	-0.138612	-1.959520
14	0.962921	75000	-0.138462	-2.097982
15	0.960479	75000	-0.138227	-2.236210
16	0.958040	75000	-0.138002	-2.374212
17	0.955606	75000	-0.137871	-2.512083
18	0.953175	75000	-0.137608	-2.649691
19	0.950747	75000	-0.137396	-2.787087
20	0.948324	75000	-0.137211	-2.924299
21	0.945904	75000	-0.137011	-3.061310
22	0.943488	75000	-0.136768	-3.198077
23	0.941076	75000	-0.136544	-3.334622
24	0.938667	75000	-0.136450	-3.471072
25	0.936262	75000	-0.136173	-3.607245
26	0.933861	75000	-0.135992	-3.743236
27	0.931463	75000	-0.135778	-3.879015
28	0.929069	75000	-0.135583	-4.014598
29	0.926679	75000	-0.135336	-4.149934
30	0.924293	75000	-0.135184	-4.285118
31	0.921910	75000	-0.135002	-4.420119
32	0.919531	75000	-0.134826	-4.554946
33	0.917155	75000	-0.134598	-4.689543
34	0.914783	75000	-0.134322	-4.823866
35	0.912415	75000	-0.134199	-4.958064
36	0.910051	75000	-0.133953	-5.092017
37	0.907690	75000	-0.133748	-5.225765
38	0.905333	75000	-0.133590	-5.359355
39	0.902980	75000	-0.133405	-5.492760
40	0.900630	75000	-0.133170	-5.625930
41	0.898284	75000	-0.133014	-5.758944
42	0.895942	75000	-0.132743	-5.891686
43	0.893603	75000	-0.132525	-6.024212
44	0.891268	75000	-0.132399	-6.156610
45	0.888937	75000	-0.132129	-6.288739
46	0.886609	75000	-0.131955	-6.420694
47	0.884285	75000	-0.131687	-6.552381
48	0.881965	75000	-0.131535	-6.683917
49	0.879648	75000	-0.131334	-6.815251
50	0.877335	75000	-0.131075	-6.946326
51	0.875026	75000	-0.130932	-7.077258
52	0.872720	75000	-0.130681	-7.207939
53	0.870418	75000	-0.130586	-7.338525
54	0.868120	75000	-0.130362	-7.468887
55	0.865825	75000	-0.130178	-7.599065
56	0.863534	75000	-0.130000	-7.729065
57	0.861246	75000	-0.129695	-7.858760
58	0.858962	75000	-0.129600	-7.988360
59	0.856682	75000	-0.129339	-8.117699
60	0.854405	75000	-0.129095	-8.246793
61	0.852132	75000	-0.128939	-8.375732
62	0.849863	75000	-0.128796	-8.504527
63	0.847597	75000	-0.128561	-8.633089
64	0.845335	75000	-0.128291	-8.761380
65	0.843077	75000	-0.128191	-8.889572
66	0.840822	75000	-0.128053	-9.017624
67	0.838571	75000	-0.127766	-9.145391
68	0.836323	75000	-0.127546	-9.272937
69	0.834079	75000	-0.127326	-9.400263
70	0.831839	75000	-0.127130	-9.527393
71	0.829602	75000	-0.126995	-9.654388
72	0.827369	75000	-0.126783	-9.781172
73	0.825140	75000	-0.126541	-9.907712
74	0.822914	75000	-0.126374	-10.034086
75	0.820691	75000	-0.126169	-10.160255
76	0.818473	75000	-0.125964	-10.286218
77	0.816258	75000	-0.125798	-10.412016
78	0.814046	75000	-0.125605	-10.537621
79	0.811838	75000	-0.125346	-10.662967
80	0.809634	75000	-0.125250	-10.788217
81	0.807433	75000	-0.124988	-10.913204
82	0.805236	75000	-0.124777	-11.037981
83	0.803043	75000	-0.124587	-11.162568
84	0.800853	75000	-0.124435	-11.287003
85	0.798667	75000	-0.124211	-11.411213
86	0.796484	75000	-0.124086	-11.535299
87	0.794305	75000	-0.123832	-11.659131
88	0.792129	75000	-0.123621	-11.782752
89	0.789957	75000	-0.123420	-11.906171
90	0.787789	75000	-0.123232	-12.029403
91	0.785624	75000	-0.123065	-12.152468
92	0.783463	75000	-0.122867	-12.275335
93	0.781305	75000	-0.122645	-12.397980
94	0.779151	75000	-0.122444	-12.520424
95	0.777000	75000	-0.122289	-12.642713
96	0.774853	75000	-0.122131	-12.764844
97	0.772710	75000	-0.121884	-12.886728
98	0.770570	75000	-0.121667	-13.008395
99	0.768433	75000	-0.121393	-13.129789
100	0.766301	75000	-0.121323	-13.251112
101	0.764172	75000	-0.121101	-13.372213
102	0.762046	75000	-0.120823	-13.493036
103	0.759924	75000	-0.120677	-13.613713
104	0.757805	75000	-0.120558	-13.734271
105	0.755690	75000	-0.120331	-13.854602
106	0.753579	75000	-0.120108	-13.974710
107	0.751471	75000	-0.119901	-14.094611
108	0.749366	75000	-0.119719	-14.214330
109	0.747266	75000	-0.119507	-14.333837
110	0.745168	75000	-0.119364	-14.453202
111	0.743075	75000	-0.119190	-14.572392
112	0.740984	75000	-0.118951	-14.691343
113	0.738898	75000	-0.118821	-14.810164
114	0.736815	75000	-0.118656	-14.928820
115	0.734735	75000	-0.118350	-15.047170
116	0.732659	75000	-0.118193	-15.165362
117	0.730586	75000	-0.118008	-15.283370
118	0.728517	75000	-0.117802	-15.401172
119	0.726452	75000	-0.117616	-15.518788
120	0.724390	75000	-0.117433	-15.636221
121	0.722331	75000	-0.117232	-15.753453
122	0.720276	75000	-0.117068	-15.870521
123	0.718225	75000	-0.116849	-15.987371
124	0.716177	75000	-0.116684	-16.104055
125	0.714132	75000	-0.116533	-16.220588
126	0.712091	75000	-0.116225	-16.336813
127	0.710054	75000	-0.116071	-16.452884
128	0.708020	75000	-0.115929	-16.568812
129	0.705989	75000	-0.115700	-16.684512
130	0.703962	75000	-0.115536	-16.800048
131	0.701939	75000	-0.115306	-16.915354
132	0.699919	75000	-0.115125	-17.030479
133	0.697902	75000	-0.114916	-17.145395
134	0.695889	75000	-0.114679	-17.260074
135	0.693880	75000	-0.114539	-17.374613
136	0.691874	75000	-0.114326	-17.488939
137	0.689871	75000	-0.114142	-17.603081
138	0.687872	75000	-0.113988	-17.717069
139	0.685877	75000	-0.113858	-17.830927
140	0.683885	75000	-0.113584	-17.944511
141	0.681896	75000	-0.113430	-18.057942
142	0.679911	75000	-0.113279	-18.171220
143	0.677929	75000	-0.113091	-18.284311
144	0.675951	75000	-0.112851	-18.397162
145	0.673976	75000	-0.112638	-18.509800
146	0.672005	75000	-0.112480	-18.622280
147	0.670037	75000	-0.112362	-18.734641
148	0.668073	75000	-0.112047	-18.846689
149	0.666112	75000	-0.111965	-18.958654
150	0.664155	75000	-0.111708	-19.070362
151	0.662201	75000	-0.111627	-19.181990
152	0.660250	75000	-0.111393	-19.293383
153	0.658303	75000	-0.111064	-19.404447
154	0.656359	75000	-0.110980	-19.515427
155	0.654419	75000	-0.110810	-19.626237
156	0.652483	75000	-0.110604	-19.736841
157	0.650549	75000	-0.110459	-19.847299
158	0.648619	75000	-0.110145	-19.957444
159	0.646693	75000	-0.110056	-20.067500
160	0.644770	75000	-0.109805	-20.177306
161	0.642851	75000	-0.109634	-20.286940
162	0.640934	75000	-0.109461	-20.396401
163	0.639022	75000	-0.109232	-20.505633
164	0.637113	75000	-0.109113	-20.614746
165	0.635207	75000	-0.108927	-20.723673
166	0.633304	75000	-0.108779	-20.832451
167	0.631405	75000	-0.108565	-20.941016
168	0.629510	75000	-0.108332	-21.049349
169	0.627618	75000	-0.108142	-21.157491
170	0.625729	75000	-0.108030	-21.265521
171	0.623844	75000	-0.107848	-21.373369
172	0.621962	75000	-0.107589	-21.480958
173	0.620083	75000	-0.107436	-21.588394
174	0.618208	75000	-0.107191	-21.695585
175	0.616337	75000	-0.107050	-21.802635
176	0.614468	75000	-0.106903	-21.909538
177	0.612604	75000	-0.106664	-22.016201
178	0.610742	75000	-0.106460	-22.122661
179	0.608884	75000	-0.106310	-22.228971
180	0.607029	75000	-0.106077	-22.335048
181	0.605178	75000	-0.105952	-22.441000
182	0.603330	75000	-0.105752	-22.546752
183	0.601486	75000	-0.105631	-22.652383
184	0.599645	75000	-0.105425	-22.757808
185	0.597807	75000	-0.105184	-22.862992
186	0.595973	75000	-0.105080	-22.968072
187	0.594142	75000	-0.104775	-23.072846
188	0.592314	75000	-0.104669	-23.177515
189	0.590490	75000	-0.104528	-23.282043
190	0.588669	75000	-0.104301	-23.386344
191	0.586852	75000	-0.104120	-23.490464
192	0.585038	75000	-0.103909	-23.594373
193	0.583227	75000	-0.103671	-23.698045
194	0.581420	75000	-0.103606	-23.801651
195	0.579616	75000	-0.103318	-23.904968
196	0.577815	75000	-0.103180	-24.008148
197	0.576018	75000	-0.102999	-24.111147
198	0.574224	75000	-0.102852	-24.213998
199	0.572433	75000	-0.102613	-24.316611
200	0.570646	75000	-0.102443	-24.419054
201	0.568862	75000	-0.102259	-24.521313
202	0.567082	75000	-0.102100	-24.623413
203	0.565305	75000	-0.101881	-24.725294
204	0.563531	75000	-0.101749	-24.827043
205	0.561761	75000	-0.101524	-24.928567
206	0.559993	75000	-0.101365	-25.029932
207	0.558230	75000	-0.101227	-25.131159
208	0.556469	75000	-0.100983	-25.232143
209	0.554712	75000	-0.100838	-25.332981
210	0.552958	75000	-0.100678	-25.433659
211	0.551208	75000	-0.100481	-25.534139
212	0.549461	75000	-0.100271	-25.634410
213	0.547717	75000	-0.100051	-25.734461
214	0.545977	75000	-0.099922	-25.834384
215	0.544240	75000	-0.099784	-25.934168
216	0.542506	75000	-0.099520	-26.033688
217	0.540775	75000	-0.099324	-26.133011
218	0.539048	75000	-0.099191	-26.232202
219	0.537324	75000	-0.098967	-26.331170
220	0.535604	75000	-0.098866	-26.430036
221	0.533887	75000	-0.098680	-26.528715
222	0.532173	75000	-0.098393	-26.627108
223	0.530462	75000	-0.098264	-26.725372
224	0.528755	75000	-0.098086	-26.823458
225	0.527051	75000	-0.097909	-26.921367
226	0.525350	75000	-0.097820	-27.019187
227	0.523653	75000	-0.097643	-27.116831
228	0.521958	75000	-0.097501	-27.214332
229	0.520268	75000	-0.097313	-27.311645
230	0.518580	75000	-0.097000	-27.408645
231	0.516896	75000	-0.096897	-27.505542
232	0.515215	75000	-0.096698	-27.602240
233	0.513537	75000	-0.096515	-27.698755
234	0.511863	75000	-0.096347	-27.795102
235	0.510192	75000	-0.096114	-27.891217
236	0.508524	75000	-0.095952	-27.987169
237	0.506859	75000	-0.095798	-28.082966
238	0.505198	75000	-0.095660	-28.178626
239	0.503540	75000	-0.095499	-28.274125
240	0.501885	75000	-0.095239	-28.369364
241	0.500234	75000	-0.095135	-28.464498
242	0.498586	75000	-0.094875	-28.559374
243	0.496941	75000	-0.094782	-28.654155
244	0.495299	75000	-0.094652	-28.748808
245	0.493660	75000	-0.094418	-28.843225
246	0.492025	75000	-0.094244	-28.937469
247	0.490393	75000	-0.094038	-29.031507
248	0.488765	75000	-0.093884	-29.125392
249	0.487139	75000	-0.093764	-29.219156
250	0.485517	75000	-0.093557	-29.312712
251	0.483898	75000	-0.093379	-29.406092
252	0.482283	75000	-0.093177	-29.499268
253	0.480670	75000	-0.092951	-29.592219
254	0.479061	75000	-0.092784	-29.685003
255	0.477455	75000	-0.092706	-29.777709
256	0.475852	75000	-0.092473	-29.870182
257	0.474253	75000	-0.092225	-29.962407
258	0.472656	75000	-0.092120	-30.054526
259	0.471063	75000	-0.091936	-30.146462
260	0.469474	75000	-0.091782	-30.238244
261	0.467887	75000	-0.091594	-30.329839
262	0.466304	75000	-0.091373	-30.421211
263	0.464723	75000	-0.091246	-30.512458
264	0.463146	75000	-0.091078	-30.603535
265	0.461573	75000	-0.090870	-30.694406
266	0.460002	75000	-0.090732	-30.785137
267	0.458435	75000	-0.090547	-30.875684
268	0.456871	75000	-0.090415	-30.966099
269	0.455310	75000	-0.090173	-31.056272
270	0.453752	75000	-0.090051	-31.146324
271	0.452198	75000	-0.089851	-31.236175
272	0.450647	75000	-0.089664	-31.325839
273	0.449098	75000	-0.089428	-31.415267
274	0.447554	75000	-0.089302	-31.504569
275	0.446012	75000	-0.089154	-31.593723
276	0.444473	75000	-0.088991	-31.682714
277	0.442938	75000	-0.088884	-31.771598
278	0.441406	75000	-0.088628	-31.860226
279	0.439877	75000	-0.088526	-31.948752
280	0.438351	75000	-0.088291	-32.037042
281	0.436829	75000	-0.088174	-32.125217
282	0.435309	75000	-0.088023	-32.213239
283	0.433793	75000	-0.087797	-32.301036
284	0.432280	75000	-0.087644	-32.388680
285	0.430770	75000	-0.087392	-32.476072
286	0.429263	75000	-0.087306	-32.563377
287	0.427760	75000	-0.087105	-32.650482
288	0.426259	75000	-0.086925	-32.737408
289	0.424762	75000	-0.086689	-32.824096
290	0.423268	75000	-0.086570	-32.910667
291	0.421777	75000	-0.086419	-32.997085
292	0.420289	75000	-0.086269	-33.083354
293	0.418805	75000	-0.086141	-33.169495
294	0.417323	75000	-0.085947	-33.255443
295	0.415845	75000	-0.085803	-33.341246
296	0.414370	75000	-0.085606	-33.426852
297	0.412898	75000	-0.085389	-33.512241
298	0.411429	75000	-0.085323	-33.597563
299	0.409963	75000	-0.085072	-33.682636
300	0.408501	75000	-0.084944	-33.767579
301	0.407041	75000	-0.084713	-33.852292
302	0.405585	75000	-0.084570	-33.936862
303	0.404132	75000	-0.084369	-34.021231
304	0.402682	75000	-0.084196	-34.105427
305	0.401235	75000	-0.084146	-34.189573
306	0.399791	75000	-0.083850	-34.273424
307	0.398350	75000	-0.083731	-34.357155
308	0.396913	75000	-0.083504	-34.440659
309	0.395478	75000	-0.083426	-34.524085
310	0.394047	75000	-0.083140	-34.607225
311	0.392619	75000	-0.082993	-34.690218
312	0.391194	75000	-0.082901	-34.773119
313	0.389772	75000	-0.082739	-34.855859
314	0.388353	75000	-0.082553	-34.938412
315	0.386937	75000	-0.082377	-35.020789
316	0.385524	75000	-0.082197	-35.102986
317	0.384115	75000	-0.082090	-35.185076
318	0.382708	75000	-0.081899	-35.266975
319	0.381305	75000	-0.081644	-35.348618
320	0.379904	75000	-0.081496	-35.430114
321	0.378507	75000	-0.081479	-35.511593
322	0.377113	75000	-0.081234	-35.592827
323	0.375722	75000	-0.081055	-35.673881
324	0.374334	75000	-0.080873	-35.754755
325	0.372949	75000	-0.080650	-35.835404
326	0.371567	75000	-0.080576	-35.915981
327	0.370189	75000	-0.080326	-35.996307
328	0.368813	75000	-0.080277	-36.076584
329	0.367440	75000	-0.080084	-36.156669
330	0.366071	75000	-0.079770	-36.236439
331	0.364705	75000	-0.079776	-36.316215
332	0.363341	75000	-0.079584	-36.395799
333	0.361981	75000	-0.079544	-36.475343
334	0.360624	75000	-0.079266	-36.554609
335	0.359269	75000	-0.079071	-36.633680
336	0.357918	75000	-0.078831	-36.712511
337	0.356570	75000	-0.078739	-36.791249
338	0.355225	75000	-0.078479	-36.869729
339	0.353883	75000	-0.078377	-36.948106
340	0.352544	75000	-0.078235	-37.026342
341	0.351208	75000	-0.078167	-37.104509
342	0.349875	75000	-0.077953	-37.182462
343	0.348546	75000	-0.077814	-37.260275
344	0.347219	75000	-0.077687	-37.337962
345	0.345895	75000	-0.077374	-37.415336
346	0.344574	75000	-0.077311	-37.492647
347	0.343257	75000	-0.077152	-37.569799
348	0.341942	75000	-0.077065	-37.646864
349	0.340630	75000	-0.076858	-37.723722
350	0.339322	75000	-0.076579	-37.800301
351	0.338016	75000	-0.076529	-37.876830
352	0.336714	75000	-0.076419	-37.953248
353	0.335414	75000	-0.076158	-38.029407
354	0.334118	75000	-0.076019	-38.105426
355	0.332824	75000	-0.075849	-38.181275
356	0.331534	75000	-0.075643	-38.256918
357	0.330246	75000	-0.075524	-38.332442
358	0.328962	75000	-0.075296	-38.407738
359	0.327680	75000	-0.075228	-38.482966
360	0.326401	75000	-0.074978	-38.557945
361	0.325126	75000	-0.074898	-38.632843
362	0.323853	75000	-0.074749	-38.707591
363	0.322584	75000	-0.074400	-38.781991
364	0.321317	75000	-0.074413	-38.856404
365	0.320054	75000	-0.074251	-38.930655
366	0.318793	75000	-0.074117	-39.004772
367	0.317536	75000	-0.073920	-39.078692
368	0.316281	75000	-0.073844	-39.152536
369	0.315030	75000	-0.073580	-39.226116
370	0.313781	75000	-0.073523	-39.299639
371	0.312535	75000	-0.073258	-39.372897
372	0.311293	75000	-0.073210	-39.446107
373	0.310053	75000	-0.072969	-39.519076
374	0.308816	75000	-0.072748	-39.591824
375	0.307582	75000	-0.072658	-39.664482
376	0.306352	75000	-0.072493	-39.736976
377	0.305124	75000	-0.072425	-39.809401
378	0.303899	75000	-0.072146	-39.881547
379	0.302677	75000	-0.072010	-39.953556
380	0.301458	75000	-0.071764	-40.025320
381	0.300242	75000	-0.071661	-40.096981
382	0.299029	75000	-0.071585	-40.168566
383	0.297819	75000	-0.071419	-40.239985
384	0.296611	75000	-0.071277	-40.311261
385	0.295407	75000	-0.071004	-40.382266
386	0.294206	75000	-0.070892	-40.453158
387	0.293007	75000	-0.070792	-40.523949
388	0.291812	75000	-0.070626	-40.594575
389	0.290619	75000	-0.070486	-40.665062
390	0.289430	75000	-0.070282	-40.735344
391	0.288243	75000	-0.070105	-40.805449
392	0.287059	75000	-0.069992	-40.875441
393	0.285879	75000	-0.069907	-40.945348
394	0.284701	75000	-0.069692	-41.015040
395	0.283526	75000	-0.069537	-41.084578
396	0.282354	75000	-0.069461	-41.154039
397	0.281184	75000	-0.069237	-41.223276
398	0.280018	75000	-0.069095	-41.292371
399	0.278855	75000	-0.068909	-41.361281
400	0.277694	75000	-0.068785	-41.430066
401	0.276537	75000	-0.068539	-41.498604
402	0.275382	75000	-0.068452	-41.567057
403	0.274230	75000	-0.068340	-41.635397
404	0.273082	75000	-0.068166	-41.703564
405	0.271936	75000	-0.067950	-41.771514
406	0.270793	75000	-0.067883	-41.839397
407	0.269652	75000	-0.067700	-41.907096
408	0.268515	75000	-0.067574	-41.974670
409	0.267381	75000	-0.067375	-42.042045
410	0.266249	75000	-0.067318	-42.109363
411	0.265121	75000	-0.067108	-42.176471
412	0.263995	75000	-0.066953	-42.243424
413	0.262872	75000	-0.066753	-42.310177
414	0.261752	75000	-0.066687	-42.376863
415	0.260635	75000	-0.066364	-42.443228
416	0.259520	75000	-0.066329	-42.509557
417	0.258409	75000	-0.066125	-42.575682
418	0.257300	75000	-0.066001	-42.641683
419	0.256195	75000	-0.065893	-42.707576
420	0.255092	75000	-0.065734	-42.773310
421	0.253992	75000	-0.065534	-42.838844
422	0.252895	75000	-0.065452	-42.904296
423	0.251800	75000	-0.065344	-42.969640
424	0.250709	75000	-0.065127	-43.034767
425	0.249620	75000	-0.064962	-43.099728
426	0.248534	75000	-0.064786	-43.164515
427	0.247451	75000	-0.064742	-43.229257
428	0.246371	75000	-0.064448	-43.293705
429	0.245294	75000	-0.064340	-43.358045
430	0.244220	75000	-0.064179	-43.422224
431	0.243148	75000	-0.064064	-43.486287
432	0.242079	75000	-0.063970	-43.550258
433	0.241013	75000	-0.063826	-43.614083
434	0.239950	75000	-0.063642	-43.677725
435	0.238890	75000	-0.063444	-43.741170
436	0.237832	75000	-0.063296	-43.804465
437	0.236778	75000	-0.063239	-43.867705
438	0.235726	75000	-0.063062	-43.930767
439	0.234677	75000	-0.062901	-43.993667
440	0.233630	75000	-0.062836	-44.056503
441	0.232587	75000	-0.062724	-44.119227
442	0.231546	75000	-0.062538	-44.181765
443	0.230509	75000	-0.062340	-44.244105
444	0.229473	75000	-0.062175	-44.306280
445	0.228441	75000	-0.061966	-44.368246
446	0.227412	75000	-0.061866	-44.430112
447	0.226385	75000	-0.061710	-44.491822
448	0.225361	75000	-0.061454	-44.553276
449	0.224340	75000	-0.061354	-44.614629
450	0.223322	75000	-0.061283	-44.675912
451	0.222306	75000	-0.061137	-44.737049
452	0.221293	75000	-0.060997	-44.798046
453	0.220283	75000	-0.060791	-44.858838
454	0.219276	75000	-0.060635	-44.919473
455	0.218272	75000	-0.060664	-44.980137
456	0.217270	75000	-0.060458	-45.040595
457	0.216271	75000	-0.060284	-45.100879
458	0.215275	75000	-0.060162	-45.161042
459	0.214281	75000	-0.059979	-45.221021
460	0.213291	75000	-0.059888	-45.280909
461	0.212303	75000	-0.059757	-45.340666
462	0.211318	75000	-0.059480	-45.400146
463	0.210335	75000	-0.059298	-45.459444
464	0.209356	75000	-0.059303	-45.518747
465	0.208379	75000	-0.059155	-45.577902
466	0.207404	75000	-0.058976	-45.636878
467	0.206433	75000	-0.058787	-45.695664
468	0.205464	75000	-0.058715	-45.754379
469	0.204498	75000	-0.058635	-45.813015
470	0.203535	75000	-0.058376	-45.871390
471	0.202575	75000	-0.058267	-45.929657
472	0.201617	75000	-0.058129	-45.987787
473	0.200662	75000	-0.058133	-46.045920
474	0.199709	75000	-0.057797	-46.103716
475	0.198760	75000	-0.057732	-46.161448
476	0.197813	75000	-0.057583	-46.219031
477	0.196869	75000	-0.057504	-46.276535
478	0.195927	75000	-0.057336	-46.333871
479	0.194988	75000	-0.057179	-46.391050
480	0.194052	75000	-0.057016	-46.448066
481	0.193119	75000	-0.056865	-46.504932
482	0.192188	75000	-0.056774	-46.561706
483	0.191260	75000	-0.056543	-46.618249
484	0.190335	75000	-0.056458	-46.674707
485	0.189412	75000	-0.056395	-46.731102
486	0.188492	75000	-0.056138	-46.787240
487	0.187575	75000	-0.056153	-46.843393
488	0.186660	75000	-0.055814	-46.899207
489	0.185749	75000	-0.055732	-46.954939
490	0.184839	75000	-0.055590	-47.010529
491	0.183933	75000	-0.055543	-47.066072
492	0.183029	75000	-0.055420	-47.121492
493	0.182128	75000	-0.055258	-47.176749
494	0.181229	75000	-0.055102	-47.231852
495	0.180333	75000	-0.054883	-47.286735
496	0.179440	75000	-0.054812	-47.341547
497	0.178550	75000	-0.054667	-47.396214
498	0.177662	75000	-0.054578	-47.450792
499	0.176777	75000	-0.054495	-47.505288
500	0.175894	75000	-0.054342	-47.559630
501	0.175014	75000	-0.054010	-47.613639
502	0.174137	75000	-0.053986	-47.667626
503	0.173262	75000	-0.053894	-47.721520
504	0.172390	75000	-0.053621	-47.775141
505	0.171521	75000	-0.053614	-47.828756
506	0.170654	75000	-0.053569	-47.882324
507	0.169790	75000	-0.053235	-47.935559
508	0.168929	75000	-0.053270	-47.988830
509	0.168070	75000	-0.053035	-48.041865
510	0.167214	75000	-0.052940	-48.094805
511	0.166360	75000	-0.052933	-48.147737
512	0.165509	75000	-0.052832	-48.200569
513	0.164661	75000	-0.052636	-48.253206
514	0.163815	75000	-0.052294	-48.305500
515	0.162972	75000	-0.052248	-48.357748
516	0.162132	75000	-0.052063	-48.409812
517	0.161294	75000	-0.052056	-48.461867
518	0.160458	75000	-0.051866	-48.513733
519	0.159626	75000	-0.051669	-48.565402
520	0.158796	75000	-0.051495	-48.616897
521	0.157968	75000	-0.051476	-48.668374
522	0.157143	75000	-0.051377	-48.719750
523	0.156321	75000	-0.051213	-48.770964
524	0.155501	75000	-0.051204	-48.822168
525	0.154684	75000	-0.050933	-48.873101
526	0.153870	75000	-0.050830	-48.923931
527	0.153058	75000	-0.050741	-48.974672
528	0.152248	75000	-0.050541	-49.025213
529	0.151441	75000	-0.050367	-49.075579
530	0.150637	75000	-0.050288	-49.125868
531	0.149835	75000	-0.050119	-49.175987
532	0.149036	75000	-0.050088	-49.226075
533	0.148240	75000	-0.049783	-49.275858
534	0.147446	75000	-0.049781	-49.325639
535	0.146654	75000	-0.049919	-49.375558
536	0.145865	75000	-0.049472	-49.425030
537	0.145079	75000	-0.049511	-49.474541
538	0.144295	75000	-0.049306	-49.523847
539	0.143514	75000	-0.049175	-49.573022
540	0.142735	75000	-0.049000	-49.622023
541	0.141959	75000	-0.048843	-49.670866
542	0.141186	75000	-0.048632	-49.719498
543	0.140415	75000	-0.048604	-49.768102
544	0.139646	75000	-0.048451	-49.816553
545	0.138880	75000	-0.048470	-49.865023
546	0.138116	75000	-0.048282	-49.913305
547	0.137356	75000	-0.048130	-49.961435
548	0.136597	75000	-0.048062	-50.009498
549	0.135841	75000	-0.047846	-50.057344
550	0.135088	75000	-0.047624	-50.104968
551	0.134337	75000	-0.047736	-50.152704
552	0.133588	75000	-0.047575	-50.200279
553	0.132843	75000	-0.047302	-50.247581
554	0.132099	75000	-0.047171	-50.294752
555	0.131358	75000	-0.047217	-50.341968
556	0.130620	75000	-0.046981	-50.388949
557	0.129884	75000	-0.046916	-50.435866
558	0.129151	75000	-0.046877	-50.482743
559	0.128420	75000	-0.046707	-50.529449
560	0.127691	75000	-0.046523	-50.575972
561	0.126965	75000	-0.046291	-50.622263
562	0.126242	75000	-0.046231	-50.668494
563	0.125521	75000	-0.046165	-50.714658
564	0.124802	75000	-0.045978	-50.760636
565	0.124086	75000	-0.046065	-50.806701
566	0.123373	75000	-0.045796	-50.852497
567	0.122662	75000	-0.045854	-50.898351
568	0.121953	75000	-0.045599	-50.943950
569	0.121247	75000	-0.045385	-50.989335
570	0.120543	75000	-0.045294	-51.034628
571	0.119842	75000	-0.045145	-51.079773
572	0.119143	75000	-0.045089	-51.124862
573	0.118447	75000	-0.044943	-51.169806
574	0.117753	75000	-0.044914	-51.214720
575	0.117062	75000	-0.044610	-51.259330
576	0.116373	75000	-0.044702	-51.304031
577	0.115686	75000	-0.044560	-51.348592
578	0.115002	75000	-0.044328	-51.392920
579	0.114320	75000	-0.044309	-51.437229
580	0.113641	75000	-0.044303	-51.481532
581	0.112964	75000	-0.044092	-51.525624
582	0.112290	75000	-0.043942	-51.569566
583	0.111618	75000	-0.043768	-51.613334
584	0.110948	75000	-0.043496	-51.656830
585	0.110281	75000	-0.043637	-51.700467
586	0.109616	75000	-0.043481	-51.743948
587	0.108954	75000	-0.043390	-51.787338
588	0.108294	75000	-0.043121	-51.830459
589	0.107637	75000	-0.042966	-51.873424
590	0.106981	75000	-0.043050	-51.916475
591	0.106329	75000	-0.043050	-51.959525
592	0.105678	75000	-0.043002	-52.002527
593	0.105030	75000	-0.042681	-52.045208
594	0.104385	75000	-0.042581	-52.087789
595	0.103742	75000	-0.042454	-52.130243
596	0.103101	75000	-0.042226	-52.172470
597	0.102463	75000	-0.042200	-52.214669
598	0.101827	75000	-0.042115	-52.256784
599	0.101193	75000	-0.041920	-52.298704
600	0.100562	75000	-0.041906	-52.340609
601	0.099933	75000	-0.041772	-52.382382
602	0.099306	75000	-0.041657	-52.424038
603	0.098682	75000	-0.041521	-52.465559
604	0.098060	75000	-0.041422	-52.506981
605	0.097441	75000	-0.041332	-52.548314
606	0.096824	75000	-0.041311	-52.589625
607	0.096209	75000	-0.041158	-52.630783
608	0.095596	75000	-0.040906	-52.671689
609	0.094986	75000	-0.040827	-52.712516
610	0.094379	75000	-0.040733	-52.753248
611	0.093773	75000	-0.040732	-52.793980
612	0.093170	75000	-0.040319	-52.834299
613	0.092570	75000	-0.040324	-52.874623
614	0.091971	75000	-0.040391	-52.915013
615	0.091375	75000	-0.040327	-52.955340
616	0.090781	75000	-0.040212	-52.995552
617	0.090190	75000	-0.039852	-53.035404
618	0.089601	75000	-0.039793	-53.075197
619	0.089014	75000	-0.040015	-53.115212
620	0.088430	75000	-0.039796	-53.155008
621	0.087848	75000	-0.039724	-53.194732
622	0.087268	75000	-0.039476	-53.234208
623	0.086690	75000	-0.039239	-53.273447
624	0.086115	75000	-0.039202	-53.312649
625	0.085542	75000	-0.039142	-53.351791
626	0.084971	75000	-0.039093	-53.390884
627	0.084403	75000	-0.039009	-53.429893
628	0.083837	75000	-0.038937	-53.468830
629	0.083273	75000	-0.038904	-53.507734
630	0.082712	75000	-0.038803	-53.546536
631	0.082152	75000	-0.038371	-53.584907
632	0.081595	75000	-0.038515	-53.623422
633	0.081041	75000	-0.038262	-53.661684
634	0.080488	75000	-0.038233	-53.699917
635	0.079938	75000	-0.038288	-53.738205
636	0.079390	75000	-0.038208	-53.776413
637	0.078845	75000	-0.038046	-53.814459
638	0.078301	75000	-0.037716	-53.852175
639	0.077760	75000	-0.037843	-53.890018
640	0.077221	75000	-0.037659	-53.927677
641	0.076684	75000	-0.037478	-53.965155
642	0.076150	75000	-0.037436	-54.002591
643	0.075618	75000	-0.037428	-54.040018
644	0.075088	75000	-0.037246	-54.077264
645	0.074560	75000	-0.037345	-54.114609
646	0.074035	75000	-0.036912	-54.151521
647	0.073512	75000	-0.036791	-54.188312
648	0.072991	75000	-0.036897	-54.225209
649	0.072472	75000	-0.036795	-54.262004
650	0.071955	75000	-0.036668	-54.298672
651	0.071441	75000	-0.036608	-54.335281
652	0.070929	75000	-0.036614	-54.371894
653	0.070419	75000	-0.036483	-54.408377
654	0.069911	75000	-0.036355	-54.444732
655	0.069406	75000	-0.036324	-54.481056
656	0.068903	75000	-0.036295	-54.517351
657	0.068401	75000	-0.036148	-54.553499
658	0.067903	75000	-0.035977	-54.589476
659	0.067406	75000	-0.035848	-54.625323
660	0.066911	75000	-0.035938	-54.661262
661	0.066419	75000	-0.035779	-54.697041
662	0.065929	75000	-0.035733	-54.732773
663	0.065441	75000	-0.035510	-54.768283
664	0.064955	75000	-0.035381	-54.803665
665	0.064471	75000	-0.035593	-54.839258
666	0.063990	75000	-0.035435	-54.874693
667	0.063510	75000	-0.034988	-54.909680
668	0.063033	75000	-0.035134	-54.944815
669	0.062558	75000	-0.035014	-54.979829
670	0.062085	75000	-0.035156	-55.014985
671	0.061615	75000	-0.035013	-55.049999
672	0.061146	75000	-0.034974	-55.084972
673	0.060680	75000	-0.034933	-55.119905
674	0.060216	75000	-0.034773	-55.154678
675	0.059753	75000	-0.034491	-55.189170
676	0.059293	75000	-0.034423	-55.223593
677	0.058836	75000	-0.034254	-55.257846
678	0.058380	75000	-0.034434	-55.292280
679	0.057926	75000	-0.034320	-55.326600
680	0.057475	75000	-0.034248	-55.360848
681	0.057025	75000	-0.033996	-55.394844
682	0.056578	75000	-0.034014	-55.428858
683	0.056133	75000	-0.033983	-55.462841
684	0.055690	75000	-0.033831	-55.496672
685	0.055249	75000	-0.033510	-55.530181
686	0.054810	75000	-0.033854	-55.564036
687	0.054373	75000	-0.033859	-55.597895
688	0.053939	75000	-0.033605	-55.631500
689	0.053506	75000	-0.033504	-55.665003
690	0.053076	75000	-0.033400	-55.698403
691	0.052647	75000	-0.033540	-55.731943
692	0.052221	75000	-0.033202	-55.765145
693	0.051797	75000	-0.033273	-55.798418
694	0.051375	75000	-0.033125	-55.831543
695	0.050955	75000	-0.033054	-55.864596
696	0.050537	75000	-0.033304	-55.897900
697	0.050121	75000	-0.032826	-55.930726
698	0.049707	75000	-0.032729	-55.963455
699	0.049295	75000	-0.032665	-55.996120
700	0.048885	75000	-0.032633	-56.028753
701	0.048478	75000	-0.032869	-56.061622
702	0.048072	75000	-0.032612	-56.094234
703	0.047668	75000	-0.032721	-56.126955
704	0.047267	75000	-0.032451	-56.159406
705	0.046867	75000	-0.032711	-56.192117
706	0.046470	75000	-0.032407	-56.224524
707	0.046074	75000	-0.032242	-56.256766
708	0.045681	75000	-0.032441	-56.289207
709	0.045289	75000	-0.032128	-56.321335
710	0.044900	75000	-0.032079	-56.353414
711	0.044512	75000	-0.032216	-56.385630
712	0.044127	75000	-0.032236	-56.417866
713	0.043744	75000	-0.031797	-56.449663
714	0.043362	75000	-0.032146	-56.481810
715	0.042983	75000	-0.031982	-56.513791
716	0.042606	75000	-0.031778	-56.545569
717	0.042230	75000	-0.031677	-56.577246
718	0.041857	75000	-0.031557	-56.608803
719	0.041485	75000	-0.031582	-56.640385
720	0.041116	75000	-0.031469	-56.671853
721	0.040749	75000	-0.031787	-56.703640
722	0.040383	75000	-0.031803	-56.735443
723	0.040020	75000	-0.031399	-56.766842
724	0.039658	75000	-0.031276	-56.798118
725	0.039299	75000	-0.031538	-56.829656
726	0.038941	75000	-0.031522	-56.861178
727	0.038585	75000	-0.031128	-56.892306
728	0.038232	75000	-0.031276	-56.923582
729	0.037880	75000	-0.031617	-56.955199
730	0.037530	75000	-0.031024	-56.986223
731	0.037182	75000	-0.030954	-57.017177
732	0.036836	75000	-0.031206	-57.048383
733	0.036493	75000	-0.031376	-57.079759
734	0.036151	75000	-0.031022	-57.110781
735	0.035810	75000	-0.030933	-57.141714
736	0.035472	75000	-0.031231	-57.172945
737	0.035136	75000	-0.031268	-57.204213
738	0.034802	75000	-0.031079	-57.235292
739	0.034469	75000	-0.030719	-57.266011
740	0.034139	75000	-0.031457	-57.297468
741	0.033810	75000	-0.030950	-57.328419
742	0.033484	75000	-0.030706	-57.359125
743	0.033159	75000	-0.031179	-57.390304
744	0.032836	75000	-0.031089	-57.421393
745	0.032515	75000	-0.030552	-57.451945
746	0.032196	75000	-0.031029	-57.482974
747	0.031879	75000	-0.031015	-57.513989
748	0.031563	75000	-0.030647	-57.544635
749	0.031250	75000	-0.030827	-57.575462
750	0.030938	75000	-0.030736	-57.606198
751	0.030629	75000	-0.031266	-57.637464
752	0.030321	75000	-0.030701	-57.668165
753	0.030015	75000	-0.030772	-57.698937
754	0.029711	75000	-0.031202	-57.730139
755	0.029409	75000	-0.030768	-57.760907
756	0.029108	75000	-0.031150	-57.792056
757	0.028810	75000	-0.030656	-57.822712
758	0.028513	75000	-0.030985	-57.853697
759	0.028218	75000	-0.030831	-57.884528
760	0.027925	75000	-0.030684	-57.915212
761	0.027634	75000	-0.030837	-57.946049
762	0.027345	75000	-0.031351	-57.977400
763	0.027057	75000	-0.031413	-58.008813
764	0.026771	75000	-0.031003	-58.039816
765	0.026487	75000	-0.031294	-58.071110
766	0.026205	75000	-0.031273	-58.102383
767	0.025925	75000	-0.031159	-58.133542
768	0.025647	75000	-0.031693	-58.165235
769	0.025370	75000	-0.031621	-58.196855
770	0.025095	75000	-0.031786	-58.228641
771	0.024822	75000	-0.031592	-58.260234
772	0.024551	75000	-0.031107	-58.291341
773	0.024281	75000	-0.031271	-58.322611
774	0.024014	75000	-0.031533	-58.354144
775	0.023748	75000	-0.031547	-58.385692
776	0.023483	75000	-0.031460	-58.417152
777	0.023221	75000	-0.031894	-58.449045
778	0.022960	75000	-0.031625	-58.480670
779	0.022702	75000	-0.031897	-58.512567
780	0.022445	75000	-0.032611	-58.545178
781	0.022189	75000	-0.032063	-58.577242
782	0.021936	75000	-0.032437	-58.609678
783	0.021684	75000	-0.032306	-58.641985
784	0.021434	75000	-0.032710	-58.674694
785	0.021185	75000	-0.032830	-58.707525
786	0.020939	75000	-0.032866	-58.740391
787	0.020694	75000	-0.033492	-58.773883
788	0.020451	75000	-0.033551	-58.807434
789	0.020209	75000	-0.032359	-58.839793
790	0.019969	75000	-0.033553	-58.873346
791	0.019731	75000	-0.033933	-58.907279
792	0.019495	75000	-0.034222	-58.941501
793	0.019261	75000	-0.033974	-58.975474
794	0.019028	75000	-0.034722	-59.010197
795	0.018796	75000	-0.033925	-59.044121
796	0.018567	75000	-0.034770	-59.078891
797	0.018339	75000	-0.034085	-59.112977
798	0.018113	75000	-0.035307	-59.148283
799	0.017889	75000	-0.034846	-59.183129
800	0.017666	75000	-0.036206	-59.219336
801	0.017445	75000	-0.036207	-59.255542
802	0.017225	75000	-0.036830	-59.292372
803	0.017007	75000	-0.037069	-59.329441
804	0.016791	75000	-0.036472	-59.365913
805	0.016577	75000	-0.037878	-59.403791
806	0.016364	75000	-0.037960	-59.441751
807	0.016153	75000	-0.037956	-59.479707
808	0.015943	75000	-0.037203	-59.516910
809	0.015736	75000	-0.038061	-59.554971
810	0.015529	75000	-0.039366	-59.594337
811	0.015325	75000	-0.039043	-59.633380
812	0.015122	75000	-0.039728	-59.673108
813	0.014920	75000	-0.042954	-59.716063
814	0.014721	75000	-0.040713	-59.756775
815	0.014523	75000	-0.040412	-59.797188
816	0.014326	75000	-0.042864	-59.840052
817	0.014131	75000	-0.041841	-59.881893
818	0.013938	75000	-0.044951	-59.926844
819	0.013746	75000	-0.044521	-59.971365
820	0.013556	75000	-0.045074	-60.016439
821	0.013367	75000	-0.045131	-60.061569
822	0.013181	75000	-0.045588	-60.107157
823	0.012995	75000	-0.047019	-60.154177
824	0.012811	75000	-0.048198	-60.202374
825	0.012629	75000	-0.051208	-60.253582
826	0.012448	75000	-0.046904	-60.300487
827	0.012269	75000	-0.052444	-60.352931
828	0.012092	75000	-0.052283	-60.405214
829	0.011916	75000	-0.054359	-60.459573
830	0.011741	75000	-0.054894	-60.514467
831	0.011568	75000	-0.053013	-60.567480
832	0.011397	75000	-0.056453	-60.623933
833	0.011227	75000	-0.056642	-60.680575
834	0.011059	75000	-0.060516	-60.741091
835	0.010892	75000	-0.062014	-60.803106
836	0.010727	75000	-0.061116	-60.864221
837	0.010563	75000	-0.066272	-60.930494
838	0.010401	75000	-0.065526	-60.996019
839	0.010240	75000	-0.066526	-61.062545
840	0.010081	75000	-0.066348	-61.128893
841	0.009923	75000	-0.066811	-61.195704
842	0.009767	75000	-0.069931	-61.265636
843	0.009612	75000	-0.071953	-61.337588
844	0.009459	75000	-0.075153	-61.412741
845	0.009307	75000	-0.074381	-61.487122
846	0.009156	75000	-0.077059	-61.564181
847	0.009008	75000	-0.080478	-61.644659
848	0.008860	75000	-0.079458	-61.724117
849	0.008714	75000	-0.083377	-61.807494
850	0.008570	75000	-0.079433	-61.886927
851	0.008427	75000	-0.084089	-61.971016
852	0.008285	75000	-0.087742	-62.058758
853	0.008145	75000	-0.090216	-62.148975
854	0.008006	75000	-0.091874	-62.240848
855	0.007869	75000	-0.090234	-62.331082
856	0.007733	75000	-0.092660	-62.423743
857	0.007598	75000	-0.092023	-62.515766
858	0.007465	75000	-0.094453	-62.610219
859	0.007334	75000	-0.093538	-62.703756
860	0.007203	75000	-0.094840	-62.798596
861	0.007075	75000	-0.099181	-62.897777
862	0.006947	75000	-0.091364	-62.989141
863	0.006821	75000	-0.095291	-63.084432
864	0.006696	75000	-0.098176	-63.182608
865	0.006573	75000	-0.098146	-63.280754
866	0.006451	75000	-0.097900	-63.378655
867	0.006330	75000	-0.096345	-63.474999
868	0.006211	75000	-0.098780	-63.573779
869	0.006093	75000	-0.096675	-63.670454
870	0.005977	75000	-0.098069	-63.768522
871	0.005862	75000	-0.099578	-63.868100
872	0.005748	75000	-0.098130	-63.966230
873	0.005635	75000	-0.097252	-64.063482
874	0.005524	75000	-0.096571	-64.160053
875	0.005414	75000	-0.097706	-64.257760
876	0.005306	75000	-0.095985	-64.353744
877	0.005199	75000	-0.095814	-64.449558
878	0.005093	75000	-0.096718	-64.546276
879	0.004988	75000	-0.096686	-64.642962
880	0.004885	75000	-0.095611	-64.738573
881	0.004783	75000	-0.093742	-64.832316
882	0.004682	75000	-0.094694	-64.927010
883	0.004583	75000	-0.093941	-65.020951
884	0.004485	75000	-0.092655	-65.113606
885	0.004388	75000	-0.092628	-65.206234
886	0.004292	75000	-0.091549	-65.297784
887	0.004198	75000	-0.091745	-65.389529
888	0.004105	75000	-0.090890	-65.480419
889	0.004013	75000	-0.089553	-65.569972
890	0.003923	75000	-0.088543	-65.658515
891	0.003833	75000	-0.087644	-65.746159
892	0.003745	75000	-0.086675	-65.832835
893	0.003658	75000	-0.086013	-65.918848
894	0.003573	75000	-0.084946	-66.003794
895	0.003488	75000	-0.084491	-66.088284
896	0.003405	75000	-0.083610	-66.171894
897	0.003323	75000	-0.081684	-66.253578
898	0.003242	75000	-0.081022	-66.334601
899	0.003162	75000	-0.080163	-66.414764
900	0.003084	75000	-0.079307	-66.494071
901	0.003007	75000	-0.078475	-66.572546
902	0.002930	75000	-0.077639	-66.650185
903	0.002855	75000	-0.076397	-66.726582
904	0.002782	75000	-0.075566	-66.802148
905	0.002709	75000	-0.074850	-66.876997
906	0.002638	75000	-0.073298	-66.950295
907	0.002567	75000	-0.072452	-67.022747
908	0.002498	75000	-0.071827	-67.094574
909	0.002430	75000	-0.069735	-67.164309
910	0.002363	75000	-0.069281	-67.233590
911	0.002297	75000	-0.068251	-67.301841
912	0.002233	75000	-0.067456	-67.369297
913	0.002169	75000	-0.066538	-67.435835
914	0.002106	75000	-0.065293	-67.501128
915	0.002045	75000	-0.063988	-67.565116
916	0.001985	75000	-0.063184	-67.628300
917	0.001925	75000	-0.062150	-67.690449
918	0.001867	75000	-0.061145	-67.751594
919	0.001810	75000	-0.059990	-67.811584
920	0.001754	75000	-0.059142	-67.870726
921	0.001699	75000	-0.057873	-67.928600
922	0.001645	75000	-0.057129	-67.985729
923	0.001592	75000	-0.055870	-68.041599
924	0.001540	75000	-0.054850	-68.096449
925	0.001490	75000	-0.053953	-68.150402
926	0.001440	75000	-0.052779	-68.203181
927	0.001391	75000	-0.051895	-68.255076
928	0.001343	75000	-0.050869	-68.305945
929	0.001296	75000	-0.049823	-68.355768
930	0.001251	75000	-0.048788	-68.404555
931	0.001206	75000	-0.047688	-68.452244
932	0.001162	75000	-0.046796	-68.499040
933	0.001119	75000	-0.045781	-68.544821
934	0.001077	75000	-0.044691	-68.589512
935	0.001036	75000	-0.043746	-68.633258
936	0.000996	75000	-0.042862	-68.676120
937	0.000957	75000	-0.041936	-68.718056
938	0.000919	75000	-0.040909	-68.758965
939	0.000882	75000	-0.039956	-68.798921
940	0.000846	75000	-0.038958	-68.837878
941	0.000810	75000	-0.038030	-68.875908
942	0.000776	75000	-0.037065	-68.912973
943	0.000742	75000	-0.036073	-68.949046
944	0.000709	75000	-0.035249	-68.984295
945	0.000678	75000	-0.034298	-69.018593
946	0.000647	75000	-0.033244	-69.051837
947	0.000617	75000	-0.032436	-69.084273
948	0.000587	75000	-0.031560	-69.115833
949	0.000559	75000	-0.030637	-69.146470
950	0.000531	75000	-0.029767	-69.176238
951	0.000505	75000	-0.028866	-69.205103
952	0.000479	75000	-0.027914	-69.233017
953	0.000454	75000	-0.027149	-69.260166
954	0.000430	75000	-0.026223	-69.286390
955	0.000406	75000	-0.025385	-69.311775
956	0.000383	75000	-0.024536	-69.336311
957	0.000362	75000	-0.023693	-69.360005
958	0.000340	75000	-0.022836	-69.382841
959	0.000320	75000	-0.022082	-69.404923
960	0.000300	75000	-0.021269	-69.426192
961	0.000281	75000	-0.020508	-69.446700
962	0.000263	75000	-0.019704	-69.466404
963	0.000246	75000	-0.018892	-69.485296
964	0.000229	75000	-0.018134	-69.503430
965	0.000213	75000	-0.017393	-69.520823
966	0.000198	75000	-0.016667	-69.537490
967	0.000183	75000	-0.015879	-69.553369
968	0.000169	75000	-0.015181	-69.568550
969	0.000156	75000	-0.014453	-69.583003
970	0.000143	75000	-0.013760	-69.596762
971	0.000131	75000	-0.013074	-69.609837
972	0.000120	75000	-0.012368	-69.622205
973	0.000109	75000	-0.011742	-69.633947
974	0.000099	75000	-0.011068	-69.645015
975	0.000089	75000	-0.010422	-69.655436
976	0.000080	75000	-0.009798	-69.665235
977	0.000072	75000	-0.009156	-69.674391
978	0.000064	75000	-0.008572	-69.682963
979	0.000057	75000	-0.007966	-69.690929
980	0.000050	75000	-0.007415	-69.698344
981	0.000043	75000	-0.006845	-69.705189
982	0.000038	75000	-0.006316	-69.711505
983	0.000032	75000	-0.005762	-69.717267
984	0.000028	75000	-0.005256	-69.722523
985	0.000023	75000	-0.004748	-69.727271
986	0.000019	75000	-0.004276	-69.731547
987	0.000016	75000	-0.003814	-69.735360
988	0.000013	75000	-0.003355	-69.738715
989	0.000010	75000	-0.002933	-69.741648
990	0.000008	75000	-0.002524	-69.744172
991	0.000006	75000	-0.002132	-69.746305
992	0.000004	75000	-0.001769	-69.748073
993	0.000003	75000	-0.001427	-69.749500
994	0.000002	75000	-0.001111	-69.750611
995	0.000001	75000	-0.000821	-69.751432
996	0.000000	75000	-0.000565	-69.751997
997	0.000000	75000	-0.000341	-69.752338
998	0.000000	75000	-0.000161	-69.752498
999	0.000000	75000	-0.000034	-69.752533
Log marginal likelihood:	-69.752533
