Steppingstone sampler:
        No Stones:                  1000
        Start It:                   10000001
        It Per Stone:               100000
        Sample Freq:                1
        Dist:                       Beta(0.400000,1.000000)
Stone No	Power	N	Stone MLh	Running MLh
0	0.997502	75000	0.510143	0.510143
1	0.995007	75000	0.509407	1.019551
2	0.992517	75000	0.508613	1.528164
3	0.990030	75000	0.507921	2.036085
4	0.987547	75000	0.507077	2.543162
5	0.985067	75000	0.506354	3.049516
6	0.982592	75000	0.505502	3.555018
7	0.980120	75000	0.504768	4.059786
8	0.977652	75000	0.503940	4.563726
9	0.975187	75000	0.503189	5.066915
10	0.972726	75000	0.502434	5.569349
11	0.970269	75000	0.501635	6.070984
12	0.967816	75000	0.500910	6.571894
13	0.965367	75000	0.500245	7.072139
14	0.962921	75000	0.499389	7.571528
15	0.960479	75000	0.498611	8.070138
16	0.958040	75000	0.497868	8.568006
17	0.955606	75000	0.497113	9.065119
18	0.953175	75000	0.496350	9.561469
19	0.950747	75000	0.495566	10.057035
20	0.948324	75000	0.494786	10.551821
21	0.945904	75000	0.494025	11.045847
22	0.943488	75000	0.493270	11.539117
23	0.941076	75000	0.492524	12.031641
24	0.938667	75000	0.491835	12.523476
25	0.936262	75000	0.491031	13.014507
26	0.933861	75000	0.490252	13.504759
27	0.931463	75000	0.489447	13.994206
28	0.929069	75000	0.488724	14.482930
29	0.926679	75000	0.487902	14.970832
30	0.924293	75000	0.487210	15.458042
31	0.921910	75000	0.486444	15.944486
32	0.919531	75000	0.485637	16.430123
33	0.917155	75000	0.484975	16.915098
34	0.914783	75000	0.484155	17.399253
35	0.912415	75000	0.483390	17.882643
36	0.910051	75000	0.482621	18.365264
37	0.907690	75000	0.481820	18.847085
38	0.905333	75000	0.481063	19.328147
39	0.902980	75000	0.480337	19.808485
40	0.900630	75000	0.479612	20.288096
41	0.898284	75000	0.478832	20.766929
42	0.895942	75000	0.478012	21.244941
43	0.893603	75000	0.477369	21.722310
44	0.891268	75000	0.476497	22.198807
45	0.888937	75000	0.475801	22.674608
46	0.886609	75000	0.475111	23.149718
47	0.884285	75000	0.474324	23.624043
48	0.881965	75000	0.473589	24.097632
49	0.879648	75000	0.472782	24.570414
50	0.877335	75000	0.472061	25.042475
51	0.875026	75000	0.471293	25.513768
52	0.872720	75000	0.470562	25.984329
53	0.870418	75000	0.469796	26.454126
54	0.868120	75000	0.469090	26.923216
55	0.865825	75000	0.468263	27.391479
56	0.863534	75000	0.467515	27.858995
57	0.861246	75000	0.466736	28.325731
58	0.858962	75000	0.465977	28.791708
59	0.856682	75000	0.465319	29.257027
60	0.854405	75000	0.464513	29.721540
61	0.852132	75000	0.463798	30.185339
62	0.849863	75000	0.462960	30.648299
63	0.847597	75000	0.462315	31.110614
64	0.845335	75000	0.461534	31.572148
65	0.843077	75000	0.460825	32.032973
66	0.840822	75000	0.460078	32.493050
67	0.838571	75000	0.459324	32.952375
68	0.836323	75000	0.458569	33.410943
69	0.834079	75000	0.457830	33.868774
70	0.831839	75000	0.457053	34.325827
71	0.829602	75000	0.456386	34.782213
72	0.827369	75000	0.455604	35.237817
73	0.825140	75000	0.454821	35.692637
74	0.822914	75000	0.454059	36.146697
75	0.820691	75000	0.453394	36.600090
76	0.818473	75000	0.452603	37.052694
77	0.816258	75000	0.451785	37.504478
78	0.814046	75000	0.451116	37.955595
79	0.811838	75000	0.450421	38.406016
80	0.809634	75000	0.449601	38.855617
81	0.807433	75000	0.448905	39.304521
82	0.805236	75000	0.448149	39.752671
83	0.803043	75000	0.447374	40.200045
84	0.800853	75000	0.446711	40.646755
85	0.798667	75000	0.445931	41.092686
86	0.796484	75000	0.445205	41.537891
87	0.794305	75000	0.444488	41.982379
88	0.792129	75000	0.443739	42.426118
89	0.789957	75000	0.442970	42.869088
90	0.787789	75000	0.442198	43.311286
91	0.785624	75000	0.441522	43.752808
92	0.783463	75000	0.440784	44.193592
93	0.781305	75000	0.440005	44.633597
94	0.779151	75000	0.439298	45.072895
95	0.777000	75000	0.438557	45.511452
96	0.774853	75000	0.437770	45.949221
97	0.772710	75000	0.437127	46.386348
98	0.770570	75000	0.436400	46.822748
99	0.768433	75000	0.435603	47.258351
100	0.766301	75000	0.434851	47.693202
101	0.764172	75000	0.434169	48.127371
102	0.762046	75000	0.433485	48.560856
103	0.759924	75000	0.432650	48.993506
104	0.757805	75000	0.431925	49.425431
105	0.755690	75000	0.431212	49.856643
106	0.753579	75000	0.430488	50.287131
107	0.751471	75000	0.429788	50.716919
108	0.749366	75000	0.428986	51.145905
109	0.747266	75000	0.428380	51.574285
110	0.745168	75000	0.427616	52.001901
111	0.743075	75000	0.426855	52.428756
112	0.740984	75000	0.426125	52.854881
113	0.738898	75000	0.425438	53.280318
114	0.736815	75000	0.424625	53.704944
115	0.734735	75000	0.423935	54.128879
116	0.732659	75000	0.423262	54.552141
117	0.730586	75000	0.422528	54.974669
118	0.728517	75000	0.421773	55.396442
119	0.726452	75000	0.421050	55.817492
120	0.724390	75000	0.420332	56.237824
121	0.722331	75000	0.419564	56.657388
122	0.720276	75000	0.418859	57.076247
123	0.718225	75000	0.418105	57.494352
124	0.716177	75000	0.417435	57.911787
125	0.714132	75000	0.416739	58.328526
126	0.712091	75000	0.415949	58.744476
127	0.710054	75000	0.415187	59.159662
128	0.708020	75000	0.414491	59.574154
129	0.705989	75000	0.413829	59.987983
130	0.703962	75000	0.413056	60.401039
131	0.701939	75000	0.412350	60.813389
132	0.699919	75000	0.411667	61.225056
133	0.697902	75000	0.410975	61.636031
134	0.695889	75000	0.410181	62.046212
135	0.693880	75000	0.409534	62.455746
136	0.691874	75000	0.408773	62.864519
137	0.689871	75000	0.408069	63.272588
138	0.687872	75000	0.407340	63.679927
139	0.685877	75000	0.406567	64.086494
140	0.683885	75000	0.405905	64.492400
141	0.681896	75000	0.405110	64.897510
142	0.679911	75000	0.404473	65.301983
143	0.677929	75000	0.403722	65.705705
144	0.675951	75000	0.403007	66.108711
145	0.673976	75000	0.402314	66.511026
146	0.672005	75000	0.401616	66.912641
147	0.670037	75000	0.400904	67.313546
148	0.668073	75000	0.400241	67.713786
149	0.666112	75000	0.399445	68.113231
150	0.664155	75000	0.398800	68.512031
151	0.662201	75000	0.397988	68.910019
152	0.660250	75000	0.397244	69.307262
153	0.658303	75000	0.396590	69.703853
154	0.656359	75000	0.395887	70.099740
155	0.654419	75000	0.395174	70.494914
156	0.652483	75000	0.394511	70.889424
157	0.650549	75000	0.393759	71.283183
158	0.648619	75000	0.392963	71.676146
159	0.646693	75000	0.392355	72.068502
160	0.644770	75000	0.391668	72.460170
161	0.642851	75000	0.390935	72.851106
162	0.640934	75000	0.390163	73.241268
163	0.639022	75000	0.389495	73.630763
164	0.637113	75000	0.388779	74.019543
165	0.635207	75000	0.388141	74.407684
166	0.633304	75000	0.387445	74.795129
167	0.631405	75000	0.386698	75.181827
168	0.629510	75000	0.385977	75.567804
169	0.627618	75000	0.385296	75.953100
170	0.625729	75000	0.384588	76.337688
171	0.623844	75000	0.383902	76.721590
172	0.621962	75000	0.383178	77.104768
173	0.620083	75000	0.382516	77.487285
174	0.618208	75000	0.381758	77.869042
175	0.616337	75000	0.381156	78.250198
176	0.614468	75000	0.380298	78.630497
177	0.612604	75000	0.379684	79.010181
178	0.610742	75000	0.378949	79.389130
179	0.608884	75000	0.378193	79.767323
180	0.607029	75000	0.377584	80.144907
181	0.605178	75000	0.376876	80.521783
182	0.603330	75000	0.376060	80.897843
183	0.601486	75000	0.375422	81.273265
184	0.599645	75000	0.374757	81.648022
185	0.597807	75000	0.373973	82.021995
186	0.595973	75000	0.373345	82.395340
187	0.594142	75000	0.372601	82.767940
188	0.592314	75000	0.371902	83.139842
189	0.590490	75000	0.371285	83.511127
190	0.588669	75000	0.370579	83.881706
191	0.586852	75000	0.369833	84.251540
192	0.585038	75000	0.369091	84.620631
193	0.583227	75000	0.368443	84.989073
194	0.581420	75000	0.367709	85.356782
195	0.579616	75000	0.367022	85.723804
196	0.577815	75000	0.366387	86.090191
197	0.576018	75000	0.365669	86.455860
198	0.574224	75000	0.365029	86.820889
199	0.572433	75000	0.364254	87.185143
200	0.570646	75000	0.363590	87.548732
201	0.568862	75000	0.362995	87.911727
202	0.567082	75000	0.362215	88.273942
203	0.565305	75000	0.361548	88.635490
204	0.563531	75000	0.360794	88.996284
205	0.561761	75000	0.360148	89.356432
206	0.559993	75000	0.359461	89.715893
207	0.558230	75000	0.358783	90.074676
208	0.556469	75000	0.358150	90.432826
209	0.554712	75000	0.357373	90.790199
210	0.552958	75000	0.356729	91.146927
211	0.551208	75000	0.356078	91.503005
212	0.549461	75000	0.355364	91.858369
213	0.547717	75000	0.354681	92.213050
214	0.545977	75000	0.353971	92.567022
215	0.544240	75000	0.353367	92.920389
216	0.542506	75000	0.352564	93.272953
217	0.540775	75000	0.351928	93.624881
218	0.539048	75000	0.351133	93.976013
219	0.537324	75000	0.350563	94.326576
220	0.535604	75000	0.349891	94.676467
221	0.533887	75000	0.349248	95.025715
222	0.532173	75000	0.348477	95.374192
223	0.530462	75000	0.347808	95.721999
224	0.528755	75000	0.347097	96.069096
225	0.527051	75000	0.346424	96.415520
226	0.525350	75000	0.345743	96.761263
227	0.523653	75000	0.345058	97.106320
228	0.521958	75000	0.344371	97.450691
229	0.520268	75000	0.343776	97.794467
230	0.518580	75000	0.343018	98.137486
231	0.516896	75000	0.342335	98.479821
232	0.515215	75000	0.341591	98.821412
233	0.513537	75000	0.340964	99.162376
234	0.511863	75000	0.340340	99.502716
235	0.510192	75000	0.339642	99.842358
236	0.508524	75000	0.338986	100.181344
237	0.506859	75000	0.338339	100.519683
238	0.505198	75000	0.337533	100.857216
239	0.503540	75000	0.336910	101.194126
240	0.501885	75000	0.336277	101.530403
241	0.500234	75000	0.335577	101.865980
242	0.498586	75000	0.334972	102.200951
243	0.496941	75000	0.334254	102.535206
244	0.495299	75000	0.333563	102.868769
245	0.493660	75000	0.332877	103.201646
246	0.492025	75000	0.332198	103.533844
247	0.490393	75000	0.331635	103.865479
248	0.488765	75000	0.330929	104.196408
249	0.487139	75000	0.330138	104.526546
250	0.485517	75000	0.329487	104.856032
251	0.483898	75000	0.328824	105.184856
252	0.482283	75000	0.328258	105.513114
253	0.480670	75000	0.327497	105.840611
254	0.479061	75000	0.326840	106.167451
255	0.477455	75000	0.326186	106.493637
256	0.475852	75000	0.325527	106.819164
257	0.474253	75000	0.324814	107.143977
258	0.472656	75000	0.324185	107.468163
259	0.471063	75000	0.323507	107.791669
260	0.469474	75000	0.322801	108.114470
261	0.467887	75000	0.322173	108.436643
262	0.466304	75000	0.321410	108.758053
263	0.464723	75000	0.320821	109.078874
264	0.463146	75000	0.320141	109.399015
265	0.461573	75000	0.319467	109.718482
266	0.460002	75000	0.318811	110.037293
267	0.458435	75000	0.318210	110.355504
268	0.456871	75000	0.317492	110.672996
269	0.455310	75000	0.316901	110.989897
270	0.453752	75000	0.316301	111.306198
271	0.452198	75000	0.315577	111.621775
272	0.450647	75000	0.314866	111.936640
273	0.449098	75000	0.314180	112.250820
274	0.447554	75000	0.313617	112.564438
275	0.446012	75000	0.312848	112.877286
276	0.444473	75000	0.312183	113.189468
277	0.442938	75000	0.311562	113.501030
278	0.441406	75000	0.310907	113.811937
279	0.439877	75000	0.310301	114.122238
280	0.438351	75000	0.309646	114.431884
281	0.436829	75000	0.309041	114.740925
282	0.435309	75000	0.308211	115.049136
283	0.433793	75000	0.307626	115.356763
284	0.432280	75000	0.306883	115.663646
285	0.430770	75000	0.306273	115.969919
286	0.429263	75000	0.305656	116.275575
287	0.427760	75000	0.305046	116.580621
288	0.426259	75000	0.304361	116.884982
289	0.424762	75000	0.303605	117.188587
290	0.423268	75000	0.303035	117.491622
291	0.421777	75000	0.302297	117.793919
292	0.420289	75000	0.301754	118.095673
293	0.418805	75000	0.301120	118.396794
294	0.417323	75000	0.300455	118.697248
295	0.415845	75000	0.299725	118.996974
296	0.414370	75000	0.299065	119.296039
297	0.412898	75000	0.298450	119.594488
298	0.411429	75000	0.297868	119.892356
299	0.409963	75000	0.297112	120.189468
300	0.408501	75000	0.296491	120.485959
301	0.407041	75000	0.295810	120.781769
302	0.405585	75000	0.295248	121.077017
303	0.404132	75000	0.294524	121.371541
304	0.402682	75000	0.293866	121.665407
305	0.401235	75000	0.293312	121.958719
306	0.399791	75000	0.292665	122.251384
307	0.398350	75000	0.292009	122.543393
308	0.396913	75000	0.291377	122.834769
309	0.395478	75000	0.290671	123.125440
310	0.394047	75000	0.290149	123.415589
311	0.392619	75000	0.289360	123.704949
312	0.391194	75000	0.288694	123.993643
313	0.389772	75000	0.288138	124.281781
314	0.388353	75000	0.287419	124.569200
315	0.386937	75000	0.286811	124.856011
316	0.385524	75000	0.286093	125.142104
317	0.384115	75000	0.285570	125.427673
318	0.382708	75000	0.284897	125.712570
319	0.381305	75000	0.284341	125.996911
320	0.379904	75000	0.283673	126.280584
321	0.378507	75000	0.282908	126.563493
322	0.377113	75000	0.282294	126.845787
323	0.375722	75000	0.281650	127.127436
324	0.374334	75000	0.281033	127.408469
325	0.372949	75000	0.280365	127.688834
326	0.371567	75000	0.279890	127.968724
327	0.370189	75000	0.279232	128.247956
328	0.368813	75000	0.278512	128.526468
329	0.367440	75000	0.277887	128.804355
330	0.366071	75000	0.277179	129.081535
331	0.364705	75000	0.276508	129.358043
332	0.363341	75000	0.275897	129.633939
333	0.361981	75000	0.275437	129.909377
334	0.360624	75000	0.274692	130.184068
335	0.359269	75000	0.274030	130.458098
336	0.357918	75000	0.273387	130.731485
337	0.356570	75000	0.272947	131.004433
338	0.355225	75000	0.272215	131.276648
339	0.353883	75000	0.271490	131.548139
340	0.352544	75000	0.270892	131.819031
341	0.351208	75000	0.270170	132.089200
342	0.349875	75000	0.269629	132.358829
343	0.348546	75000	0.268965	132.627794
344	0.347219	75000	0.268343	132.896137
345	0.345895	75000	0.267701	133.163838
346	0.344574	75000	0.267241	133.431079
347	0.343257	75000	0.266551	133.697630
348	0.341942	75000	0.265848	133.963477
349	0.340630	75000	0.265191	134.228668
350	0.339322	75000	0.264581	134.493250
351	0.338016	75000	0.263974	134.757224
352	0.336714	75000	0.263425	135.020649
353	0.335414	75000	0.262741	135.283390
354	0.334118	75000	0.262102	135.545492
355	0.332824	75000	0.261519	135.807011
356	0.331534	75000	0.260916	136.067927
357	0.330246	75000	0.260351	136.328277
358	0.328962	75000	0.259653	136.587931
359	0.327680	75000	0.258995	136.846925
360	0.326401	75000	0.258411	137.105337
361	0.325126	75000	0.257726	137.363063
362	0.323853	75000	0.257141	137.620204
363	0.322584	75000	0.256577	137.876781
364	0.321317	75000	0.255916	138.132697
365	0.320054	75000	0.255315	138.388012
366	0.318793	75000	0.254676	138.642688
367	0.317536	75000	0.254162	138.896850
368	0.316281	75000	0.253421	139.150271
369	0.315030	75000	0.252753	139.403024
370	0.313781	75000	0.252244	139.655268
371	0.312535	75000	0.251673	139.906941
372	0.311293	75000	0.251007	140.157948
373	0.310053	75000	0.250310	140.408258
374	0.308816	75000	0.249672	140.657930
375	0.307582	75000	0.249186	140.907116
376	0.306352	75000	0.248404	141.155520
377	0.305124	75000	0.247961	141.403481
378	0.303899	75000	0.247268	141.650748
379	0.302677	75000	0.246713	141.897462
380	0.301458	75000	0.246096	142.143557
381	0.300242	75000	0.245416	142.388974
382	0.299029	75000	0.244769	142.633743
383	0.297819	75000	0.244149	142.877892
384	0.296611	75000	0.243624	143.121517
385	0.295407	75000	0.242963	143.364479
386	0.294206	75000	0.242382	143.606862
387	0.293007	75000	0.241702	143.848563
388	0.291812	75000	0.241138	144.089701
389	0.290619	75000	0.240575	144.330276
390	0.289430	75000	0.239976	144.570252
391	0.288243	75000	0.239218	144.809470
392	0.287059	75000	0.238726	145.048196
393	0.285879	75000	0.238016	145.286212
394	0.284701	75000	0.237452	145.523664
395	0.283526	75000	0.236921	145.760585
396	0.282354	75000	0.236185	145.996771
397	0.281184	75000	0.235667	146.232437
398	0.280018	75000	0.235062	146.467500
399	0.278855	75000	0.234412	146.701911
400	0.277694	75000	0.233804	146.935716
401	0.276537	75000	0.233227	147.168943
402	0.275382	75000	0.232713	147.401656
403	0.274230	75000	0.232037	147.633694
404	0.273082	75000	0.231373	147.865066
405	0.271936	75000	0.230793	148.095860
406	0.270793	75000	0.230315	148.326175
407	0.269652	75000	0.229709	148.555884
408	0.268515	75000	0.229064	148.784948
409	0.267381	75000	0.228426	149.013373
410	0.266249	75000	0.227849	149.241223
411	0.265121	75000	0.227165	149.468388
412	0.263995	75000	0.226638	149.695026
413	0.262872	75000	0.225978	149.921003
414	0.261752	75000	0.225387	150.146390
415	0.260635	75000	0.225028	150.371419
416	0.259520	75000	0.224329	150.595747
417	0.258409	75000	0.223653	150.819400
418	0.257300	75000	0.223179	151.042579
419	0.256195	75000	0.222555	151.265133
420	0.255092	75000	0.221920	151.487054
421	0.253992	75000	0.221176	151.708229
422	0.252895	75000	0.220685	151.928914
423	0.251800	75000	0.220074	152.148989
424	0.250709	75000	0.219615	152.368603
425	0.249620	75000	0.218963	152.587566
426	0.248534	75000	0.218282	152.805849
427	0.247451	75000	0.217743	153.023592
428	0.246371	75000	0.217156	153.240748
429	0.245294	75000	0.216530	153.457277
430	0.244220	75000	0.215972	153.673249
431	0.243148	75000	0.215427	153.888676
432	0.242079	75000	0.214840	154.103515
433	0.241013	75000	0.214284	154.317800
434	0.239950	75000	0.213598	154.531398
435	0.238890	75000	0.213022	154.744420
436	0.237832	75000	0.212479	154.956899
437	0.236778	75000	0.211765	155.168664
438	0.235726	75000	0.211324	155.379988
439	0.234677	75000	0.210690	155.590678
440	0.233630	75000	0.210064	155.800743
441	0.232587	75000	0.209548	156.010291
442	0.231546	75000	0.208787	156.219077
443	0.230509	75000	0.208359	156.427436
444	0.229473	75000	0.207773	156.635209
445	0.228441	75000	0.207154	156.842363
446	0.227412	75000	0.206493	157.048856
447	0.226385	75000	0.205952	157.254808
448	0.225361	75000	0.205499	157.460306
449	0.224340	75000	0.204827	157.665133
450	0.223322	75000	0.204298	157.869431
451	0.222306	75000	0.203748	158.073179
452	0.221293	75000	0.203229	158.276408
453	0.220283	75000	0.202504	158.478912
454	0.219276	75000	0.202047	158.680959
455	0.218272	75000	0.201455	158.882414
456	0.217270	75000	0.200775	159.083189
457	0.216271	75000	0.200209	159.283398
458	0.215275	75000	0.199635	159.483033
459	0.214281	75000	0.199166	159.682199
460	0.213291	75000	0.198500	159.880699
461	0.212303	75000	0.197906	160.078605
462	0.211318	75000	0.197254	160.275859
463	0.210335	75000	0.196832	160.472691
464	0.209356	75000	0.196178	160.668869
465	0.208379	75000	0.195754	160.864623
466	0.207404	75000	0.194936	161.059559
467	0.206433	75000	0.194470	161.254029
468	0.205464	75000	0.193952	161.447982
469	0.204498	75000	0.193298	161.641280
470	0.203535	75000	0.192737	161.834016
471	0.202575	75000	0.192182	162.026198
472	0.201617	75000	0.191641	162.217840
473	0.200662	75000	0.191090	162.408930
474	0.199709	75000	0.190406	162.599336
475	0.198760	75000	0.189973	162.789309
476	0.197813	75000	0.189400	162.978709
477	0.196869	75000	0.188754	163.167463
478	0.195927	75000	0.188206	163.355669
479	0.194988	75000	0.187568	163.543238
480	0.194052	75000	0.187141	163.730379
481	0.193119	75000	0.186447	163.916826
482	0.192188	75000	0.185902	164.102728
483	0.191260	75000	0.185356	164.288084
484	0.190335	75000	0.184828	164.472913
485	0.189412	75000	0.184269	164.657181
486	0.188492	75000	0.183649	164.840831
487	0.187575	75000	0.183161	165.023992
488	0.186660	75000	0.182605	165.206597
489	0.185749	75000	0.181996	165.388592
490	0.184839	75000	0.181436	165.570028
491	0.183933	75000	0.180946	165.750974
492	0.183029	75000	0.180334	165.931309
493	0.182128	75000	0.179771	166.111080
494	0.181229	75000	0.179154	166.290234
495	0.180333	75000	0.178604	166.468838
496	0.179440	75000	0.178062	166.646900
497	0.178550	75000	0.177576	166.824477
498	0.177662	75000	0.177014	167.001491
499	0.176777	75000	0.176524	167.178015
500	0.175894	75000	0.175820	167.353835
501	0.175014	75000	0.175212	167.529047
502	0.174137	75000	0.174886	167.703933
503	0.173262	75000	0.174225	167.878158
504	0.172390	75000	0.173635	168.051793
505	0.171521	75000	0.173084	168.224877
506	0.170654	75000	0.172483	168.397360
507	0.169790	75000	0.172022	168.569383
508	0.168929	75000	0.171435	168.740817
509	0.168070	75000	0.170805	168.911622
510	0.167214	75000	0.170295	169.081917
511	0.166360	75000	0.169801	169.251718
512	0.165509	75000	0.169252	169.420970
513	0.164661	75000	0.168603	169.589573
514	0.163815	75000	0.168136	169.757708
515	0.162972	75000	0.167560	169.925268
516	0.162132	75000	0.167218	170.092486
517	0.161294	75000	0.166531	170.259017
518	0.160458	75000	0.165990	170.425007
519	0.159626	75000	0.165276	170.590283
520	0.158796	75000	0.164688	170.754972
521	0.157968	75000	0.164292	170.919264
522	0.157143	75000	0.163676	171.082940
523	0.156321	75000	0.163186	171.246125
524	0.155501	75000	0.162710	171.408836
525	0.154684	75000	0.162235	171.571070
526	0.153870	75000	0.161646	171.732717
527	0.153058	75000	0.160956	171.893673
528	0.152248	75000	0.160553	172.054226
529	0.151441	75000	0.159918	172.214144
530	0.150637	75000	0.159568	172.373711
531	0.149835	75000	0.158948	172.532659
532	0.149036	75000	0.158328	172.690988
533	0.148240	75000	0.157785	172.848773
534	0.147446	75000	0.157313	173.006087
535	0.146654	75000	0.156699	173.162785
536	0.145865	75000	0.156254	173.319039
537	0.145079	75000	0.155630	173.474670
538	0.144295	75000	0.155073	173.629743
539	0.143514	75000	0.154640	173.784382
540	0.142735	75000	0.154054	173.938437
541	0.141959	75000	0.153523	174.091960
542	0.141186	75000	0.153079	174.245039
543	0.140415	75000	0.152406	174.397446
544	0.139646	75000	0.151806	174.549252
545	0.138880	75000	0.151327	174.700579
546	0.138116	75000	0.150964	174.851543
547	0.137356	75000	0.150307	175.001851
548	0.136597	75000	0.149730	175.151581
549	0.135841	75000	0.149080	175.300662
550	0.135088	75000	0.148764	175.449426
551	0.134337	75000	0.148191	175.597617
552	0.133588	75000	0.147667	175.745283
553	0.132843	75000	0.146991	175.892274
554	0.132099	75000	0.146509	176.038783
555	0.131358	75000	0.146033	176.184816
556	0.130620	75000	0.145511	176.330327
557	0.129884	75000	0.145015	176.475342
558	0.129151	75000	0.144431	176.619773
559	0.128420	75000	0.143974	176.763748
560	0.127691	75000	0.143260	176.907008
561	0.126965	75000	0.142832	177.049840
562	0.126242	75000	0.142277	177.192117
563	0.125521	75000	0.141864	177.333981
564	0.124802	75000	0.141246	177.475227
565	0.124086	75000	0.140756	177.615982
566	0.123373	75000	0.140420	177.756402
567	0.122662	75000	0.139579	177.895981
568	0.121953	75000	0.139203	178.035184
569	0.121247	75000	0.138740	178.173924
570	0.120543	75000	0.138036	178.311960
571	0.119842	75000	0.137646	178.449605
572	0.119143	75000	0.137159	178.586764
573	0.118447	75000	0.136554	178.723319
574	0.117753	75000	0.135977	178.859296
575	0.117062	75000	0.135555	178.994850
576	0.116373	75000	0.135061	179.129911
577	0.115686	75000	0.134634	179.264546
578	0.115002	75000	0.133876	179.398422
579	0.114320	75000	0.133394	179.531816
580	0.113641	75000	0.132957	179.664773
581	0.112964	75000	0.132558	179.797331
582	0.112290	75000	0.132177	179.929508
583	0.111618	75000	0.131584	180.061092
584	0.110948	75000	0.130889	180.191981
585	0.110281	75000	0.130349	180.322330
586	0.109616	75000	0.130012	180.452341
587	0.108954	75000	0.129371	180.581712
588	0.108294	75000	0.128853	180.710565
589	0.107637	75000	0.128202	180.838767
590	0.106981	75000	0.127743	180.966510
591	0.106329	75000	0.127361	181.093871
592	0.105678	75000	0.126681	181.220552
593	0.105030	75000	0.126327	181.346879
594	0.104385	75000	0.125805	181.472684
595	0.103742	75000	0.125196	181.597880
596	0.103101	75000	0.124794	181.722674
597	0.102463	75000	0.124381	181.847055
598	0.101827	75000	0.123821	181.970876
599	0.101193	75000	0.123107	182.093984
600	0.100562	75000	0.122569	182.216553
601	0.099933	75000	0.122273	182.338825
602	0.099306	75000	0.121853	182.460679
603	0.098682	75000	0.121217	182.581896
604	0.098060	75000	0.120708	182.702603
605	0.097441	75000	0.120170	182.822773
606	0.096824	75000	0.119833	182.942606
607	0.096209	75000	0.119160	183.061766
608	0.095596	75000	0.118825	183.180592
609	0.094986	75000	0.118240	183.298832
610	0.094379	75000	0.117712	183.416544
611	0.093773	75000	0.117001	183.533546
612	0.093170	75000	0.116684	183.650230
613	0.092570	75000	0.116236	183.766466
614	0.091971	75000	0.115522	183.881989
615	0.091375	75000	0.115289	183.997278
616	0.090781	75000	0.114662	184.111940
617	0.090190	75000	0.114174	184.226114
618	0.089601	75000	0.113764	184.339878
619	0.089014	75000	0.113183	184.453061
620	0.088430	75000	0.112745	184.565806
621	0.087848	75000	0.112281	184.678087
622	0.087268	75000	0.111704	184.789791
623	0.086690	75000	0.111291	184.901082
624	0.086115	75000	0.110725	185.011807
625	0.085542	75000	0.110503	185.122311
626	0.084971	75000	0.109740	185.232051
627	0.084403	75000	0.109218	185.341269
628	0.083837	75000	0.108501	185.449770
629	0.083273	75000	0.108153	185.557923
630	0.082712	75000	0.107843	185.665766
631	0.082152	75000	0.107250	185.773015
632	0.081595	75000	0.106687	185.879703
633	0.081041	75000	0.106369	185.986072
634	0.080488	75000	0.105880	186.091952
635	0.079938	75000	0.105335	186.197287
636	0.079390	75000	0.104808	186.302095
637	0.078845	75000	0.104336	186.406432
638	0.078301	75000	0.103983	186.510415
639	0.077760	75000	0.103351	186.613766
640	0.077221	75000	0.102829	186.716595
641	0.076684	75000	0.102445	186.819040
642	0.076150	75000	0.101746	186.920786
643	0.075618	75000	0.101314	187.022101
644	0.075088	75000	0.100980	187.123081
645	0.074560	75000	0.100097	187.223178
646	0.074035	75000	0.099699	187.322876
647	0.073512	75000	0.099235	187.422111
648	0.072991	75000	0.099017	187.521128
649	0.072472	75000	0.098301	187.619429
650	0.071955	75000	0.097878	187.717307
651	0.071441	75000	0.097470	187.814777
652	0.070929	75000	0.096892	187.911669
653	0.070419	75000	0.096416	188.008085
654	0.069911	75000	0.095858	188.103944
655	0.069406	75000	0.095726	188.199669
656	0.068903	75000	0.094836	188.294506
657	0.068401	75000	0.094510	188.389016
658	0.067903	75000	0.094007	188.483022
659	0.067406	75000	0.093720	188.576742
660	0.066911	75000	0.092837	188.669579
661	0.066419	75000	0.092704	188.762284
662	0.065929	75000	0.092050	188.854334
663	0.065441	75000	0.091815	188.946149
664	0.064955	75000	0.091129	189.037278
665	0.064471	75000	0.090831	189.128109
666	0.063990	75000	0.090240	189.218349
667	0.063510	75000	0.089778	189.308127
668	0.063033	75000	0.089323	189.397450
669	0.062558	75000	0.089006	189.486456
670	0.062085	75000	0.088253	189.574710
671	0.061615	75000	0.087455	189.662164
672	0.061146	75000	0.087325	189.749490
673	0.060680	75000	0.086979	189.836469
674	0.060216	75000	0.086423	189.922892
675	0.059753	75000	0.085999	190.008890
676	0.059293	75000	0.085631	190.094522
677	0.058836	75000	0.084764	190.179286
678	0.058380	75000	0.084457	190.263743
679	0.057926	75000	0.083924	190.347666
680	0.057475	75000	0.083598	190.431264
681	0.057025	75000	0.083109	190.514373
682	0.056578	75000	0.082589	190.596962
683	0.056133	75000	0.082357	190.679319
684	0.055690	75000	0.081578	190.760896
685	0.055249	75000	0.081062	190.841959
686	0.054810	75000	0.080911	190.922870
687	0.054373	75000	0.080176	191.003046
688	0.053939	75000	0.079777	191.082824
689	0.053506	75000	0.079127	191.161951
690	0.053076	75000	0.078840	191.240790
691	0.052647	75000	0.078221	191.319011
692	0.052221	75000	0.077665	191.396676
693	0.051797	75000	0.077214	191.473890
694	0.051375	75000	0.076797	191.550687
695	0.050955	75000	0.076328	191.627015
696	0.050537	75000	0.075850	191.702865
697	0.050121	75000	0.075418	191.778283
698	0.049707	75000	0.075183	191.853466
699	0.049295	75000	0.074679	191.928145
700	0.048885	75000	0.074008	192.002153
701	0.048478	75000	0.073576	192.075729
702	0.048072	75000	0.073168	192.148897
703	0.047668	75000	0.072512	192.221409
704	0.047267	75000	0.072304	192.293712
705	0.046867	75000	0.071736	192.365448
706	0.046470	75000	0.071091	192.436539
707	0.046074	75000	0.070730	192.507270
708	0.045681	75000	0.070331	192.577601
709	0.045289	75000	0.069907	192.647508
710	0.044900	75000	0.069166	192.716674
711	0.044512	75000	0.068943	192.785617
712	0.044127	75000	0.068499	192.854117
713	0.043744	75000	0.067835	192.921951
714	0.043362	75000	0.067480	192.989431
715	0.042983	75000	0.067257	193.056688
716	0.042606	75000	0.066408	193.123096
717	0.042230	75000	0.066213	193.189309
718	0.041857	75000	0.065859	193.255168
719	0.041485	75000	0.065075	193.320243
720	0.041116	75000	0.064493	193.384736
721	0.040749	75000	0.064132	193.448868
722	0.040383	75000	0.063381	193.512249
723	0.040020	75000	0.063148	193.575398
724	0.039658	75000	0.062938	193.638336
725	0.039299	75000	0.062227	193.700562
726	0.038941	75000	0.062275	193.762837
727	0.038585	75000	0.061522	193.824359
728	0.038232	75000	0.061129	193.885488
729	0.037880	75000	0.060571	193.946058
730	0.037530	75000	0.059997	194.006056
731	0.037182	75000	0.059386	194.065442
732	0.036836	75000	0.058860	194.124302
733	0.036493	75000	0.058190	194.182492
734	0.036151	75000	0.058123	194.240616
735	0.035810	75000	0.057663	194.298278
736	0.035472	75000	0.057278	194.355556
737	0.035136	75000	0.056887	194.412443
738	0.034802	75000	0.056272	194.468715
739	0.034469	75000	0.055859	194.524574
740	0.034139	75000	0.055016	194.579590
741	0.033810	75000	0.054624	194.634214
742	0.033484	75000	0.054145	194.688359
743	0.033159	75000	0.053505	194.741864
744	0.032836	75000	0.053166	194.795030
745	0.032515	75000	0.052494	194.847523
746	0.032196	75000	0.052465	194.899988
747	0.031879	75000	0.052088	194.952077
748	0.031563	75000	0.051395	195.003471
749	0.031250	75000	0.051402	195.054874
750	0.030938	75000	0.050603	195.105477
751	0.030629	75000	0.049618	195.155095
752	0.030321	75000	0.049229	195.204324
753	0.030015	75000	0.048928	195.253252
754	0.029711	75000	0.048546	195.301798
755	0.029409	75000	0.047642	195.349440
756	0.029108	75000	0.047707	195.397148
757	0.028810	75000	0.046943	195.444090
758	0.028513	75000	0.046518	195.490609
759	0.028218	75000	0.046057	195.536665
760	0.027925	75000	0.045293	195.581958
761	0.027634	75000	0.044478	195.626436
762	0.027345	75000	0.044427	195.670863
763	0.027057	75000	0.043994	195.714857
764	0.026771	75000	0.043115	195.757972
765	0.026487	75000	0.043224	195.801196
766	0.026205	75000	0.042146	195.843342
767	0.025925	75000	0.041638	195.884980
768	0.025647	75000	0.040990	195.925970
769	0.025370	75000	0.040646	195.966616
770	0.025095	75000	0.040491	196.007107
771	0.024822	75000	0.039965	196.047071
772	0.024551	75000	0.039159	196.086230
773	0.024281	75000	0.038345	196.124575
774	0.024014	75000	0.038525	196.163100
775	0.023748	75000	0.037622	196.200722
776	0.023483	75000	0.037567	196.238289
777	0.023221	75000	0.036465	196.274755
778	0.022960	75000	0.035810	196.310565
779	0.022702	75000	0.035616	196.346181
780	0.022445	75000	0.034633	196.380814
781	0.022189	75000	0.034188	196.415002
782	0.021936	75000	0.033376	196.448379
783	0.021684	75000	0.032698	196.481076
784	0.021434	75000	0.032818	196.513895
785	0.021185	75000	0.032246	196.546141
786	0.020939	75000	0.031550	196.577690
787	0.020694	75000	0.030593	196.608283
788	0.020451	75000	0.030026	196.638309
789	0.020209	75000	0.029965	196.668274
790	0.019969	75000	0.028652	196.696926
791	0.019731	75000	0.028606	196.725532
792	0.019495	75000	0.027408	196.752940
793	0.019261	75000	0.026413	196.779353
794	0.019028	75000	0.024038	196.803391
795	0.018796	75000	0.025060	196.828451
796	0.018567	75000	0.025411	196.853862
797	0.018339	75000	0.024585	196.878447
798	0.018113	75000	0.023801	196.902248
799	0.017889	75000	0.023723	196.925971
800	0.017666	75000	0.022602	196.948573
801	0.017445	75000	0.021338	196.969911
802	0.017225	75000	0.021574	196.991485
803	0.017007	75000	0.020437	197.011923
804	0.016791	75000	0.019589	197.031512
805	0.016577	75000	0.018747	197.050259
806	0.016364	75000	0.017973	197.068232
807	0.016153	75000	0.017117	197.085349
808	0.015943	75000	0.017205	197.102554
809	0.015736	75000	0.015300	197.117855
810	0.015529	75000	0.015364	197.133219
811	0.015325	75000	0.013937	197.147156
812	0.015122	75000	0.012050	197.159205
813	0.014920	75000	0.012337	197.171542
814	0.014721	75000	0.011367	197.182909
815	0.014523	75000	0.008727	197.191636
816	0.014326	75000	0.009337	197.200973
817	0.014131	75000	0.008082	197.209055
818	0.013938	75000	0.007305	197.216359
819	0.013746	75000	0.005250	197.221609
820	0.013556	75000	0.003992	197.225602
821	0.013367	75000	0.003693	197.229295
822	0.013181	75000	0.003908	197.233203
823	0.012995	75000	0.000847	197.234050
824	0.012811	75000	0.000289	197.234339
825	0.012629	75000	-0.001955	197.232383
826	0.012448	75000	-0.006239	197.226144
827	0.012269	75000	-0.004135	197.222009
828	0.012092	75000	-0.004940	197.217069
829	0.011916	75000	-0.010898	197.206171
830	0.011741	75000	-0.014725	197.191445
831	0.011568	75000	-0.012300	197.179146
832	0.011397	75000	-0.016755	197.162390
833	0.011227	75000	-0.013093	197.149297
834	0.011059	75000	-0.019558	197.129739
835	0.010892	75000	-0.020188	197.109551
836	0.010727	75000	-0.023789	197.085762
837	0.010563	75000	-0.020662	197.065100
838	0.010401	75000	-0.020868	197.044233
839	0.010240	75000	-0.030666	197.013566
840	0.010081	75000	-0.030850	196.982716
841	0.009923	75000	-0.030425	196.952291
842	0.009767	75000	-0.039857	196.912433
843	0.009612	75000	-0.035178	196.877255
844	0.009459	75000	-0.037275	196.839980
845	0.009307	75000	-0.041417	196.798563
846	0.009156	75000	-0.046417	196.752146
847	0.009008	75000	-0.044226	196.707920
848	0.008860	75000	-0.055324	196.652595
849	0.008714	75000	-0.051490	196.601105
850	0.008570	75000	-0.055060	196.546045
851	0.008427	75000	-0.054837	196.491208
852	0.008285	75000	-0.058052	196.433157
853	0.008145	75000	-0.060990	196.372167
854	0.008006	75000	-0.061044	196.311123
855	0.007869	75000	-0.062971	196.248152
856	0.007733	75000	-0.063011	196.185141
857	0.007598	75000	-0.066684	196.118457
858	0.007465	75000	-0.071184	196.047273
859	0.007334	75000	-0.069704	195.977569
860	0.007203	75000	-0.072092	195.905477
861	0.007075	75000	-0.070969	195.834508
862	0.006947	75000	-0.076075	195.758433
863	0.006821	75000	-0.075797	195.682636
864	0.006696	75000	-0.076483	195.606153
865	0.006573	75000	-0.080186	195.525967
866	0.006451	75000	-0.077254	195.448713
867	0.006330	75000	-0.079932	195.368780
868	0.006211	75000	-0.079626	195.289154
869	0.006093	75000	-0.080958	195.208197
870	0.005977	75000	-0.079891	195.128306
871	0.005862	75000	-0.083336	195.044970
872	0.005748	75000	-0.079333	194.965637
873	0.005635	75000	-0.081783	194.883854
874	0.005524	75000	-0.081189	194.802665
875	0.005414	75000	-0.081042	194.721623
876	0.005306	75000	-0.083528	194.638095
877	0.005199	75000	-0.083399	194.554696
878	0.005093	75000	-0.081662	194.473034
879	0.004988	75000	-0.081109	194.391925
880	0.004885	75000	-0.080538	194.311387
881	0.004783	75000	-0.080618	194.230768
882	0.004682	75000	-0.080917	194.149851
883	0.004583	75000	-0.079662	194.070189
884	0.004485	75000	-0.078921	193.991268
885	0.004388	75000	-0.078678	193.912590
886	0.004292	75000	-0.078963	193.833627
887	0.004198	75000	-0.078153	193.755475
888	0.004105	75000	-0.077850	193.677625
889	0.004013	75000	-0.076624	193.601001
890	0.003923	75000	-0.076130	193.524871
891	0.003833	75000	-0.076741	193.448129
892	0.003745	75000	-0.075455	193.372674
893	0.003658	75000	-0.074465	193.298209
894	0.003573	75000	-0.073118	193.225091
895	0.003488	75000	-0.072769	193.152322
896	0.003405	75000	-0.072107	193.080215
897	0.003323	75000	-0.070433	193.009783
898	0.003242	75000	-0.070708	192.939075
899	0.003162	75000	-0.069973	192.869102
900	0.003084	75000	-0.069010	192.800093
901	0.003007	75000	-0.068083	192.732009
902	0.002930	75000	-0.067419	192.664590
903	0.002855	75000	-0.066797	192.597794
904	0.002782	75000	-0.065675	192.532118
905	0.002709	75000	-0.064584	192.467535
906	0.002638	75000	-0.064066	192.403469
907	0.002567	75000	-0.063349	192.340120
908	0.002498	75000	-0.062170	192.277949
909	0.002430	75000	-0.061755	192.216194
910	0.002363	75000	-0.060911	192.155283
911	0.002297	75000	-0.059634	192.095649
912	0.002233	75000	-0.058529	192.037120
913	0.002169	75000	-0.057787	191.979333
914	0.002106	75000	-0.056839	191.922495
915	0.002045	75000	-0.055746	191.866749
916	0.001985	75000	-0.055032	191.811716
917	0.001925	75000	-0.054350	191.757366
918	0.001867	75000	-0.053370	191.703996
919	0.001810	75000	-0.052418	191.651579
920	0.001754	75000	-0.051543	191.600036
921	0.001699	75000	-0.050365	191.549671
922	0.001645	75000	-0.049765	191.499906
923	0.001592	75000	-0.048881	191.451025
924	0.001540	75000	-0.047921	191.403104
925	0.001490	75000	-0.046843	191.356261
926	0.001440	75000	-0.046127	191.310134
927	0.001391	75000	-0.045225	191.264909
928	0.001343	75000	-0.044521	191.220388
929	0.001296	75000	-0.043471	191.176917
930	0.001251	75000	-0.042577	191.134340
931	0.001206	75000	-0.041837	191.092503
932	0.001162	75000	-0.040768	191.051735
933	0.001119	75000	-0.040016	191.011719
934	0.001077	75000	-0.039206	190.972514
935	0.001036	75000	-0.038325	190.934188
936	0.000996	75000	-0.037462	190.896726
937	0.000957	75000	-0.036540	190.860187
938	0.000919	75000	-0.035887	190.824299
939	0.000882	75000	-0.035073	190.789227
940	0.000846	75000	-0.034108	190.755119
941	0.000810	75000	-0.033318	190.721801
942	0.000776	75000	-0.032341	190.689460
943	0.000742	75000	-0.031558	190.657903
944	0.000709	75000	-0.030662	190.627241
945	0.000678	75000	-0.030058	190.597183
946	0.000647	75000	-0.029187	190.567996
947	0.000617	75000	-0.028322	190.539673
948	0.000587	75000	-0.027559	190.512114
949	0.000559	75000	-0.026785	190.485329
950	0.000531	75000	-0.026091	190.459238
951	0.000505	75000	-0.025327	190.433911
952	0.000479	75000	-0.024501	190.409409
953	0.000454	75000	-0.023649	190.385760
954	0.000430	75000	-0.023007	190.362753
955	0.000406	75000	-0.022233	190.340520
956	0.000383	75000	-0.021456	190.319065
957	0.000362	75000	-0.020758	190.298307
958	0.000340	75000	-0.020069	190.278238
959	0.000320	75000	-0.019272	190.258966
960	0.000300	75000	-0.018656	190.240309
961	0.000281	75000	-0.017954	190.222355
962	0.000263	75000	-0.017252	190.205103
963	0.000246	75000	-0.016566	190.188537
964	0.000229	75000	-0.015899	190.172637
965	0.000213	75000	-0.015241	190.157396
966	0.000198	75000	-0.014576	190.142821
967	0.000183	75000	-0.013887	190.128933
968	0.000169	75000	-0.013291	190.115642
969	0.000156	75000	-0.012676	190.102966
970	0.000143	75000	-0.012047	190.090920
971	0.000131	75000	-0.011484	190.079436
972	0.000120	75000	-0.010842	190.068594
973	0.000109	75000	-0.010281	190.058313
974	0.000099	75000	-0.009682	190.048631
975	0.000089	75000	-0.009152	190.039479
976	0.000080	75000	-0.008602	190.030876
977	0.000072	75000	-0.008043	190.022833
978	0.000064	75000	-0.007499	190.015334
979	0.000057	75000	-0.006980	190.008354
980	0.000050	75000	-0.006473	190.001881
981	0.000043	75000	-0.005989	189.995892
982	0.000038	75000	-0.005514	189.990378
983	0.000032	75000	-0.005046	189.985332
984	0.000028	75000	-0.004584	189.980748
985	0.000023	75000	-0.004171	189.976577
986	0.000019	75000	-0.003738	189.972839
987	0.000016	75000	-0.003338	189.969501
988	0.000013	75000	-0.002936	189.966566
989	0.000010	75000	-0.002567	189.963999
990	0.000008	75000	-0.002206	189.961793
991	0.000006	75000	-0.001874	189.959919
992	0.000004	75000	-0.001554	189.958365
993	0.000003	75000	-0.001248	189.957117
994	0.000002	75000	-0.000975	189.956142
995	0.000001	75000	-0.000723	189.955419
996	0.000000	75000	-0.000496	189.954923
997	0.000000	75000	-0.000299	189.954624
998	0.000000	75000	-0.000140	189.954484
999	0.000000	75000	-0.000030	189.954454
Log marginal likelihood:	189.954454
