Steppingstone sampler:
        No Stones:                  1000
        Start It:                   10000001
        It Per Stone:               100000
        Sample Freq:                1
        Dist:                       Beta(0.400000,1.000000)
Stone No	Power	N	Stone MLh	Running MLh
0	0.997502	75000	-0.316090	-0.316090
1	0.995007	75000	-0.315631	-0.631720
2	0.992517	75000	-0.315174	-0.946894
3	0.990030	75000	-0.314731	-1.261625
4	0.987547	75000	-0.314222	-1.575847
5	0.985067	75000	-0.313834	-1.889681
6	0.982592	75000	-0.313292	-2.202973
7	0.980120	75000	-0.312800	-2.515773
8	0.977652	75000	-0.312349	-2.828123
9	0.975187	75000	-0.311896	-3.140018
10	0.972726	75000	-0.311463	-3.451481
11	0.970269	75000	-0.310996	-3.762476
12	0.967816	75000	-0.310497	-4.072974
13	0.965367	75000	-0.310094	-4.383068
14	0.962921	75000	-0.309538	-4.692606
15	0.960479	75000	-0.309106	-5.001712
16	0.958040	75000	-0.308634	-5.310346
17	0.955606	75000	-0.308119	-5.618465
18	0.953175	75000	-0.307757	-5.926221
19	0.950747	75000	-0.307293	-6.233514
20	0.948324	75000	-0.306758	-6.540272
21	0.945904	75000	-0.306309	-6.846581
22	0.943488	75000	-0.305864	-7.152445
23	0.941076	75000	-0.305375	-7.457820
24	0.938667	75000	-0.304932	-7.762752
25	0.936262	75000	-0.304465	-8.067216
26	0.933861	75000	-0.304031	-8.371248
27	0.931463	75000	-0.303630	-8.674878
28	0.929069	75000	-0.303103	-8.977982
29	0.926679	75000	-0.302606	-9.280588
30	0.924293	75000	-0.302173	-9.582761
31	0.921910	75000	-0.301690	-9.884450
32	0.919531	75000	-0.301284	-10.185734
33	0.917155	75000	-0.300749	-10.486483
34	0.914783	75000	-0.300300	-10.786783
35	0.912415	75000	-0.299888	-11.086671
36	0.910051	75000	-0.299471	-11.386142
37	0.907690	75000	-0.298876	-11.685019
38	0.905333	75000	-0.298491	-11.983510
39	0.902980	75000	-0.297982	-12.281491
40	0.900630	75000	-0.297541	-12.579033
41	0.898284	75000	-0.297096	-12.876128
42	0.895942	75000	-0.296638	-13.172767
43	0.893603	75000	-0.296183	-13.468950
44	0.891268	75000	-0.295791	-13.764740
45	0.888937	75000	-0.295223	-14.059963
46	0.886609	75000	-0.294817	-14.354780
47	0.884285	75000	-0.294308	-14.649089
48	0.881965	75000	-0.293921	-14.943009
49	0.879648	75000	-0.293488	-15.236497
50	0.877335	75000	-0.293030	-15.529527
51	0.875026	75000	-0.292574	-15.822101
52	0.872720	75000	-0.292074	-16.114174
53	0.870418	75000	-0.291705	-16.405879
54	0.868120	75000	-0.291197	-16.697076
55	0.865825	75000	-0.290754	-16.987830
56	0.863534	75000	-0.290239	-17.278069
57	0.861246	75000	-0.289891	-17.567960
58	0.858962	75000	-0.289370	-17.857330
59	0.856682	75000	-0.288936	-18.146266
60	0.854405	75000	-0.288396	-18.434662
61	0.852132	75000	-0.288049	-18.722711
62	0.849863	75000	-0.287519	-19.010229
63	0.847597	75000	-0.287136	-19.297365
64	0.845335	75000	-0.286604	-19.583969
65	0.843077	75000	-0.286210	-19.870179
66	0.840822	75000	-0.285807	-20.155986
67	0.838571	75000	-0.285301	-20.441287
68	0.836323	75000	-0.284851	-20.726138
69	0.834079	75000	-0.284442	-21.010580
70	0.831839	75000	-0.283980	-21.294560
71	0.829602	75000	-0.283498	-21.578058
72	0.827369	75000	-0.282991	-21.861049
73	0.825140	75000	-0.282627	-22.143676
74	0.822914	75000	-0.282206	-22.425882
75	0.820691	75000	-0.281702	-22.707584
76	0.818473	75000	-0.281229	-22.988813
77	0.816258	75000	-0.280784	-23.269597
78	0.814046	75000	-0.280310	-23.549908
79	0.811838	75000	-0.279774	-23.829681
80	0.809634	75000	-0.279446	-24.109127
81	0.807433	75000	-0.278968	-24.388095
82	0.805236	75000	-0.278582	-24.666677
83	0.803043	75000	-0.278112	-24.944789
84	0.800853	75000	-0.277630	-25.222418
85	0.798667	75000	-0.277247	-25.499666
86	0.796484	75000	-0.276755	-25.776420
87	0.794305	75000	-0.276304	-26.052724
88	0.792129	75000	-0.275834	-26.328558
89	0.789957	75000	-0.275349	-26.603907
90	0.787789	75000	-0.274957	-26.878864
91	0.785624	75000	-0.274496	-27.153359
92	0.783463	75000	-0.274113	-27.427472
93	0.781305	75000	-0.273583	-27.701055
94	0.779151	75000	-0.273201	-27.974257
95	0.777000	75000	-0.272728	-28.246984
96	0.774853	75000	-0.272317	-28.519302
97	0.772710	75000	-0.271867	-28.791169
98	0.770570	75000	-0.271331	-29.062499
99	0.768433	75000	-0.270971	-29.333471
100	0.766301	75000	-0.270564	-29.604035
101	0.764172	75000	-0.270116	-29.874151
102	0.762046	75000	-0.269630	-30.143781
103	0.759924	75000	-0.269184	-30.412965
104	0.757805	75000	-0.268748	-30.681713
105	0.755690	75000	-0.268297	-30.950010
106	0.753579	75000	-0.267883	-31.217894
107	0.751471	75000	-0.267454	-31.485348
108	0.749366	75000	-0.266981	-31.752329
109	0.747266	75000	-0.266513	-32.018842
110	0.745168	75000	-0.266083	-32.284925
111	0.743075	75000	-0.265667	-32.550592
112	0.740984	75000	-0.265253	-32.815845
113	0.738898	75000	-0.264775	-33.080620
114	0.736815	75000	-0.264324	-33.344944
115	0.734735	75000	-0.263924	-33.608867
116	0.732659	75000	-0.263436	-33.872304
117	0.730586	75000	-0.263061	-34.135365
118	0.728517	75000	-0.262568	-34.397934
119	0.726452	75000	-0.262136	-34.660069
120	0.724390	75000	-0.261707	-34.921776
121	0.722331	75000	-0.261302	-35.183079
122	0.720276	75000	-0.260877	-35.443956
123	0.718225	75000	-0.260423	-35.704378
124	0.716177	75000	-0.260015	-35.964394
125	0.714132	75000	-0.259509	-36.223903
126	0.712091	75000	-0.259028	-36.482931
127	0.710054	75000	-0.258674	-36.741606
128	0.708020	75000	-0.258222	-36.999828
129	0.705989	75000	-0.257776	-37.257604
130	0.703962	75000	-0.257376	-37.514981
131	0.701939	75000	-0.256892	-37.771872
132	0.699919	75000	-0.256396	-38.028268
133	0.697902	75000	-0.256067	-38.284335
134	0.695889	75000	-0.255590	-38.539925
135	0.693880	75000	-0.255146	-38.795071
136	0.691874	75000	-0.254707	-39.049779
137	0.689871	75000	-0.254286	-39.304064
138	0.687872	75000	-0.253843	-39.557908
139	0.685877	75000	-0.253448	-39.811356
140	0.683885	75000	-0.253015	-40.064370
141	0.681896	75000	-0.252586	-40.316956
142	0.679911	75000	-0.252194	-40.569150
143	0.677929	75000	-0.251701	-40.820850
144	0.675951	75000	-0.251240	-41.072090
145	0.673976	75000	-0.250838	-41.322928
146	0.672005	75000	-0.250382	-41.573310
147	0.670037	75000	-0.249967	-41.823277
148	0.668073	75000	-0.249603	-42.072881
149	0.666112	75000	-0.249132	-42.322012
150	0.664155	75000	-0.248633	-42.570645
151	0.662201	75000	-0.248244	-42.818889
152	0.660250	75000	-0.247852	-43.066741
153	0.658303	75000	-0.247436	-43.314176
154	0.656359	75000	-0.247002	-43.561178
155	0.654419	75000	-0.246551	-43.807729
156	0.652483	75000	-0.246177	-44.053906
157	0.650549	75000	-0.245714	-44.299620
158	0.648619	75000	-0.245267	-44.544887
159	0.646693	75000	-0.244782	-44.789670
160	0.644770	75000	-0.244367	-45.034037
161	0.642851	75000	-0.243996	-45.278032
162	0.640934	75000	-0.243510	-45.521542
163	0.639022	75000	-0.243095	-45.764638
164	0.637113	75000	-0.242653	-46.007291
165	0.635207	75000	-0.242303	-46.249593
166	0.633304	75000	-0.241944	-46.491537
167	0.631405	75000	-0.241426	-46.732963
168	0.629510	75000	-0.241001	-46.973963
169	0.627618	75000	-0.240565	-47.214529
170	0.625729	75000	-0.240141	-47.454669
171	0.623844	75000	-0.239712	-47.694381
172	0.621962	75000	-0.239269	-47.933650
173	0.620083	75000	-0.238878	-48.172528
174	0.618208	75000	-0.238382	-48.410910
175	0.616337	75000	-0.238054	-48.648964
176	0.614468	75000	-0.237614	-48.886578
177	0.612604	75000	-0.237190	-49.123768
178	0.610742	75000	-0.236824	-49.360593
179	0.608884	75000	-0.236315	-49.596908
180	0.607029	75000	-0.235926	-49.832834
181	0.605178	75000	-0.235384	-50.068218
182	0.603330	75000	-0.234975	-50.303193
183	0.601486	75000	-0.234647	-50.537840
184	0.599645	75000	-0.234186	-50.772026
185	0.597807	75000	-0.233745	-51.005771
186	0.595973	75000	-0.233364	-51.239134
187	0.594142	75000	-0.232995	-51.472129
188	0.592314	75000	-0.232492	-51.704621
189	0.590490	75000	-0.232117	-51.936738
190	0.588669	75000	-0.231656	-52.168394
191	0.586852	75000	-0.231180	-52.399575
192	0.585038	75000	-0.230826	-52.630401
193	0.583227	75000	-0.230441	-52.860842
194	0.581420	75000	-0.229970	-53.090812
195	0.579616	75000	-0.229576	-53.320388
196	0.577815	75000	-0.229172	-53.549560
197	0.576018	75000	-0.228751	-53.778311
198	0.574224	75000	-0.228411	-54.006722
199	0.572433	75000	-0.227925	-54.234647
200	0.570646	75000	-0.227529	-54.462176
201	0.568862	75000	-0.227103	-54.689280
202	0.567082	75000	-0.226617	-54.915896
203	0.565305	75000	-0.226217	-55.142114
204	0.563531	75000	-0.225871	-55.367984
205	0.561761	75000	-0.225423	-55.593407
206	0.559993	75000	-0.225024	-55.818431
207	0.558230	75000	-0.224620	-56.043051
208	0.556469	75000	-0.224198	-56.267249
209	0.554712	75000	-0.223751	-56.491000
210	0.552958	75000	-0.223326	-56.714326
211	0.551208	75000	-0.222920	-56.937247
212	0.549461	75000	-0.222514	-57.159761
213	0.547717	75000	-0.222194	-57.381955
214	0.545977	75000	-0.221678	-57.603633
215	0.544240	75000	-0.221242	-57.824875
216	0.542506	75000	-0.220923	-58.045798
217	0.540775	75000	-0.220518	-58.266316
218	0.539048	75000	-0.220064	-58.486380
219	0.537324	75000	-0.219581	-58.705961
220	0.535604	75000	-0.219356	-58.925317
221	0.533887	75000	-0.218789	-59.144106
222	0.532173	75000	-0.218427	-59.362533
223	0.530462	75000	-0.218027	-59.580560
224	0.528755	75000	-0.217598	-59.798158
225	0.527051	75000	-0.217170	-60.015329
226	0.525350	75000	-0.216821	-60.232149
227	0.523653	75000	-0.216326	-60.448475
228	0.521958	75000	-0.215911	-60.664385
229	0.520268	75000	-0.215521	-60.879906
230	0.518580	75000	-0.215162	-61.095069
231	0.516896	75000	-0.214742	-61.309810
232	0.515215	75000	-0.214285	-61.524095
233	0.513537	75000	-0.213906	-61.738001
234	0.511863	75000	-0.213531	-61.951532
235	0.510192	75000	-0.213088	-62.164620
236	0.508524	75000	-0.212642	-62.377262
237	0.506859	75000	-0.212348	-62.589609
238	0.505198	75000	-0.211901	-62.801510
239	0.503540	75000	-0.211406	-63.012916
240	0.501885	75000	-0.211042	-63.223957
241	0.500234	75000	-0.210658	-63.434615
242	0.498586	75000	-0.210182	-63.644797
243	0.496941	75000	-0.209844	-63.854642
244	0.495299	75000	-0.209443	-64.064085
245	0.493660	75000	-0.209079	-64.273164
246	0.492025	75000	-0.208650	-64.481813
247	0.490393	75000	-0.208266	-64.690080
248	0.488765	75000	-0.207840	-64.897920
249	0.487139	75000	-0.207412	-65.105331
250	0.485517	75000	-0.207022	-65.312353
251	0.483898	75000	-0.206614	-65.518967
252	0.482283	75000	-0.206232	-65.725199
253	0.480670	75000	-0.205799	-65.930999
254	0.479061	75000	-0.205381	-66.136380
255	0.477455	75000	-0.205029	-66.341409
256	0.475852	75000	-0.204641	-66.546050
257	0.474253	75000	-0.204175	-66.750225
258	0.472656	75000	-0.203818	-66.954043
259	0.471063	75000	-0.203424	-67.157466
260	0.469474	75000	-0.203011	-67.360477
261	0.467887	75000	-0.202622	-67.563099
262	0.466304	75000	-0.202181	-67.765280
263	0.464723	75000	-0.201799	-67.967079
264	0.463146	75000	-0.201470	-68.168549
265	0.461573	75000	-0.200907	-68.369456
266	0.460002	75000	-0.200586	-68.570042
267	0.458435	75000	-0.200143	-68.770185
268	0.456871	75000	-0.199785	-68.969970
269	0.455310	75000	-0.199420	-69.169389
270	0.453752	75000	-0.199072	-69.368462
271	0.452198	75000	-0.198593	-69.567055
272	0.450647	75000	-0.198224	-69.765279
273	0.449098	75000	-0.197817	-69.963096
274	0.447554	75000	-0.197372	-70.160468
275	0.446012	75000	-0.197003	-70.357471
276	0.444473	75000	-0.196663	-70.554134
277	0.442938	75000	-0.196249	-70.750383
278	0.441406	75000	-0.195859	-70.946242
279	0.439877	75000	-0.195456	-71.141698
280	0.438351	75000	-0.194999	-71.336697
281	0.436829	75000	-0.194695	-71.531392
282	0.435309	75000	-0.194176	-71.725569
283	0.433793	75000	-0.193871	-71.919440
284	0.432280	75000	-0.193498	-72.112938
285	0.430770	75000	-0.193122	-72.306060
286	0.429263	75000	-0.192782	-72.498842
287	0.427760	75000	-0.192363	-72.691205
288	0.426259	75000	-0.191944	-72.883149
289	0.424762	75000	-0.191469	-73.074618
290	0.423268	75000	-0.191160	-73.265777
291	0.421777	75000	-0.190777	-73.456554
292	0.420289	75000	-0.190341	-73.646895
293	0.418805	75000	-0.189984	-73.836879
294	0.417323	75000	-0.189550	-74.026429
295	0.415845	75000	-0.189155	-74.215584
296	0.414370	75000	-0.188758	-74.404342
297	0.412898	75000	-0.188461	-74.592803
298	0.411429	75000	-0.188044	-74.780847
299	0.409963	75000	-0.187620	-74.968468
300	0.408501	75000	-0.187252	-75.155720
301	0.407041	75000	-0.186876	-75.342596
302	0.405585	75000	-0.186519	-75.529115
303	0.404132	75000	-0.186038	-75.715154
304	0.402682	75000	-0.185652	-75.900805
305	0.401235	75000	-0.185344	-76.086149
306	0.399791	75000	-0.184920	-76.271069
307	0.398350	75000	-0.184579	-76.455648
308	0.396913	75000	-0.184164	-76.639812
309	0.395478	75000	-0.183794	-76.823607
310	0.394047	75000	-0.183391	-77.006998
311	0.392619	75000	-0.183009	-77.190007
312	0.391194	75000	-0.182525	-77.372532
313	0.389772	75000	-0.182186	-77.554718
314	0.388353	75000	-0.181800	-77.736517
315	0.386937	75000	-0.181457	-77.917974
316	0.385524	75000	-0.181014	-78.098988
317	0.384115	75000	-0.180677	-78.279665
318	0.382708	75000	-0.180322	-78.459987
319	0.381305	75000	-0.179973	-78.639961
320	0.379904	75000	-0.179434	-78.819395
321	0.378507	75000	-0.179172	-78.998567
322	0.377113	75000	-0.178747	-79.177313
323	0.375722	75000	-0.178389	-79.355702
324	0.374334	75000	-0.177965	-79.533667
325	0.372949	75000	-0.177686	-79.711353
326	0.371567	75000	-0.177343	-79.888696
327	0.370189	75000	-0.176854	-80.065550
328	0.368813	75000	-0.176486	-80.242036
329	0.367440	75000	-0.176208	-80.418244
330	0.366071	75000	-0.175688	-80.593932
331	0.364705	75000	-0.175410	-80.769342
332	0.363341	75000	-0.175012	-80.944354
333	0.361981	75000	-0.174615	-81.118969
334	0.360624	75000	-0.174147	-81.293116
335	0.359269	75000	-0.173859	-81.466975
336	0.357918	75000	-0.173462	-81.640437
337	0.356570	75000	-0.173146	-81.813583
338	0.355225	75000	-0.172759	-81.986341
339	0.353883	75000	-0.172294	-82.158636
340	0.352544	75000	-0.171955	-82.330591
341	0.351208	75000	-0.171624	-82.502214
342	0.349875	75000	-0.171192	-82.673407
343	0.348546	75000	-0.170853	-82.844260
344	0.347219	75000	-0.170464	-83.014724
345	0.345895	75000	-0.170020	-83.184744
346	0.344574	75000	-0.169723	-83.354467
347	0.343257	75000	-0.169338	-83.523806
348	0.341942	75000	-0.169001	-83.692807
349	0.340630	75000	-0.168546	-83.861353
350	0.339322	75000	-0.168260	-84.029613
351	0.338016	75000	-0.167826	-84.197439
352	0.336714	75000	-0.167469	-84.364907
353	0.335414	75000	-0.167063	-84.531970
354	0.334118	75000	-0.166778	-84.698749
355	0.332824	75000	-0.166304	-84.865053
356	0.331534	75000	-0.166073	-85.031126
357	0.330246	75000	-0.165548	-85.196674
358	0.328962	75000	-0.165171	-85.361845
359	0.327680	75000	-0.164841	-85.526686
360	0.326401	75000	-0.164539	-85.691225
361	0.325126	75000	-0.164055	-85.855280
362	0.323853	75000	-0.163722	-86.019002
363	0.322584	75000	-0.163447	-86.182449
364	0.321317	75000	-0.163076	-86.345525
365	0.320054	75000	-0.162703	-86.508228
366	0.318793	75000	-0.162215	-86.670444
367	0.317536	75000	-0.161849	-86.832292
368	0.316281	75000	-0.161555	-86.993847
369	0.315030	75000	-0.161250	-87.155098
370	0.313781	75000	-0.160829	-87.315927
371	0.312535	75000	-0.160412	-87.476339
372	0.311293	75000	-0.160159	-87.636498
373	0.310053	75000	-0.159874	-87.796372
374	0.308816	75000	-0.159428	-87.955799
375	0.307582	75000	-0.159066	-88.114865
376	0.306352	75000	-0.158687	-88.273552
377	0.305124	75000	-0.158153	-88.431705
378	0.303899	75000	-0.157962	-88.589667
379	0.302677	75000	-0.157521	-88.747188
380	0.301458	75000	-0.157101	-88.904289
381	0.300242	75000	-0.156779	-89.061068
382	0.299029	75000	-0.156412	-89.217480
383	0.297819	75000	-0.155925	-89.373405
384	0.296611	75000	-0.155707	-89.529112
385	0.295407	75000	-0.155387	-89.684499
386	0.294206	75000	-0.155012	-89.839511
387	0.293007	75000	-0.154676	-89.994187
388	0.291812	75000	-0.154246	-90.148434
389	0.290619	75000	-0.153842	-90.302275
390	0.289430	75000	-0.153372	-90.455648
391	0.288243	75000	-0.153094	-90.608741
392	0.287059	75000	-0.152847	-90.761588
393	0.285879	75000	-0.152557	-90.914145
394	0.284701	75000	-0.152148	-91.066293
395	0.283526	75000	-0.151800	-91.218092
396	0.282354	75000	-0.151364	-91.369456
397	0.281184	75000	-0.150965	-91.520422
398	0.280018	75000	-0.150760	-91.671182
399	0.278855	75000	-0.150284	-91.821466
400	0.277694	75000	-0.150039	-91.971506
401	0.276537	75000	-0.149600	-92.121105
402	0.275382	75000	-0.149179	-92.270284
403	0.274230	75000	-0.148863	-92.419148
404	0.273082	75000	-0.148475	-92.567623
405	0.271936	75000	-0.148160	-92.715783
406	0.270793	75000	-0.147825	-92.863608
407	0.269652	75000	-0.147430	-93.011038
408	0.268515	75000	-0.147172	-93.158210
409	0.267381	75000	-0.146820	-93.305030
410	0.266249	75000	-0.146421	-93.451451
411	0.265121	75000	-0.146062	-93.597513
412	0.263995	75000	-0.145739	-93.743253
413	0.262872	75000	-0.145364	-93.888617
414	0.261752	75000	-0.145001	-94.033619
415	0.260635	75000	-0.144656	-94.178274
416	0.259520	75000	-0.144205	-94.322479
417	0.258409	75000	-0.143858	-94.466337
418	0.257300	75000	-0.143559	-94.609896
419	0.256195	75000	-0.143260	-94.753156
420	0.255092	75000	-0.142819	-94.895975
421	0.253992	75000	-0.142605	-95.038580
422	0.252895	75000	-0.142274	-95.180853
423	0.251800	75000	-0.141794	-95.322647
424	0.250709	75000	-0.141600	-95.464247
425	0.249620	75000	-0.141184	-95.605431
426	0.248534	75000	-0.140842	-95.746273
427	0.247451	75000	-0.140452	-95.886725
428	0.246371	75000	-0.140155	-96.026880
429	0.245294	75000	-0.139866	-96.166746
430	0.244220	75000	-0.139414	-96.306160
431	0.243148	75000	-0.139049	-96.445209
432	0.242079	75000	-0.138659	-96.583868
433	0.241013	75000	-0.138348	-96.722216
434	0.239950	75000	-0.138031	-96.860247
435	0.238890	75000	-0.137738	-96.997985
436	0.237832	75000	-0.137303	-97.135288
437	0.236778	75000	-0.136995	-97.272283
438	0.235726	75000	-0.136695	-97.408978
439	0.234677	75000	-0.136302	-97.545280
440	0.233630	75000	-0.135948	-97.681228
441	0.232587	75000	-0.135535	-97.816763
442	0.231546	75000	-0.135368	-97.952131
443	0.230509	75000	-0.135004	-98.087135
444	0.229473	75000	-0.134747	-98.221881
445	0.228441	75000	-0.134320	-98.356201
446	0.227412	75000	-0.133962	-98.490163
447	0.226385	75000	-0.133651	-98.623815
448	0.225361	75000	-0.133264	-98.757078
449	0.224340	75000	-0.132795	-98.889873
450	0.223322	75000	-0.132475	-99.022348
451	0.222306	75000	-0.132230	-99.154578
452	0.221293	75000	-0.131956	-99.286534
453	0.220283	75000	-0.131578	-99.418112
454	0.219276	75000	-0.131210	-99.549322
455	0.218272	75000	-0.130843	-99.680166
456	0.217270	75000	-0.130518	-99.810683
457	0.216271	75000	-0.130127	-99.940811
458	0.215275	75000	-0.129804	-100.070614
459	0.214281	75000	-0.129508	-100.200122
460	0.213291	75000	-0.129168	-100.329291
461	0.212303	75000	-0.128891	-100.458182
462	0.211318	75000	-0.128534	-100.586716
463	0.210335	75000	-0.128127	-100.714843
464	0.209356	75000	-0.127764	-100.842607
465	0.208379	75000	-0.127519	-100.970126
466	0.207404	75000	-0.127267	-101.097392
467	0.206433	75000	-0.126841	-101.224233
468	0.205464	75000	-0.126422	-101.350655
469	0.204498	75000	-0.126285	-101.476941
470	0.203535	75000	-0.125775	-101.602715
471	0.202575	75000	-0.125527	-101.728242
472	0.201617	75000	-0.125158	-101.853400
473	0.200662	75000	-0.124792	-101.978192
474	0.199709	75000	-0.124588	-102.102781
475	0.198760	75000	-0.124144	-102.226925
476	0.197813	75000	-0.123804	-102.350729
477	0.196869	75000	-0.123437	-102.474166
478	0.195927	75000	-0.123200	-102.597366
479	0.194988	75000	-0.122874	-102.720240
480	0.194052	75000	-0.122437	-102.842677
481	0.193119	75000	-0.122205	-102.964882
482	0.192188	75000	-0.121945	-103.086827
483	0.191260	75000	-0.121496	-103.208323
484	0.190335	75000	-0.121241	-103.329564
485	0.189412	75000	-0.120943	-103.450507
486	0.188492	75000	-0.120543	-103.571050
487	0.187575	75000	-0.120195	-103.691244
488	0.186660	75000	-0.119926	-103.811170
489	0.185749	75000	-0.119431	-103.930601
490	0.184839	75000	-0.119233	-104.049834
491	0.183933	75000	-0.118975	-104.168809
492	0.183029	75000	-0.118639	-104.287448
493	0.182128	75000	-0.118352	-104.405800
494	0.181229	75000	-0.118086	-104.523886
495	0.180333	75000	-0.117608	-104.641494
496	0.179440	75000	-0.117415	-104.758909
497	0.178550	75000	-0.116949	-104.875858
498	0.177662	75000	-0.116662	-104.992520
499	0.176777	75000	-0.116322	-105.108842
500	0.175894	75000	-0.116021	-105.224863
501	0.175014	75000	-0.115729	-105.340593
502	0.174137	75000	-0.115389	-105.455982
503	0.173262	75000	-0.115116	-105.571098
504	0.172390	75000	-0.114750	-105.685848
505	0.171521	75000	-0.114426	-105.800274
506	0.170654	75000	-0.114046	-105.914321
507	0.169790	75000	-0.113782	-106.028102
508	0.168929	75000	-0.113456	-106.141558
509	0.168070	75000	-0.113116	-106.254674
510	0.167214	75000	-0.112843	-106.367517
511	0.166360	75000	-0.112583	-106.480100
512	0.165509	75000	-0.112165	-106.592265
513	0.164661	75000	-0.111963	-106.704228
514	0.163815	75000	-0.111529	-106.815758
515	0.162972	75000	-0.111148	-106.926906
516	0.162132	75000	-0.110924	-107.037830
517	0.161294	75000	-0.110641	-107.148471
518	0.160458	75000	-0.110358	-107.258829
519	0.159626	75000	-0.110073	-107.368902
520	0.158796	75000	-0.109637	-107.478540
521	0.157968	75000	-0.109391	-107.587930
522	0.157143	75000	-0.109021	-107.696951
523	0.156321	75000	-0.108737	-107.805688
524	0.155501	75000	-0.108362	-107.914050
525	0.154684	75000	-0.108243	-108.022293
526	0.153870	75000	-0.107941	-108.130234
527	0.153058	75000	-0.107433	-108.237667
528	0.152248	75000	-0.107051	-108.344718
529	0.151441	75000	-0.106788	-108.451506
530	0.150637	75000	-0.106707	-108.558213
531	0.149835	75000	-0.106361	-108.664574
532	0.149036	75000	-0.106028	-108.770602
533	0.148240	75000	-0.105716	-108.876319
534	0.147446	75000	-0.105276	-108.981595
535	0.146654	75000	-0.104967	-109.086562
536	0.145865	75000	-0.104632	-109.191194
537	0.145079	75000	-0.104407	-109.295601
538	0.144295	75000	-0.104191	-109.399792
539	0.143514	75000	-0.103994	-109.503785
540	0.142735	75000	-0.103588	-109.607374
541	0.141959	75000	-0.103323	-109.710696
542	0.141186	75000	-0.102864	-109.813560
543	0.140415	75000	-0.102503	-109.916063
544	0.139646	75000	-0.102221	-110.018284
545	0.138880	75000	-0.102036	-110.120320
546	0.138116	75000	-0.101646	-110.221966
547	0.137356	75000	-0.101508	-110.323475
548	0.136597	75000	-0.101003	-110.424478
549	0.135841	75000	-0.100697	-110.525174
550	0.135088	75000	-0.100507	-110.625681
551	0.134337	75000	-0.100132	-110.725813
552	0.133588	75000	-0.099895	-110.825707
553	0.132843	75000	-0.099571	-110.925279
554	0.132099	75000	-0.099156	-111.024435
555	0.131358	75000	-0.098881	-111.123316
556	0.130620	75000	-0.098644	-111.221960
557	0.129884	75000	-0.098349	-111.320308
558	0.129151	75000	-0.098186	-111.418495
559	0.128420	75000	-0.097820	-111.516315
560	0.127691	75000	-0.097420	-111.613735
561	0.126965	75000	-0.097233	-111.710967
562	0.126242	75000	-0.096929	-111.807896
563	0.125521	75000	-0.096582	-111.904478
564	0.124802	75000	-0.096435	-112.000913
565	0.124086	75000	-0.095965	-112.096878
566	0.123373	75000	-0.095810	-112.192688
567	0.122662	75000	-0.095391	-112.288080
568	0.121953	75000	-0.095138	-112.383218
569	0.121247	75000	-0.094905	-112.478123
570	0.120543	75000	-0.094670	-112.572794
571	0.119842	75000	-0.094263	-112.667057
572	0.119143	75000	-0.094008	-112.761065
573	0.118447	75000	-0.093638	-112.854703
574	0.117753	75000	-0.093582	-112.948285
575	0.117062	75000	-0.093070	-113.041354
576	0.116373	75000	-0.092907	-113.134262
577	0.115686	75000	-0.092662	-113.226924
578	0.115002	75000	-0.092141	-113.319065
579	0.114320	75000	-0.091827	-113.410892
580	0.113641	75000	-0.091831	-113.502723
581	0.112964	75000	-0.091430	-113.594153
582	0.112290	75000	-0.091115	-113.685268
583	0.111618	75000	-0.090891	-113.776159
584	0.110948	75000	-0.090459	-113.866617
585	0.110281	75000	-0.090167	-113.956785
586	0.109616	75000	-0.089968	-114.046753
587	0.108954	75000	-0.089686	-114.136439
588	0.108294	75000	-0.089508	-114.225948
589	0.107637	75000	-0.089090	-114.315037
590	0.106981	75000	-0.088903	-114.403941
591	0.106329	75000	-0.088433	-114.492374
592	0.105678	75000	-0.088377	-114.580751
593	0.105030	75000	-0.088030	-114.668780
594	0.104385	75000	-0.087645	-114.756425
595	0.103742	75000	-0.087502	-114.843927
596	0.103101	75000	-0.087252	-114.931178
597	0.102463	75000	-0.086991	-115.018169
598	0.101827	75000	-0.086674	-115.104843
599	0.101193	75000	-0.086287	-115.191130
600	0.100562	75000	-0.086131	-115.277261
601	0.099933	75000	-0.085777	-115.363038
602	0.099306	75000	-0.085468	-115.448505
603	0.098682	75000	-0.085289	-115.533794
604	0.098060	75000	-0.085016	-115.618810
605	0.097441	75000	-0.084674	-115.703484
606	0.096824	75000	-0.084363	-115.787847
607	0.096209	75000	-0.084099	-115.871946
608	0.095596	75000	-0.083769	-115.955715
609	0.094986	75000	-0.083461	-116.039176
610	0.094379	75000	-0.083326	-116.122502
611	0.093773	75000	-0.082983	-116.205485
612	0.093170	75000	-0.082851	-116.288336
613	0.092570	75000	-0.082399	-116.370735
614	0.091971	75000	-0.082308	-116.453042
615	0.091375	75000	-0.081937	-116.534979
616	0.090781	75000	-0.081697	-116.616676
617	0.090190	75000	-0.081418	-116.698095
618	0.089601	75000	-0.081162	-116.779257
619	0.089014	75000	-0.081045	-116.860301
620	0.088430	75000	-0.080635	-116.940937
621	0.087848	75000	-0.080505	-117.021441
622	0.087268	75000	-0.080066	-117.101508
623	0.086690	75000	-0.079899	-117.181407
624	0.086115	75000	-0.079500	-117.260907
625	0.085542	75000	-0.079190	-117.340098
626	0.084971	75000	-0.079023	-117.419121
627	0.084403	75000	-0.078664	-117.497784
628	0.083837	75000	-0.078445	-117.576229
629	0.083273	75000	-0.078154	-117.654383
630	0.082712	75000	-0.077874	-117.732258
631	0.082152	75000	-0.077758	-117.810016
632	0.081595	75000	-0.077664	-117.887680
633	0.081041	75000	-0.077211	-117.964891
634	0.080488	75000	-0.076848	-118.041740
635	0.079938	75000	-0.076570	-118.118310
636	0.079390	75000	-0.076472	-118.194782
637	0.078845	75000	-0.076184	-118.270966
638	0.078301	75000	-0.075895	-118.346861
639	0.077760	75000	-0.075751	-118.422612
640	0.077221	75000	-0.075436	-118.498048
641	0.076684	75000	-0.075073	-118.573121
642	0.076150	75000	-0.074953	-118.648074
643	0.075618	75000	-0.074768	-118.722841
644	0.075088	75000	-0.074425	-118.797266
645	0.074560	75000	-0.074087	-118.871353
646	0.074035	75000	-0.073926	-118.945279
647	0.073512	75000	-0.073736	-119.019015
648	0.072991	75000	-0.073425	-119.092439
649	0.072472	75000	-0.073320	-119.165759
650	0.071955	75000	-0.073066	-119.238825
651	0.071441	75000	-0.072950	-119.311776
652	0.070929	75000	-0.072466	-119.384242
653	0.070419	75000	-0.072212	-119.456454
654	0.069911	75000	-0.071846	-119.528300
655	0.069406	75000	-0.071523	-119.599823
656	0.068903	75000	-0.071365	-119.671188
657	0.068401	75000	-0.071147	-119.742335
658	0.067903	75000	-0.070965	-119.813300
659	0.067406	75000	-0.070738	-119.884038
660	0.066911	75000	-0.070569	-119.954607
661	0.066419	75000	-0.070215	-120.024822
662	0.065929	75000	-0.069972	-120.094794
663	0.065441	75000	-0.069727	-120.164521
664	0.064955	75000	-0.069456	-120.233977
665	0.064471	75000	-0.069232	-120.303209
666	0.063990	75000	-0.068874	-120.372083
667	0.063510	75000	-0.068705	-120.440788
668	0.063033	75000	-0.068528	-120.509316
669	0.062558	75000	-0.068465	-120.577781
670	0.062085	75000	-0.067759	-120.645540
671	0.061615	75000	-0.067893	-120.713433
672	0.061146	75000	-0.067853	-120.781286
673	0.060680	75000	-0.067288	-120.848574
674	0.060216	75000	-0.067131	-120.915705
675	0.059753	75000	-0.066894	-120.982599
676	0.059293	75000	-0.066601	-121.049199
677	0.058836	75000	-0.066410	-121.115609
678	0.058380	75000	-0.066275	-121.181885
679	0.057926	75000	-0.066040	-121.247925
680	0.057475	75000	-0.065692	-121.313617
681	0.057025	75000	-0.065657	-121.379274
682	0.056578	75000	-0.065364	-121.444638
683	0.056133	75000	-0.065291	-121.509928
684	0.055690	75000	-0.064790	-121.574718
685	0.055249	75000	-0.064736	-121.639454
686	0.054810	75000	-0.064449	-121.703904
687	0.054373	75000	-0.064122	-121.768025
688	0.053939	75000	-0.063915	-121.831940
689	0.053506	75000	-0.063922	-121.895862
690	0.053076	75000	-0.063661	-121.959523
691	0.052647	75000	-0.063221	-122.022744
692	0.052221	75000	-0.063013	-122.085758
693	0.051797	75000	-0.062850	-122.148607
694	0.051375	75000	-0.062468	-122.211076
695	0.050955	75000	-0.062262	-122.273337
696	0.050537	75000	-0.062191	-122.335528
697	0.050121	75000	-0.062119	-122.397647
698	0.049707	75000	-0.061901	-122.459548
699	0.049295	75000	-0.061775	-122.521323
700	0.048885	75000	-0.061587	-122.582911
701	0.048478	75000	-0.061343	-122.644254
702	0.048072	75000	-0.061042	-122.705296
703	0.047668	75000	-0.060865	-122.766161
704	0.047267	75000	-0.060896	-122.827056
705	0.046867	75000	-0.060437	-122.887493
706	0.046470	75000	-0.060394	-122.947887
707	0.046074	75000	-0.060177	-123.008064
708	0.045681	75000	-0.059956	-123.068020
709	0.045289	75000	-0.059722	-123.127742
710	0.044900	75000	-0.059364	-123.187106
711	0.044512	75000	-0.059232	-123.246338
712	0.044127	75000	-0.058829	-123.305167
713	0.043744	75000	-0.058865	-123.364032
714	0.043362	75000	-0.058803	-123.422835
715	0.042983	75000	-0.058445	-123.481280
716	0.042606	75000	-0.058318	-123.539598
717	0.042230	75000	-0.058178	-123.597776
718	0.041857	75000	-0.057810	-123.655586
719	0.041485	75000	-0.057852	-123.713438
720	0.041116	75000	-0.057360	-123.770798
721	0.040749	75000	-0.057599	-123.828397
722	0.040383	75000	-0.057333	-123.885730
723	0.040020	75000	-0.057068	-123.942798
724	0.039658	75000	-0.056889	-123.999687
725	0.039299	75000	-0.056544	-124.056231
726	0.038941	75000	-0.056547	-124.112778
727	0.038585	75000	-0.056255	-124.169034
728	0.038232	75000	-0.056029	-124.225063
729	0.037880	75000	-0.056116	-124.281178
730	0.037530	75000	-0.055700	-124.336878
731	0.037182	75000	-0.055796	-124.392673
732	0.036836	75000	-0.055543	-124.448217
733	0.036493	75000	-0.055421	-124.503637
734	0.036151	75000	-0.055069	-124.558706
735	0.035810	75000	-0.055029	-124.613735
736	0.035472	75000	-0.054779	-124.668515
737	0.035136	75000	-0.054791	-124.723306
738	0.034802	75000	-0.054578	-124.777884
739	0.034469	75000	-0.054468	-124.832353
740	0.034139	75000	-0.054073	-124.886426
741	0.033810	75000	-0.054030	-124.940456
742	0.033484	75000	-0.053695	-124.994150
743	0.033159	75000	-0.053824	-125.047975
744	0.032836	75000	-0.053559	-125.101534
745	0.032515	75000	-0.053562	-125.155096
746	0.032196	75000	-0.053029	-125.208125
747	0.031879	75000	-0.053173	-125.261298
748	0.031563	75000	-0.052995	-125.314293
749	0.031250	75000	-0.052933	-125.367225
750	0.030938	75000	-0.052838	-125.420064
751	0.030629	75000	-0.052429	-125.472493
752	0.030321	75000	-0.052443	-125.524936
753	0.030015	75000	-0.052459	-125.577394
754	0.029711	75000	-0.052114	-125.629509
755	0.029409	75000	-0.052577	-125.682085
756	0.029108	75000	-0.052384	-125.734470
757	0.028810	75000	-0.051860	-125.786329
758	0.028513	75000	-0.052099	-125.838429
759	0.028218	75000	-0.051507	-125.889936
760	0.027925	75000	-0.051905	-125.941841
761	0.027634	75000	-0.051366	-125.993207
762	0.027345	75000	-0.051464	-126.044671
763	0.027057	75000	-0.051000	-126.095671
764	0.026771	75000	-0.051045	-126.146716
765	0.026487	75000	-0.051043	-126.197759
766	0.026205	75000	-0.051068	-126.248827
767	0.025925	75000	-0.050447	-126.299274
768	0.025647	75000	-0.050572	-126.349846
769	0.025370	75000	-0.050983	-126.400829
770	0.025095	75000	-0.050338	-126.451167
771	0.024822	75000	-0.050584	-126.501751
772	0.024551	75000	-0.050428	-126.552179
773	0.024281	75000	-0.050815	-126.602994
774	0.024014	75000	-0.050623	-126.653617
775	0.023748	75000	-0.050344	-126.703961
776	0.023483	75000	-0.049969	-126.753930
777	0.023221	75000	-0.050889	-126.804819
778	0.022960	75000	-0.050169	-126.854988
779	0.022702	75000	-0.049842	-126.904830
780	0.022445	75000	-0.050738	-126.955568
781	0.022189	75000	-0.050014	-127.005582
782	0.021936	75000	-0.050222	-127.055804
783	0.021684	75000	-0.050399	-127.106203
784	0.021434	75000	-0.049449	-127.155651
785	0.021185	75000	-0.051013	-127.206664
786	0.020939	75000	-0.050045	-127.256709
787	0.020694	75000	-0.049795	-127.306505
788	0.020451	75000	-0.050339	-127.356843
789	0.020209	75000	-0.050282	-127.407126
790	0.019969	75000	-0.049902	-127.457027
791	0.019731	75000	-0.050952	-127.507979
792	0.019495	75000	-0.050286	-127.558264
793	0.019261	75000	-0.050146	-127.608410
794	0.019028	75000	-0.051118	-127.659529
795	0.018796	75000	-0.050442	-127.709971
796	0.018567	75000	-0.050893	-127.760864
797	0.018339	75000	-0.050753	-127.811618
798	0.018113	75000	-0.051498	-127.863116
799	0.017889	75000	-0.050820	-127.913935
800	0.017666	75000	-0.051653	-127.965588
801	0.017445	75000	-0.051103	-128.016691
802	0.017225	75000	-0.051081	-128.067773
803	0.017007	75000	-0.052992	-128.120764
804	0.016791	75000	-0.050630	-128.171394
805	0.016577	75000	-0.054224	-128.225618
806	0.016364	75000	-0.052421	-128.278040
807	0.016153	75000	-0.052151	-128.330191
808	0.015943	75000	-0.052823	-128.383014
809	0.015736	75000	-0.052480	-128.435495
810	0.015529	75000	-0.052785	-128.488280
811	0.015325	75000	-0.053981	-128.542260
812	0.015122	75000	-0.053461	-128.595721
813	0.014920	75000	-0.056731	-128.652453
814	0.014721	75000	-0.054209	-128.706662
815	0.014523	75000	-0.055131	-128.761792
816	0.014326	75000	-0.055273	-128.817065
817	0.014131	75000	-0.055617	-128.872683
818	0.013938	75000	-0.056702	-128.929384
819	0.013746	75000	-0.056372	-128.985756
820	0.013556	75000	-0.057093	-129.042849
821	0.013367	75000	-0.057461	-129.100310
822	0.013181	75000	-0.059469	-129.159780
823	0.012995	75000	-0.059783	-129.219563
824	0.012811	75000	-0.057769	-129.277332
825	0.012629	75000	-0.059940	-129.337272
826	0.012448	75000	-0.062290	-129.399562
827	0.012269	75000	-0.063478	-129.463041
828	0.012092	75000	-0.062800	-129.525841
829	0.011916	75000	-0.066954	-129.592795
830	0.011741	75000	-0.066344	-129.659138
831	0.011568	75000	-0.066853	-129.725991
832	0.011397	75000	-0.068388	-129.794380
833	0.011227	75000	-0.068481	-129.862861
834	0.011059	75000	-0.069011	-129.931871
835	0.010892	75000	-0.070944	-130.002815
836	0.010727	75000	-0.071926	-130.074742
837	0.010563	75000	-0.076545	-130.151286
838	0.010401	75000	-0.074892	-130.226178
839	0.010240	75000	-0.073540	-130.299718
840	0.010081	75000	-0.076704	-130.376423
841	0.009923	75000	-0.081975	-130.458397
842	0.009767	75000	-0.080478	-130.538875
843	0.009612	75000	-0.081894	-130.620769
844	0.009459	75000	-0.085187	-130.705957
845	0.009307	75000	-0.086745	-130.792702
846	0.009156	75000	-0.085646	-130.878348
847	0.009008	75000	-0.088733	-130.967081
848	0.008860	75000	-0.088529	-131.055611
849	0.008714	75000	-0.092279	-131.147889
850	0.008570	75000	-0.090929	-131.238818
851	0.008427	75000	-0.093170	-131.331988
852	0.008285	75000	-0.093518	-131.425505
853	0.008145	75000	-0.093748	-131.519253
854	0.008006	75000	-0.097374	-131.616627
855	0.007869	75000	-0.096256	-131.712883
856	0.007733	75000	-0.097913	-131.810797
857	0.007598	75000	-0.096453	-131.907250
858	0.007465	75000	-0.101958	-132.009207
859	0.007334	75000	-0.098959	-132.108167
860	0.007203	75000	-0.098814	-132.206981
861	0.007075	75000	-0.102641	-132.309622
862	0.006947	75000	-0.103530	-132.413152
863	0.006821	75000	-0.102833	-132.515985
864	0.006696	75000	-0.102977	-132.618963
865	0.006573	75000	-0.103573	-132.722536
866	0.006451	75000	-0.101556	-132.824092
867	0.006330	75000	-0.105007	-132.929100
868	0.006211	75000	-0.101722	-133.030822
869	0.006093	75000	-0.103796	-133.134618
870	0.005977	75000	-0.102509	-133.237127
871	0.005862	75000	-0.100682	-133.337809
872	0.005748	75000	-0.100877	-133.438686
873	0.005635	75000	-0.103043	-133.541729
874	0.005524	75000	-0.100876	-133.642604
875	0.005414	75000	-0.102133	-133.744738
876	0.005306	75000	-0.100036	-133.844774
877	0.005199	75000	-0.102045	-133.946819
878	0.005093	75000	-0.099404	-134.046223
879	0.004988	75000	-0.100638	-134.146861
880	0.004885	75000	-0.099509	-134.246370
881	0.004783	75000	-0.097502	-134.343871
882	0.004682	75000	-0.097217	-134.441088
883	0.004583	75000	-0.097692	-134.538780
884	0.004485	75000	-0.096388	-134.635168
885	0.004388	75000	-0.095976	-134.731144
886	0.004292	75000	-0.094815	-134.825959
887	0.004198	75000	-0.093956	-134.919915
888	0.004105	75000	-0.094411	-135.014325
889	0.004013	75000	-0.092634	-135.106959
890	0.003923	75000	-0.092246	-135.199205
891	0.003833	75000	-0.091832	-135.291037
892	0.003745	75000	-0.090227	-135.381264
893	0.003658	75000	-0.088979	-135.470243
894	0.003573	75000	-0.087867	-135.558110
895	0.003488	75000	-0.086320	-135.644429
896	0.003405	75000	-0.086079	-135.730508
897	0.003323	75000	-0.085557	-135.816065
898	0.003242	75000	-0.084350	-135.900416
899	0.003162	75000	-0.083055	-135.983471
900	0.003084	75000	-0.082172	-136.065643
901	0.003007	75000	-0.081058	-136.146701
902	0.002930	75000	-0.079916	-136.226617
903	0.002855	75000	-0.078708	-136.305325
904	0.002782	75000	-0.077969	-136.383294
905	0.002709	75000	-0.076577	-136.459871
906	0.002638	75000	-0.076078	-136.535949
907	0.002567	75000	-0.074883	-136.610832
908	0.002498	75000	-0.073860	-136.684692
909	0.002430	75000	-0.072462	-136.757153
910	0.002363	75000	-0.071360	-136.828513
911	0.002297	75000	-0.070557	-136.899071
912	0.002233	75000	-0.069406	-136.968477
913	0.002169	75000	-0.068192	-137.036669
914	0.002106	75000	-0.067470	-137.104139
915	0.002045	75000	-0.066033	-137.170172
916	0.001985	75000	-0.065234	-137.235406
917	0.001925	75000	-0.064141	-137.299547
918	0.001867	75000	-0.062945	-137.362492
919	0.001810	75000	-0.061859	-137.424351
920	0.001754	75000	-0.060785	-137.485136
921	0.001699	75000	-0.059689	-137.544825
922	0.001645	75000	-0.058626	-137.603452
923	0.001592	75000	-0.057475	-137.660926
924	0.001540	75000	-0.056509	-137.717435
925	0.001490	75000	-0.055421	-137.772856
926	0.001440	75000	-0.054558	-137.827414
927	0.001391	75000	-0.053454	-137.880868
928	0.001343	75000	-0.052389	-137.933258
929	0.001296	75000	-0.051126	-137.984383
930	0.001251	75000	-0.050040	-138.034423
931	0.001206	75000	-0.048983	-138.083406
932	0.001162	75000	-0.048094	-138.131500
933	0.001119	75000	-0.047043	-138.178543
934	0.001077	75000	-0.046164	-138.224706
935	0.001036	75000	-0.045072	-138.269778
936	0.000996	75000	-0.044192	-138.313971
937	0.000957	75000	-0.043126	-138.357097
938	0.000919	75000	-0.042119	-138.399216
939	0.000882	75000	-0.040944	-138.440160
940	0.000846	75000	-0.040059	-138.480219
941	0.000810	75000	-0.039086	-138.519305
942	0.000776	75000	-0.038041	-138.557346
943	0.000742	75000	-0.037171	-138.594517
944	0.000709	75000	-0.036222	-138.630739
945	0.000678	75000	-0.035216	-138.665956
946	0.000647	75000	-0.034319	-138.700275
947	0.000617	75000	-0.033435	-138.733710
948	0.000587	75000	-0.032435	-138.766145
949	0.000559	75000	-0.031466	-138.797611
950	0.000531	75000	-0.030593	-138.828205
951	0.000505	75000	-0.029605	-138.857809
952	0.000479	75000	-0.028758	-138.886567
953	0.000454	75000	-0.027840	-138.914408
954	0.000430	75000	-0.026955	-138.941363
955	0.000406	75000	-0.026041	-138.967403
956	0.000383	75000	-0.025202	-138.992605
957	0.000362	75000	-0.024362	-139.016967
958	0.000340	75000	-0.023531	-139.040498
959	0.000320	75000	-0.022695	-139.063193
960	0.000300	75000	-0.021854	-139.085047
961	0.000281	75000	-0.021020	-139.106067
962	0.000263	75000	-0.020271	-139.126338
963	0.000246	75000	-0.019472	-139.145810
964	0.000229	75000	-0.018656	-139.164466
965	0.000213	75000	-0.017865	-139.182331
966	0.000198	75000	-0.017105	-139.199436
967	0.000183	75000	-0.016320	-139.215756
968	0.000169	75000	-0.015581	-139.231338
969	0.000156	75000	-0.014871	-139.246208
970	0.000143	75000	-0.014157	-139.260365
971	0.000131	75000	-0.013420	-139.273785
972	0.000120	75000	-0.012728	-139.286513
973	0.000109	75000	-0.012044	-139.298558
974	0.000099	75000	-0.011382	-139.309940
975	0.000089	75000	-0.010720	-139.320660
976	0.000080	75000	-0.010067	-139.330727
977	0.000072	75000	-0.009441	-139.340168
978	0.000064	75000	-0.008822	-139.348990
979	0.000057	75000	-0.008219	-139.357209
980	0.000050	75000	-0.007619	-139.364828
981	0.000043	75000	-0.007048	-139.371876
982	0.000038	75000	-0.006487	-139.378363
983	0.000032	75000	-0.005926	-139.384289
984	0.000028	75000	-0.005398	-139.389687
985	0.000023	75000	-0.004879	-139.394566
986	0.000019	75000	-0.004401	-139.398967
987	0.000016	75000	-0.003904	-139.402871
988	0.000013	75000	-0.003466	-139.406337
989	0.000010	75000	-0.003017	-139.409354
990	0.000008	75000	-0.002589	-139.411942
991	0.000006	75000	-0.002194	-139.414136
992	0.000004	75000	-0.001824	-139.415960
993	0.000003	75000	-0.001467	-139.417427
994	0.000002	75000	-0.001146	-139.418573
995	0.000001	75000	-0.000846	-139.419419
996	0.000000	75000	-0.000580	-139.419999
997	0.000000	75000	-0.000352	-139.420351
998	0.000000	75000	-0.000165	-139.420516
999	0.000000	75000	-0.000035	-139.420551
Log marginal likelihood:	-139.420551
