Steppingstone sampler:
        No Stones:                  1000
        Start It:                   10000001
        It Per Stone:               100000
        Sample Freq:                1
        Dist:                       Beta(0.400000,1.000000)
Stone No	Power	N	Stone MLh	Running MLh
0	0.997502	75000	-0.357267	-0.357267
1	0.995007	75000	-0.356789	-0.714056
2	0.992517	75000	-0.356271	-1.070327
3	0.990030	75000	-0.355730	-1.426058
4	0.987547	75000	-0.355248	-1.781306
5	0.985067	75000	-0.354643	-2.135949
6	0.982592	75000	-0.354151	-2.490099
7	0.980120	75000	-0.353635	-2.843734
8	0.977652	75000	-0.353071	-3.196805
9	0.975187	75000	-0.352519	-3.549324
10	0.972726	75000	-0.351994	-3.901319
11	0.970269	75000	-0.351513	-4.252832
12	0.967816	75000	-0.350924	-4.603757
13	0.965367	75000	-0.350407	-4.954164
14	0.962921	75000	-0.349948	-5.304112
15	0.960479	75000	-0.349423	-5.653534
16	0.958040	75000	-0.348897	-6.002431
17	0.955606	75000	-0.348354	-6.350785
18	0.953175	75000	-0.347830	-6.698615
19	0.950747	75000	-0.347283	-7.045898
20	0.948324	75000	-0.346807	-7.392705
21	0.945904	75000	-0.346219	-7.738925
22	0.943488	75000	-0.345696	-8.084620
23	0.941076	75000	-0.345195	-8.429816
24	0.938667	75000	-0.344678	-8.774494
25	0.936262	75000	-0.344127	-9.118621
26	0.933861	75000	-0.343596	-9.462217
27	0.931463	75000	-0.343030	-9.805247
28	0.929069	75000	-0.342531	-10.147777
29	0.926679	75000	-0.342135	-10.489912
30	0.924293	75000	-0.341534	-10.831446
31	0.921910	75000	-0.341070	-11.172516
32	0.919531	75000	-0.340488	-11.513005
33	0.917155	75000	-0.339950	-11.852954
34	0.914783	75000	-0.339470	-12.192424
35	0.912415	75000	-0.338909	-12.531333
36	0.910051	75000	-0.338386	-12.869720
37	0.907690	75000	-0.337891	-13.207610
38	0.905333	75000	-0.337361	-13.544971
39	0.902980	75000	-0.336874	-13.881845
40	0.900630	75000	-0.336392	-14.218238
41	0.898284	75000	-0.335780	-14.554018
42	0.895942	75000	-0.335230	-14.889248
43	0.893603	75000	-0.334771	-15.224019
44	0.891268	75000	-0.334201	-15.558220
45	0.888937	75000	-0.333752	-15.891972
46	0.886609	75000	-0.333235	-16.225207
47	0.884285	75000	-0.332701	-16.557908
48	0.881965	75000	-0.332091	-16.889999
49	0.879648	75000	-0.331673	-17.221672
50	0.877335	75000	-0.331104	-17.552776
51	0.875026	75000	-0.330595	-17.883371
52	0.872720	75000	-0.330138	-18.213509
53	0.870418	75000	-0.329574	-18.543083
54	0.868120	75000	-0.329136	-18.872219
55	0.865825	75000	-0.328631	-19.200850
56	0.863534	75000	-0.328045	-19.528895
57	0.861246	75000	-0.327547	-19.856442
58	0.858962	75000	-0.327049	-20.183491
59	0.856682	75000	-0.326453	-20.509944
60	0.854405	75000	-0.326006	-20.835949
61	0.852132	75000	-0.325493	-21.161442
62	0.849863	75000	-0.324956	-21.486398
63	0.847597	75000	-0.324498	-21.810896
64	0.845335	75000	-0.323985	-22.134881
65	0.843077	75000	-0.323413	-22.458294
66	0.840822	75000	-0.322960	-22.781254
67	0.838571	75000	-0.322408	-23.103662
68	0.836323	75000	-0.321831	-23.425493
69	0.834079	75000	-0.321379	-23.746873
70	0.831839	75000	-0.320950	-24.067823
71	0.829602	75000	-0.320387	-24.388210
72	0.827369	75000	-0.319834	-24.708044
73	0.825140	75000	-0.319415	-25.027459
74	0.822914	75000	-0.318930	-25.346389
75	0.820691	75000	-0.318407	-25.664796
76	0.818473	75000	-0.317739	-25.982535
77	0.816258	75000	-0.317320	-26.299855
78	0.814046	75000	-0.316849	-26.616705
79	0.811838	75000	-0.316286	-26.932991
80	0.809634	75000	-0.315755	-27.248746
81	0.807433	75000	-0.315253	-27.563999
82	0.805236	75000	-0.314776	-27.878776
83	0.803043	75000	-0.314265	-28.193041
84	0.800853	75000	-0.313773	-28.506814
85	0.798667	75000	-0.313164	-28.819977
86	0.796484	75000	-0.312770	-29.132747
87	0.794305	75000	-0.312244	-29.444990
88	0.792129	75000	-0.311793	-29.756783
89	0.789957	75000	-0.311308	-30.068091
90	0.787789	75000	-0.310721	-30.378812
91	0.785624	75000	-0.310288	-30.689100
92	0.783463	75000	-0.309710	-30.998810
93	0.781305	75000	-0.309225	-31.308035
94	0.779151	75000	-0.308738	-31.616774
95	0.777000	75000	-0.308188	-31.924961
96	0.774853	75000	-0.307739	-32.232700
97	0.772710	75000	-0.307152	-32.539852
98	0.770570	75000	-0.306654	-32.846506
99	0.768433	75000	-0.306175	-33.152681
100	0.766301	75000	-0.305672	-33.458353
101	0.764172	75000	-0.305186	-33.763538
102	0.762046	75000	-0.304659	-34.068197
103	0.759924	75000	-0.304253	-34.372450
104	0.757805	75000	-0.303627	-34.676077
105	0.755690	75000	-0.303217	-34.979294
106	0.753579	75000	-0.302740	-35.282033
107	0.751471	75000	-0.302221	-35.584254
108	0.749366	75000	-0.301675	-35.885929
109	0.747266	75000	-0.301175	-36.187103
110	0.745168	75000	-0.300691	-36.487794
111	0.743075	75000	-0.300241	-36.788035
112	0.740984	75000	-0.299725	-37.087760
113	0.738898	75000	-0.299285	-37.387044
114	0.736815	75000	-0.298713	-37.685757
115	0.734735	75000	-0.298150	-37.983908
116	0.732659	75000	-0.297729	-38.281637
117	0.730586	75000	-0.297229	-38.578865
118	0.728517	75000	-0.296806	-38.875671
119	0.726452	75000	-0.296220	-39.171891
120	0.724390	75000	-0.295749	-39.467640
121	0.722331	75000	-0.295209	-39.762850
122	0.720276	75000	-0.294779	-40.057628
123	0.718225	75000	-0.294220	-40.351849
124	0.716177	75000	-0.293705	-40.645554
125	0.714132	75000	-0.293217	-40.938771
126	0.712091	75000	-0.292733	-41.231504
127	0.710054	75000	-0.292250	-41.523753
128	0.708020	75000	-0.291808	-41.815561
129	0.705989	75000	-0.291226	-42.106787
130	0.703962	75000	-0.290806	-42.397593
131	0.701939	75000	-0.290274	-42.687868
132	0.699919	75000	-0.289800	-42.977668
133	0.697902	75000	-0.289270	-43.266938
134	0.695889	75000	-0.288810	-43.555748
135	0.693880	75000	-0.288307	-43.844055
136	0.691874	75000	-0.287823	-44.131878
137	0.689871	75000	-0.287351	-44.419229
138	0.687872	75000	-0.286844	-44.706074
139	0.685877	75000	-0.286348	-44.992421
140	0.683885	75000	-0.285904	-45.278326
141	0.681896	75000	-0.285412	-45.563738
142	0.679911	75000	-0.284861	-45.848599
143	0.677929	75000	-0.284389	-46.132988
144	0.675951	75000	-0.283863	-46.416852
145	0.673976	75000	-0.283403	-46.700255
146	0.672005	75000	-0.282907	-46.983162
147	0.670037	75000	-0.282486	-47.265648
148	0.668073	75000	-0.281938	-47.547586
149	0.666112	75000	-0.281526	-47.829113
150	0.664155	75000	-0.280935	-48.110047
151	0.662201	75000	-0.280491	-48.390538
152	0.660250	75000	-0.279982	-48.670520
153	0.658303	75000	-0.279504	-48.950024
154	0.656359	75000	-0.279065	-49.229088
155	0.654419	75000	-0.278609	-49.507698
156	0.652483	75000	-0.278123	-49.785820
157	0.650549	75000	-0.277650	-50.063470
158	0.648619	75000	-0.277049	-50.340520
159	0.646693	75000	-0.276645	-50.617164
160	0.644770	75000	-0.276067	-50.893232
161	0.642851	75000	-0.275651	-51.168883
162	0.640934	75000	-0.275122	-51.444005
163	0.639022	75000	-0.274694	-51.718699
164	0.637113	75000	-0.274214	-51.992913
165	0.635207	75000	-0.273676	-52.266589
166	0.633304	75000	-0.273219	-52.539809
167	0.631405	75000	-0.272765	-52.812574
168	0.629510	75000	-0.272266	-53.084840
169	0.627618	75000	-0.271858	-53.356698
170	0.625729	75000	-0.271323	-53.628022
171	0.623844	75000	-0.270789	-53.898811
172	0.621962	75000	-0.270286	-54.169097
173	0.620083	75000	-0.269862	-54.438959
174	0.618208	75000	-0.269373	-54.708332
175	0.616337	75000	-0.268864	-54.977195
176	0.614468	75000	-0.268390	-55.245585
177	0.612604	75000	-0.267938	-55.513523
178	0.610742	75000	-0.267485	-55.781008
179	0.608884	75000	-0.266942	-56.047950
180	0.607029	75000	-0.266425	-56.314375
181	0.605178	75000	-0.266011	-56.580387
182	0.603330	75000	-0.265500	-56.845887
183	0.601486	75000	-0.265047	-57.110934
184	0.599645	75000	-0.264547	-57.375481
185	0.597807	75000	-0.264080	-57.639561
186	0.595973	75000	-0.263709	-57.903270
187	0.594142	75000	-0.263135	-58.166404
188	0.592314	75000	-0.262628	-58.429032
189	0.590490	75000	-0.262252	-58.691284
190	0.588669	75000	-0.261722	-58.953006
191	0.586852	75000	-0.261168	-59.214174
192	0.585038	75000	-0.260783	-59.474957
193	0.583227	75000	-0.260300	-59.735257
194	0.581420	75000	-0.259837	-59.995094
195	0.579616	75000	-0.259398	-60.254492
196	0.577815	75000	-0.258911	-60.513403
197	0.576018	75000	-0.258397	-60.771800
198	0.574224	75000	-0.257918	-61.029718
199	0.572433	75000	-0.257442	-61.287160
200	0.570646	75000	-0.256949	-61.544110
201	0.568862	75000	-0.256521	-61.800631
202	0.567082	75000	-0.256088	-62.056719
203	0.565305	75000	-0.255499	-62.312218
204	0.563531	75000	-0.255079	-62.567297
205	0.561761	75000	-0.254623	-62.821920
206	0.559993	75000	-0.254189	-63.076109
207	0.558230	75000	-0.253572	-63.329681
208	0.556469	75000	-0.253250	-63.582931
209	0.554712	75000	-0.252675	-63.835606
210	0.552958	75000	-0.252273	-64.087878
211	0.551208	75000	-0.251799	-64.339677
212	0.549461	75000	-0.251301	-64.590978
213	0.547717	75000	-0.250888	-64.841865
214	0.545977	75000	-0.250391	-65.092257
215	0.544240	75000	-0.249911	-65.342168
216	0.542506	75000	-0.249493	-65.591661
217	0.540775	75000	-0.248916	-65.840577
218	0.539048	75000	-0.248568	-66.089145
219	0.537324	75000	-0.248089	-66.337234
220	0.535604	75000	-0.247718	-66.584953
221	0.533887	75000	-0.247142	-66.832095
222	0.532173	75000	-0.246691	-67.078787
223	0.530462	75000	-0.246182	-67.324969
224	0.528755	75000	-0.245729	-67.570697
225	0.527051	75000	-0.245289	-67.815986
226	0.525350	75000	-0.244910	-68.060896
227	0.523653	75000	-0.244270	-68.305165
228	0.521958	75000	-0.243920	-68.549085
229	0.520268	75000	-0.243417	-68.792503
230	0.518580	75000	-0.242894	-69.035396
231	0.516896	75000	-0.242496	-69.277892
232	0.515215	75000	-0.242112	-69.520004
233	0.513537	75000	-0.241580	-69.761584
234	0.511863	75000	-0.241087	-70.002671
235	0.510192	75000	-0.240646	-70.243317
236	0.508524	75000	-0.240178	-70.483495
237	0.506859	75000	-0.239692	-70.723187
238	0.505198	75000	-0.239235	-70.962422
239	0.503540	75000	-0.238852	-71.201273
240	0.501885	75000	-0.238365	-71.439638
241	0.500234	75000	-0.237919	-71.677558
242	0.498586	75000	-0.237504	-71.915061
243	0.496941	75000	-0.236903	-72.151965
244	0.495299	75000	-0.236499	-72.388464
245	0.493660	75000	-0.236068	-72.624532
246	0.492025	75000	-0.235556	-72.860089
247	0.490393	75000	-0.235190	-73.095279
248	0.488765	75000	-0.234671	-73.329949
249	0.487139	75000	-0.234237	-73.564186
250	0.485517	75000	-0.233728	-73.797914
251	0.483898	75000	-0.233293	-74.031207
252	0.482283	75000	-0.232796	-74.264003
253	0.480670	75000	-0.232408	-74.496411
254	0.479061	75000	-0.231986	-74.728397
255	0.477455	75000	-0.231496	-74.959893
256	0.475852	75000	-0.231000	-75.190892
257	0.474253	75000	-0.230578	-75.421471
258	0.472656	75000	-0.230125	-75.651595
259	0.471063	75000	-0.229639	-75.881235
260	0.469474	75000	-0.229256	-76.110490
261	0.467887	75000	-0.228741	-76.339231
262	0.466304	75000	-0.228318	-76.567549
263	0.464723	75000	-0.227909	-76.795458
264	0.463146	75000	-0.227435	-77.022893
265	0.461573	75000	-0.226932	-77.249826
266	0.460002	75000	-0.226520	-77.476346
267	0.458435	75000	-0.226002	-77.702348
268	0.456871	75000	-0.225599	-77.927947
269	0.455310	75000	-0.225231	-78.153177
270	0.453752	75000	-0.224677	-78.377855
271	0.452198	75000	-0.224280	-78.602135
272	0.450647	75000	-0.223790	-78.825924
273	0.449098	75000	-0.223323	-79.049247
274	0.447554	75000	-0.222848	-79.272095
275	0.446012	75000	-0.222419	-79.494514
276	0.444473	75000	-0.222008	-79.716523
277	0.442938	75000	-0.221603	-79.938125
278	0.441406	75000	-0.221072	-80.159197
279	0.439877	75000	-0.220566	-80.379764
280	0.438351	75000	-0.220295	-80.600059
281	0.436829	75000	-0.219803	-80.819861
282	0.435309	75000	-0.219307	-81.039168
283	0.433793	75000	-0.218836	-81.258004
284	0.432280	75000	-0.218454	-81.476458
285	0.430770	75000	-0.217914	-81.694371
286	0.429263	75000	-0.217564	-81.911936
287	0.427760	75000	-0.217017	-82.128953
288	0.426259	75000	-0.216761	-82.345714
289	0.424762	75000	-0.216199	-82.561913
290	0.423268	75000	-0.215784	-82.777697
291	0.421777	75000	-0.215293	-82.992989
292	0.420289	75000	-0.214892	-83.207882
293	0.418805	75000	-0.214424	-83.422306
294	0.417323	75000	-0.213933	-83.636238
295	0.415845	75000	-0.213619	-83.849857
296	0.414370	75000	-0.213187	-84.063044
297	0.412898	75000	-0.212735	-84.275779
298	0.411429	75000	-0.212258	-84.488038
299	0.409963	75000	-0.211811	-84.699848
300	0.408501	75000	-0.211315	-84.911163
301	0.407041	75000	-0.210890	-85.122054
302	0.405585	75000	-0.210411	-85.332464
303	0.404132	75000	-0.210014	-85.542478
304	0.402682	75000	-0.209621	-85.752099
305	0.401235	75000	-0.209114	-85.961213
306	0.399791	75000	-0.208648	-86.169860
307	0.398350	75000	-0.208211	-86.378071
308	0.396913	75000	-0.207850	-86.585922
309	0.395478	75000	-0.207394	-86.793316
310	0.394047	75000	-0.207014	-87.000330
311	0.392619	75000	-0.206534	-87.206864
312	0.391194	75000	-0.206067	-87.412931
313	0.389772	75000	-0.205594	-87.618525
314	0.388353	75000	-0.205338	-87.823863
315	0.386937	75000	-0.204789	-88.028652
316	0.385524	75000	-0.204370	-88.233022
317	0.384115	75000	-0.203901	-88.436923
318	0.382708	75000	-0.203505	-88.640428
319	0.381305	75000	-0.203055	-88.843483
320	0.379904	75000	-0.202606	-89.046089
321	0.378507	75000	-0.202105	-89.248194
322	0.377113	75000	-0.201781	-89.449975
323	0.375722	75000	-0.201282	-89.651257
324	0.374334	75000	-0.200867	-89.852124
325	0.372949	75000	-0.200358	-90.052482
326	0.371567	75000	-0.200011	-90.252493
327	0.370189	75000	-0.199549	-90.452042
328	0.368813	75000	-0.199183	-90.651225
329	0.367440	75000	-0.198783	-90.850008
330	0.366071	75000	-0.198300	-91.048308
331	0.364705	75000	-0.197792	-91.246100
332	0.363341	75000	-0.197398	-91.443498
333	0.361981	75000	-0.197062	-91.640560
334	0.360624	75000	-0.196629	-91.837189
335	0.359269	75000	-0.196207	-92.033397
336	0.357918	75000	-0.195742	-92.229139
337	0.356570	75000	-0.195302	-92.424441
338	0.355225	75000	-0.194833	-92.619274
339	0.353883	75000	-0.194435	-92.813710
340	0.352544	75000	-0.194053	-93.007763
341	0.351208	75000	-0.193569	-93.201332
342	0.349875	75000	-0.193129	-93.394461
343	0.348546	75000	-0.192746	-93.587207
344	0.347219	75000	-0.192216	-93.779423
345	0.345895	75000	-0.191893	-93.971316
346	0.344574	75000	-0.191438	-94.162754
347	0.343257	75000	-0.190961	-94.353715
348	0.341942	75000	-0.190578	-94.544293
349	0.340630	75000	-0.190275	-94.734568
350	0.339322	75000	-0.189785	-94.924353
351	0.338016	75000	-0.189319	-95.113672
352	0.336714	75000	-0.188922	-95.302594
353	0.335414	75000	-0.188544	-95.491137
354	0.334118	75000	-0.188064	-95.679201
355	0.332824	75000	-0.187567	-95.866768
356	0.331534	75000	-0.187254	-96.054022
357	0.330246	75000	-0.186815	-96.240837
358	0.328962	75000	-0.186406	-96.427243
359	0.327680	75000	-0.186048	-96.613291
360	0.326401	75000	-0.185587	-96.798878
361	0.325126	75000	-0.185178	-96.984056
362	0.323853	75000	-0.184631	-97.168687
363	0.322584	75000	-0.184366	-97.353053
364	0.321317	75000	-0.183850	-97.536902
365	0.320054	75000	-0.183414	-97.720316
366	0.318793	75000	-0.183107	-97.903423
367	0.317536	75000	-0.182700	-98.086122
368	0.316281	75000	-0.182179	-98.268301
369	0.315030	75000	-0.181887	-98.450188
370	0.313781	75000	-0.181500	-98.631688
371	0.312535	75000	-0.180888	-98.812577
372	0.311293	75000	-0.180622	-98.993199
373	0.310053	75000	-0.180115	-99.173314
374	0.308816	75000	-0.179711	-99.353025
375	0.307582	75000	-0.179368	-99.532392
376	0.306352	75000	-0.178865	-99.711257
377	0.305124	75000	-0.178433	-99.889690
378	0.303899	75000	-0.177965	-100.067655
379	0.302677	75000	-0.177615	-100.245271
380	0.301458	75000	-0.177230	-100.422501
381	0.300242	75000	-0.176864	-100.599365
382	0.299029	75000	-0.176456	-100.775821
383	0.297819	75000	-0.176033	-100.951854
384	0.296611	75000	-0.175619	-101.127473
385	0.295407	75000	-0.175172	-101.302645
386	0.294206	75000	-0.174814	-101.477459
387	0.293007	75000	-0.174398	-101.651857
388	0.291812	75000	-0.173954	-101.825810
389	0.290619	75000	-0.173553	-101.999363
390	0.289430	75000	-0.173181	-102.172544
391	0.288243	75000	-0.172686	-102.345230
392	0.287059	75000	-0.172305	-102.517535
393	0.285879	75000	-0.171930	-102.689465
394	0.284701	75000	-0.171513	-102.860978
395	0.283526	75000	-0.171217	-103.032195
396	0.282354	75000	-0.170681	-103.202876
397	0.281184	75000	-0.170314	-103.373190
398	0.280018	75000	-0.169912	-103.543102
399	0.278855	75000	-0.169457	-103.712559
400	0.277694	75000	-0.169101	-103.881660
401	0.276537	75000	-0.168691	-104.050350
402	0.275382	75000	-0.168322	-104.218672
403	0.274230	75000	-0.167824	-104.386496
404	0.273082	75000	-0.167447	-104.553942
405	0.271936	75000	-0.167063	-104.721006
406	0.270793	75000	-0.166640	-104.887645
407	0.269652	75000	-0.166274	-105.053919
408	0.268515	75000	-0.165694	-105.219614
409	0.267381	75000	-0.165334	-105.384947
410	0.266249	75000	-0.165016	-105.549963
411	0.265121	75000	-0.164544	-105.714507
412	0.263995	75000	-0.164276	-105.878783
413	0.262872	75000	-0.163877	-106.042661
414	0.261752	75000	-0.163372	-106.206033
415	0.260635	75000	-0.163008	-106.369041
416	0.259520	75000	-0.162690	-106.531731
417	0.258409	75000	-0.162101	-106.693833
418	0.257300	75000	-0.161785	-106.855617
419	0.256195	75000	-0.161426	-107.017043
420	0.255092	75000	-0.161070	-107.178113
421	0.253992	75000	-0.160650	-107.338763
422	0.252895	75000	-0.160190	-107.498953
423	0.251800	75000	-0.159845	-107.658798
424	0.250709	75000	-0.159563	-107.818361
425	0.249620	75000	-0.158941	-107.977302
426	0.248534	75000	-0.158677	-108.135980
427	0.247451	75000	-0.158319	-108.294299
428	0.246371	75000	-0.157912	-108.452211
429	0.245294	75000	-0.157502	-108.609714
430	0.244220	75000	-0.157100	-108.766813
431	0.243148	75000	-0.156650	-108.923463
432	0.242079	75000	-0.156344	-109.079807
433	0.241013	75000	-0.155999	-109.235806
434	0.239950	75000	-0.155445	-109.391251
435	0.238890	75000	-0.155180	-109.546431
436	0.237832	75000	-0.154766	-109.701197
437	0.236778	75000	-0.154330	-109.855527
438	0.235726	75000	-0.153880	-110.009407
439	0.234677	75000	-0.153495	-110.162902
440	0.233630	75000	-0.153171	-110.316073
441	0.232587	75000	-0.152837	-110.468910
442	0.231546	75000	-0.152486	-110.621396
443	0.230509	75000	-0.151999	-110.773395
444	0.229473	75000	-0.151648	-110.925044
445	0.228441	75000	-0.151206	-111.076250
446	0.227412	75000	-0.150831	-111.227081
447	0.226385	75000	-0.150336	-111.377417
448	0.225361	75000	-0.150174	-111.527591
449	0.224340	75000	-0.149724	-111.677315
450	0.223322	75000	-0.149320	-111.826635
451	0.222306	75000	-0.148850	-111.975485
452	0.221293	75000	-0.148469	-112.123955
453	0.220283	75000	-0.148175	-112.272130
454	0.219276	75000	-0.147676	-112.419805
455	0.218272	75000	-0.147393	-112.567199
456	0.217270	75000	-0.147015	-112.714213
457	0.216271	75000	-0.146536	-112.860749
458	0.215275	75000	-0.146394	-113.007143
459	0.214281	75000	-0.145767	-113.152910
460	0.213291	75000	-0.145463	-113.298373
461	0.212303	75000	-0.145076	-113.443449
462	0.211318	75000	-0.144764	-113.588213
463	0.210335	75000	-0.144343	-113.732556
464	0.209356	75000	-0.144019	-113.876575
465	0.208379	75000	-0.143500	-114.020075
466	0.207404	75000	-0.143168	-114.163243
467	0.206433	75000	-0.142805	-114.306048
468	0.205464	75000	-0.142365	-114.448412
469	0.204498	75000	-0.142156	-114.590568
470	0.203535	75000	-0.141713	-114.732281
471	0.202575	75000	-0.141365	-114.873646
472	0.201617	75000	-0.140815	-115.014462
473	0.200662	75000	-0.140459	-115.154920
474	0.199709	75000	-0.140156	-115.295077
475	0.198760	75000	-0.139856	-115.434933
476	0.197813	75000	-0.139349	-115.574282
477	0.196869	75000	-0.139045	-115.713327
478	0.195927	75000	-0.138737	-115.852064
479	0.194988	75000	-0.138301	-115.990364
480	0.194052	75000	-0.137874	-116.128238
481	0.193119	75000	-0.137562	-116.265801
482	0.192188	75000	-0.137170	-116.402970
483	0.191260	75000	-0.136687	-116.539658
484	0.190335	75000	-0.136365	-116.676023
485	0.189412	75000	-0.136025	-116.812047
486	0.188492	75000	-0.135704	-116.947752
487	0.187575	75000	-0.135277	-117.083029
488	0.186660	75000	-0.134897	-117.217926
489	0.185749	75000	-0.134556	-117.352482
490	0.184839	75000	-0.134090	-117.486572
491	0.183933	75000	-0.133832	-117.620404
492	0.183029	75000	-0.133496	-117.753900
493	0.182128	75000	-0.133084	-117.886984
494	0.181229	75000	-0.132671	-118.019655
495	0.180333	75000	-0.132351	-118.152006
496	0.179440	75000	-0.132010	-118.284016
497	0.178550	75000	-0.131694	-118.415710
498	0.177662	75000	-0.131308	-118.547018
499	0.176777	75000	-0.131083	-118.678101
500	0.175894	75000	-0.130395	-118.808496
501	0.175014	75000	-0.130136	-118.938631
502	0.174137	75000	-0.129762	-119.068393
503	0.173262	75000	-0.129388	-119.197781
504	0.172390	75000	-0.129021	-119.326802
505	0.171521	75000	-0.128812	-119.455614
506	0.170654	75000	-0.128363	-119.583977
507	0.169790	75000	-0.128005	-119.711982
508	0.168929	75000	-0.127556	-119.839537
509	0.168070	75000	-0.127215	-119.966752
510	0.167214	75000	-0.126926	-120.093679
511	0.166360	75000	-0.126529	-120.220208
512	0.165509	75000	-0.126215	-120.346423
513	0.164661	75000	-0.125828	-120.472251
514	0.163815	75000	-0.125403	-120.597654
515	0.162972	75000	-0.125127	-120.722781
516	0.162132	75000	-0.124698	-120.847479
517	0.161294	75000	-0.124299	-120.971778
518	0.160458	75000	-0.123976	-121.095754
519	0.159626	75000	-0.123590	-121.219344
520	0.158796	75000	-0.123372	-121.342716
521	0.157968	75000	-0.122959	-121.465675
522	0.157143	75000	-0.122656	-121.588331
523	0.156321	75000	-0.122239	-121.710570
524	0.155501	75000	-0.121952	-121.832522
525	0.154684	75000	-0.121570	-121.954092
526	0.153870	75000	-0.121267	-122.075359
527	0.153058	75000	-0.120808	-122.196167
528	0.152248	75000	-0.120492	-122.316659
529	0.151441	75000	-0.120054	-122.436713
530	0.150637	75000	-0.119843	-122.556556
531	0.149835	75000	-0.119395	-122.675952
532	0.149036	75000	-0.118994	-122.794945
533	0.148240	75000	-0.118696	-122.913642
534	0.147446	75000	-0.118278	-123.031919
535	0.146654	75000	-0.118119	-123.150038
536	0.145865	75000	-0.117707	-123.267746
537	0.145079	75000	-0.117326	-123.385072
538	0.144295	75000	-0.116966	-123.502037
539	0.143514	75000	-0.116599	-123.618637
540	0.142735	75000	-0.116256	-123.734892
541	0.141959	75000	-0.115944	-123.850837
542	0.141186	75000	-0.115626	-123.966463
543	0.140415	75000	-0.115344	-124.081807
544	0.139646	75000	-0.114880	-124.196687
545	0.138880	75000	-0.114639	-124.311327
546	0.138116	75000	-0.114156	-124.425482
547	0.137356	75000	-0.113888	-124.539371
548	0.136597	75000	-0.113554	-124.652924
549	0.135841	75000	-0.113076	-124.766000
550	0.135088	75000	-0.112764	-124.878764
551	0.134337	75000	-0.112450	-124.991214
552	0.133588	75000	-0.112102	-125.103316
553	0.132843	75000	-0.111771	-125.215087
554	0.132099	75000	-0.111331	-125.326418
555	0.131358	75000	-0.111151	-125.437569
556	0.130620	75000	-0.110598	-125.548167
557	0.129884	75000	-0.110329	-125.658496
558	0.129151	75000	-0.110206	-125.768702
559	0.128420	75000	-0.109802	-125.878504
560	0.127691	75000	-0.109351	-125.987855
561	0.126965	75000	-0.108986	-126.096841
562	0.126242	75000	-0.108865	-126.205706
563	0.125521	75000	-0.108430	-126.314135
564	0.124802	75000	-0.108209	-126.422345
565	0.124086	75000	-0.107812	-126.530157
566	0.123373	75000	-0.107466	-126.637623
567	0.122662	75000	-0.106894	-126.744517
568	0.121953	75000	-0.106670	-126.851187
569	0.121247	75000	-0.106452	-126.957639
570	0.120543	75000	-0.106093	-127.063732
571	0.119842	75000	-0.105792	-127.169523
572	0.119143	75000	-0.105372	-127.274895
573	0.118447	75000	-0.105148	-127.380043
574	0.117753	75000	-0.104741	-127.484784
575	0.117062	75000	-0.104306	-127.589089
576	0.116373	75000	-0.104042	-127.693132
577	0.115686	75000	-0.103765	-127.796896
578	0.115002	75000	-0.103464	-127.900360
579	0.114320	75000	-0.103206	-128.003566
580	0.113641	75000	-0.102897	-128.106463
581	0.112964	75000	-0.102457	-128.208920
582	0.112290	75000	-0.102114	-128.311034
583	0.111618	75000	-0.101998	-128.413033
584	0.110948	75000	-0.101376	-128.514409
585	0.110281	75000	-0.101077	-128.615486
586	0.109616	75000	-0.100813	-128.716299
587	0.108954	75000	-0.100512	-128.816811
588	0.108294	75000	-0.100132	-128.916943
589	0.107637	75000	-0.099783	-129.016726
590	0.106981	75000	-0.099553	-129.116280
591	0.106329	75000	-0.099162	-129.215441
592	0.105678	75000	-0.098872	-129.314313
593	0.105030	75000	-0.098650	-129.412963
594	0.104385	75000	-0.098166	-129.511130
595	0.103742	75000	-0.097852	-129.608982
596	0.103101	75000	-0.097509	-129.706491
597	0.102463	75000	-0.097098	-129.803588
598	0.101827	75000	-0.096877	-129.900465
599	0.101193	75000	-0.096547	-129.997012
600	0.100562	75000	-0.096258	-130.093269
601	0.099933	75000	-0.095924	-130.189194
602	0.099306	75000	-0.095836	-130.285029
603	0.098682	75000	-0.095380	-130.380409
604	0.098060	75000	-0.095048	-130.475457
605	0.097441	75000	-0.094844	-130.570301
606	0.096824	75000	-0.094386	-130.664687
607	0.096209	75000	-0.094223	-130.758910
608	0.095596	75000	-0.093732	-130.852642
609	0.094986	75000	-0.093635	-130.946278
610	0.094379	75000	-0.093180	-131.039457
611	0.093773	75000	-0.092983	-131.132440
612	0.093170	75000	-0.092581	-131.225021
613	0.092570	75000	-0.092190	-131.317211
614	0.091971	75000	-0.091877	-131.409088
615	0.091375	75000	-0.091579	-131.500667
616	0.090781	75000	-0.091434	-131.592101
617	0.090190	75000	-0.091177	-131.683278
618	0.089601	75000	-0.090564	-131.773842
619	0.089014	75000	-0.090216	-131.864058
620	0.088430	75000	-0.090146	-131.954204
621	0.087848	75000	-0.089705	-132.043909
622	0.087268	75000	-0.089562	-132.133471
623	0.086690	75000	-0.089121	-132.222591
624	0.086115	75000	-0.088805	-132.311396
625	0.085542	75000	-0.088689	-132.400085
626	0.084971	75000	-0.088288	-132.488373
627	0.084403	75000	-0.087922	-132.576296
628	0.083837	75000	-0.087654	-132.663950
629	0.083273	75000	-0.087384	-132.751334
630	0.082712	75000	-0.086923	-132.838257
631	0.082152	75000	-0.086693	-132.924950
632	0.081595	75000	-0.086415	-133.011365
633	0.081041	75000	-0.086066	-133.097431
634	0.080488	75000	-0.085917	-133.183348
635	0.079938	75000	-0.085629	-133.268976
636	0.079390	75000	-0.085300	-133.354276
637	0.078845	75000	-0.084898	-133.439174
638	0.078301	75000	-0.084531	-133.523705
639	0.077760	75000	-0.084347	-133.608052
640	0.077221	75000	-0.084277	-133.692329
641	0.076684	75000	-0.083922	-133.776251
642	0.076150	75000	-0.083307	-133.859558
643	0.075618	75000	-0.083073	-133.942631
644	0.075088	75000	-0.082866	-134.025497
645	0.074560	75000	-0.082587	-134.108083
646	0.074035	75000	-0.082507	-134.190590
647	0.073512	75000	-0.082301	-134.272892
648	0.072991	75000	-0.081797	-134.354689
649	0.072472	75000	-0.081440	-134.436129
650	0.071955	75000	-0.081138	-134.517268
651	0.071441	75000	-0.080898	-134.598166
652	0.070929	75000	-0.080492	-134.678657
653	0.070419	75000	-0.080224	-134.758881
654	0.069911	75000	-0.080038	-134.838919
655	0.069406	75000	-0.079795	-134.918715
656	0.068903	75000	-0.079766	-134.998480
657	0.068401	75000	-0.079321	-135.077801
658	0.067903	75000	-0.078771	-135.156571
659	0.067406	75000	-0.078746	-135.235318
660	0.066911	75000	-0.078229	-135.313547
661	0.066419	75000	-0.078042	-135.391589
662	0.065929	75000	-0.077720	-135.469309
663	0.065441	75000	-0.077286	-135.546595
664	0.064955	75000	-0.077033	-135.623628
665	0.064471	75000	-0.076912	-135.700539
666	0.063990	75000	-0.076864	-135.777403
667	0.063510	75000	-0.076451	-135.853854
668	0.063033	75000	-0.076074	-135.929928
669	0.062558	75000	-0.075791	-136.005720
670	0.062085	75000	-0.075536	-136.081255
671	0.061615	75000	-0.075361	-136.156616
672	0.061146	75000	-0.074975	-136.231591
673	0.060680	75000	-0.074847	-136.306437
674	0.060216	75000	-0.074562	-136.380999
675	0.059753	75000	-0.074363	-136.455362
676	0.059293	75000	-0.073973	-136.529335
677	0.058836	75000	-0.073724	-136.603059
678	0.058380	75000	-0.073366	-136.676424
679	0.057926	75000	-0.073139	-136.749563
680	0.057475	75000	-0.072817	-136.822380
681	0.057025	75000	-0.072602	-136.894982
682	0.056578	75000	-0.072420	-136.967402
683	0.056133	75000	-0.072102	-137.039504
684	0.055690	75000	-0.071814	-137.111319
685	0.055249	75000	-0.071315	-137.182634
686	0.054810	75000	-0.071177	-137.253811
687	0.054373	75000	-0.070977	-137.324788
688	0.053939	75000	-0.070824	-137.395612
689	0.053506	75000	-0.070817	-137.466429
690	0.053076	75000	-0.070310	-137.536739
691	0.052647	75000	-0.070030	-137.606769
692	0.052221	75000	-0.069774	-137.676543
693	0.051797	75000	-0.069688	-137.746231
694	0.051375	75000	-0.069210	-137.815441
695	0.050955	75000	-0.068843	-137.884285
696	0.050537	75000	-0.068504	-137.952789
697	0.050121	75000	-0.068524	-138.021313
698	0.049707	75000	-0.068475	-138.089788
699	0.049295	75000	-0.068115	-138.157903
700	0.048885	75000	-0.067629	-138.225532
701	0.048478	75000	-0.067464	-138.292996
702	0.048072	75000	-0.067172	-138.360169
703	0.047668	75000	-0.066965	-138.427134
704	0.047267	75000	-0.066640	-138.493774
705	0.046867	75000	-0.066315	-138.560089
706	0.046470	75000	-0.066210	-138.626298
707	0.046074	75000	-0.066137	-138.692436
708	0.045681	75000	-0.065656	-138.758092
709	0.045289	75000	-0.065620	-138.823712
710	0.044900	75000	-0.065084	-138.888795
711	0.044512	75000	-0.065083	-138.953878
712	0.044127	75000	-0.064860	-139.018737
713	0.043744	75000	-0.064655	-139.083393
714	0.043362	75000	-0.064560	-139.147953
715	0.042983	75000	-0.064000	-139.211953
716	0.042606	75000	-0.063855	-139.275807
717	0.042230	75000	-0.063875	-139.339682
718	0.041857	75000	-0.063465	-139.403147
719	0.041485	75000	-0.063323	-139.466470
720	0.041116	75000	-0.062830	-139.529300
721	0.040749	75000	-0.062675	-139.591975
722	0.040383	75000	-0.062722	-139.654697
723	0.040020	75000	-0.062125	-139.716822
724	0.039658	75000	-0.062277	-139.779099
725	0.039299	75000	-0.061884	-139.840983
726	0.038941	75000	-0.061357	-139.902340
727	0.038585	75000	-0.061511	-139.963852
728	0.038232	75000	-0.061303	-140.025154
729	0.037880	75000	-0.061068	-140.086222
730	0.037530	75000	-0.060798	-140.147019
731	0.037182	75000	-0.060418	-140.207437
732	0.036836	75000	-0.060318	-140.267755
733	0.036493	75000	-0.059978	-140.327733
734	0.036151	75000	-0.060216	-140.387949
735	0.035810	75000	-0.059571	-140.447520
736	0.035472	75000	-0.059445	-140.506965
737	0.035136	75000	-0.059283	-140.566248
738	0.034802	75000	-0.058806	-140.625054
739	0.034469	75000	-0.058901	-140.683955
740	0.034139	75000	-0.058266	-140.742221
741	0.033810	75000	-0.058337	-140.800558
742	0.033484	75000	-0.057961	-140.858520
743	0.033159	75000	-0.057654	-140.916173
744	0.032836	75000	-0.057914	-140.974087
745	0.032515	75000	-0.057497	-141.031584
746	0.032196	75000	-0.057427	-141.089011
747	0.031879	75000	-0.057059	-141.146070
748	0.031563	75000	-0.056908	-141.202979
749	0.031250	75000	-0.056853	-141.259831
750	0.030938	75000	-0.056524	-141.316355
751	0.030629	75000	-0.056338	-141.372693
752	0.030321	75000	-0.056404	-141.429097
753	0.030015	75000	-0.056118	-141.485215
754	0.029711	75000	-0.056335	-141.541549
755	0.029409	75000	-0.055960	-141.597509
756	0.029108	75000	-0.055309	-141.652819
757	0.028810	75000	-0.055324	-141.708143
758	0.028513	75000	-0.055199	-141.763342
759	0.028218	75000	-0.055000	-141.818343
760	0.027925	75000	-0.054972	-141.873314
761	0.027634	75000	-0.054591	-141.927905
762	0.027345	75000	-0.054425	-141.982330
763	0.027057	75000	-0.054403	-142.036733
764	0.026771	75000	-0.054394	-142.091127
765	0.026487	75000	-0.053778	-142.144904
766	0.026205	75000	-0.053687	-142.198591
767	0.025925	75000	-0.053630	-142.252221
768	0.025647	75000	-0.053601	-142.305823
769	0.025370	75000	-0.053457	-142.359280
770	0.025095	75000	-0.052908	-142.412188
771	0.024822	75000	-0.053149	-142.465337
772	0.024551	75000	-0.053097	-142.518434
773	0.024281	75000	-0.052405	-142.570839
774	0.024014	75000	-0.052963	-142.623802
775	0.023748	75000	-0.052194	-142.675997
776	0.023483	75000	-0.052607	-142.728604
777	0.023221	75000	-0.052251	-142.780855
778	0.022960	75000	-0.051634	-142.832489
779	0.022702	75000	-0.052209	-142.884699
780	0.022445	75000	-0.052123	-142.936822
781	0.022189	75000	-0.051363	-142.988185
782	0.021936	75000	-0.051758	-143.039943
783	0.021684	75000	-0.051733	-143.091676
784	0.021434	75000	-0.051411	-143.143088
785	0.021185	75000	-0.051159	-143.194247
786	0.020939	75000	-0.051438	-143.245685
787	0.020694	75000	-0.051438	-143.297123
788	0.020451	75000	-0.050583	-143.347705
789	0.020209	75000	-0.051087	-143.398792
790	0.019969	75000	-0.050934	-143.449726
791	0.019731	75000	-0.051115	-143.500842
792	0.019495	75000	-0.051020	-143.551862
793	0.019261	75000	-0.050884	-143.602746
794	0.019028	75000	-0.050488	-143.653234
795	0.018796	75000	-0.051443	-143.704677
796	0.018567	75000	-0.050661	-143.755338
797	0.018339	75000	-0.051028	-143.806366
798	0.018113	75000	-0.050702	-143.857068
799	0.017889	75000	-0.050554	-143.907622
800	0.017666	75000	-0.050249	-143.957871
801	0.017445	75000	-0.050348	-144.008219
802	0.017225	75000	-0.050336	-144.058555
803	0.017007	75000	-0.050605	-144.109160
804	0.016791	75000	-0.050303	-144.159464
805	0.016577	75000	-0.049477	-144.208941
806	0.016364	75000	-0.050180	-144.259120
807	0.016153	75000	-0.050172	-144.309292
808	0.015943	75000	-0.050511	-144.359803
809	0.015736	75000	-0.049774	-144.409577
810	0.015529	75000	-0.050053	-144.459630
811	0.015325	75000	-0.050336	-144.509966
812	0.015122	75000	-0.049697	-144.559663
813	0.014920	75000	-0.050138	-144.609801
814	0.014721	75000	-0.050317	-144.660118
815	0.014523	75000	-0.050908	-144.711026
816	0.014326	75000	-0.049704	-144.760730
817	0.014131	75000	-0.050234	-144.810964
818	0.013938	75000	-0.050552	-144.861516
819	0.013746	75000	-0.050644	-144.912160
820	0.013556	75000	-0.050418	-144.962578
821	0.013367	75000	-0.050912	-145.013490
822	0.013181	75000	-0.050853	-145.064342
823	0.012995	75000	-0.051289	-145.115631
824	0.012811	75000	-0.051579	-145.167210
825	0.012629	75000	-0.052055	-145.219266
826	0.012448	75000	-0.052507	-145.271773
827	0.012269	75000	-0.051200	-145.322973
828	0.012092	75000	-0.052924	-145.375897
829	0.011916	75000	-0.052312	-145.428210
830	0.011741	75000	-0.052575	-145.480785
831	0.011568	75000	-0.053046	-145.533831
832	0.011397	75000	-0.053889	-145.587720
833	0.011227	75000	-0.053638	-145.641358
834	0.011059	75000	-0.054398	-145.695756
835	0.010892	75000	-0.054856	-145.750612
836	0.010727	75000	-0.054479	-145.805091
837	0.010563	75000	-0.055840	-145.860930
838	0.010401	75000	-0.055532	-145.916463
839	0.010240	75000	-0.055171	-145.971634
840	0.010081	75000	-0.056274	-146.027908
841	0.009923	75000	-0.055962	-146.083871
842	0.009767	75000	-0.058519	-146.142390
843	0.009612	75000	-0.058178	-146.200568
844	0.009459	75000	-0.057654	-146.258221
845	0.009307	75000	-0.058742	-146.316963
846	0.009156	75000	-0.058388	-146.375351
847	0.009008	75000	-0.061099	-146.436450
848	0.008860	75000	-0.059969	-146.496419
849	0.008714	75000	-0.062093	-146.558512
850	0.008570	75000	-0.062777	-146.621290
851	0.008427	75000	-0.063627	-146.684916
852	0.008285	75000	-0.065262	-146.750178
853	0.008145	75000	-0.064461	-146.814639
854	0.008006	75000	-0.066585	-146.881224
855	0.007869	75000	-0.066759	-146.947983
856	0.007733	75000	-0.068301	-147.016284
857	0.007598	75000	-0.069176	-147.085460
858	0.007465	75000	-0.068141	-147.153601
859	0.007334	75000	-0.072762	-147.226363
860	0.007203	75000	-0.072457	-147.298820
861	0.007075	75000	-0.071548	-147.370368
862	0.006947	75000	-0.073433	-147.443801
863	0.006821	75000	-0.071391	-147.515192
864	0.006696	75000	-0.076629	-147.591821
865	0.006573	75000	-0.076768	-147.668589
866	0.006451	75000	-0.078356	-147.746945
867	0.006330	75000	-0.078484	-147.825429
868	0.006211	75000	-0.081131	-147.906560
869	0.006093	75000	-0.082071	-147.988631
870	0.005977	75000	-0.081935	-148.070566
871	0.005862	75000	-0.085784	-148.156350
872	0.005748	75000	-0.086403	-148.242753
873	0.005635	75000	-0.088380	-148.331134
874	0.005524	75000	-0.086601	-148.417735
875	0.005414	75000	-0.089199	-148.506934
876	0.005306	75000	-0.090682	-148.597616
877	0.005199	75000	-0.089752	-148.687368
878	0.005093	75000	-0.091448	-148.778815
879	0.004988	75000	-0.092607	-148.871423
880	0.004885	75000	-0.095168	-148.966591
881	0.004783	75000	-0.093376	-149.059967
882	0.004682	75000	-0.095762	-149.155729
883	0.004583	75000	-0.097525	-149.253254
884	0.004485	75000	-0.098257	-149.351511
885	0.004388	75000	-0.098887	-149.450398
886	0.004292	75000	-0.101072	-149.551469
887	0.004198	75000	-0.099873	-149.651342
888	0.004105	75000	-0.098492	-149.749834
889	0.004013	75000	-0.099969	-149.849803
890	0.003923	75000	-0.101662	-149.951464
891	0.003833	75000	-0.100808	-150.052272
892	0.003745	75000	-0.101330	-150.153602
893	0.003658	75000	-0.103238	-150.256840
894	0.003573	75000	-0.102359	-150.359199
895	0.003488	75000	-0.104030	-150.463229
896	0.003405	75000	-0.102673	-150.565902
897	0.003323	75000	-0.102629	-150.668531
898	0.003242	75000	-0.104700	-150.773231
899	0.003162	75000	-0.103589	-150.876820
900	0.003084	75000	-0.102264	-150.979084
901	0.003007	75000	-0.101394	-151.080478
902	0.002930	75000	-0.102743	-151.183221
903	0.002855	75000	-0.100771	-151.283992
904	0.002782	75000	-0.100474	-151.384466
905	0.002709	75000	-0.100598	-151.485064
906	0.002638	75000	-0.101359	-151.586423
907	0.002567	75000	-0.099300	-151.685722
908	0.002498	75000	-0.098791	-151.784513
909	0.002430	75000	-0.098507	-151.883020
910	0.002363	75000	-0.096998	-151.980018
911	0.002297	75000	-0.095837	-152.075855
912	0.002233	75000	-0.095654	-152.171509
913	0.002169	75000	-0.094357	-152.265866
914	0.002106	75000	-0.095331	-152.361197
915	0.002045	75000	-0.093136	-152.454333
916	0.001985	75000	-0.091713	-152.546046
917	0.001925	75000	-0.091315	-152.637361
918	0.001867	75000	-0.090682	-152.728043
919	0.001810	75000	-0.089163	-152.817207
920	0.001754	75000	-0.088701	-152.905907
921	0.001699	75000	-0.086908	-152.992816
922	0.001645	75000	-0.086088	-153.078904
923	0.001592	75000	-0.084034	-153.162937
924	0.001540	75000	-0.083509	-153.246447
925	0.001490	75000	-0.081838	-153.328285
926	0.001440	75000	-0.080251	-153.408536
927	0.001391	75000	-0.079741	-153.488277
928	0.001343	75000	-0.077987	-153.566264
929	0.001296	75000	-0.076766	-153.643030
930	0.001251	75000	-0.075828	-153.718858
931	0.001206	75000	-0.074214	-153.793071
932	0.001162	75000	-0.073317	-153.866388
933	0.001119	75000	-0.071875	-153.938263
934	0.001077	75000	-0.070543	-154.008806
935	0.001036	75000	-0.069186	-154.077992
936	0.000996	75000	-0.067827	-154.145819
937	0.000957	75000	-0.066285	-154.212104
938	0.000919	75000	-0.065000	-154.277104
939	0.000882	75000	-0.063960	-154.341065
940	0.000846	75000	-0.062330	-154.403395
941	0.000810	75000	-0.060515	-154.463910
942	0.000776	75000	-0.059100	-154.523010
943	0.000742	75000	-0.058359	-154.581369
944	0.000709	75000	-0.056447	-154.637816
945	0.000678	75000	-0.055189	-154.693006
946	0.000647	75000	-0.054235	-154.747240
947	0.000617	75000	-0.052405	-154.799645
948	0.000587	75000	-0.050942	-154.850587
949	0.000559	75000	-0.049619	-154.900206
950	0.000531	75000	-0.048314	-154.948520
951	0.000505	75000	-0.046885	-154.995405
952	0.000479	75000	-0.045452	-155.040857
953	0.000454	75000	-0.044159	-155.085017
954	0.000430	75000	-0.042835	-155.127852
955	0.000406	75000	-0.041560	-155.169412
956	0.000383	75000	-0.040298	-155.209711
957	0.000362	75000	-0.038919	-155.248629
958	0.000340	75000	-0.037439	-155.286069
959	0.000320	75000	-0.036081	-155.322150
960	0.000300	75000	-0.034935	-155.357085
961	0.000281	75000	-0.033608	-155.390692
962	0.000263	75000	-0.032472	-155.423164
963	0.000246	75000	-0.031084	-155.454248
964	0.000229	75000	-0.029690	-155.483938
965	0.000213	75000	-0.028639	-155.512578
966	0.000198	75000	-0.027563	-155.540141
967	0.000183	75000	-0.026120	-155.566261
968	0.000169	75000	-0.025021	-155.591281
969	0.000156	75000	-0.023904	-155.615185
970	0.000143	75000	-0.022750	-155.637935
971	0.000131	75000	-0.021712	-155.659647
972	0.000120	75000	-0.020562	-155.680209
973	0.000109	75000	-0.019384	-155.699593
974	0.000099	75000	-0.018387	-155.717981
975	0.000089	75000	-0.017334	-155.735314
976	0.000080	75000	-0.016314	-155.751629
977	0.000072	75000	-0.015275	-155.766903
978	0.000064	75000	-0.014242	-155.781145
979	0.000057	75000	-0.013292	-155.794437
980	0.000050	75000	-0.012306	-155.806743
981	0.000043	75000	-0.011401	-155.818143
982	0.000038	75000	-0.010440	-155.828583
983	0.000032	75000	-0.009608	-155.838191
984	0.000028	75000	-0.008752	-155.846943
985	0.000023	75000	-0.007891	-155.854834
986	0.000019	75000	-0.007072	-155.861906
987	0.000016	75000	-0.006335	-155.868241
988	0.000013	75000	-0.005589	-155.873830
989	0.000010	75000	-0.004874	-155.878705
990	0.000008	75000	-0.004203	-155.882908
991	0.000006	75000	-0.003551	-155.886459
992	0.000004	75000	-0.002959	-155.889417
993	0.000003	75000	-0.002377	-155.891794
994	0.000002	75000	-0.001852	-155.893646
995	0.000001	75000	-0.001370	-155.895016
996	0.000000	75000	-0.000939	-155.895955
997	0.000000	75000	-0.000570	-155.896525
998	0.000000	75000	-0.000267	-155.896791
999	0.000000	75000	-0.000058	-155.896849
Log marginal likelihood:	-155.896849
