Steppingstone sampler:
        No Stones:                  1000
        Start It:                   10000001
        It Per Stone:               100000
        Sample Freq:                1
        Dist:                       Beta(0.400000,1.000000)
Stone No	Power	N	Stone MLh	Running MLh
0	0.997502	75000	-0.494288	-0.494288
1	0.995007	75000	-0.493565	-0.987852
2	0.992517	75000	-0.492832	-1.480685
3	0.990030	75000	-0.492136	-1.972820
4	0.987547	75000	-0.491350	-2.464170
5	0.985067	75000	-0.490637	-2.954807
6	0.982592	75000	-0.489940	-3.444748
7	0.980120	75000	-0.489180	-3.933928
8	0.977652	75000	-0.488465	-4.422393
9	0.975187	75000	-0.487660	-4.910053
10	0.972726	75000	-0.486995	-5.397048
11	0.970269	75000	-0.486231	-5.883279
12	0.967816	75000	-0.485527	-6.368806
13	0.965367	75000	-0.484755	-6.853560
14	0.962921	75000	-0.484053	-7.337614
15	0.960479	75000	-0.483327	-7.820940
16	0.958040	75000	-0.482583	-8.303524
17	0.955606	75000	-0.481895	-8.785418
18	0.953175	75000	-0.481119	-9.266538
19	0.950747	75000	-0.480404	-9.746942
20	0.948324	75000	-0.479653	-10.226595
21	0.945904	75000	-0.478912	-10.705507
22	0.943488	75000	-0.478259	-11.183766
23	0.941076	75000	-0.477440	-11.661207
24	0.938667	75000	-0.476767	-12.137973
25	0.936262	75000	-0.476009	-12.613982
26	0.933861	75000	-0.475414	-13.089396
27	0.931463	75000	-0.474537	-13.563933
28	0.929069	75000	-0.473811	-14.037744
29	0.926679	75000	-0.473126	-14.510870
30	0.924293	75000	-0.472475	-14.983345
31	0.921910	75000	-0.471678	-15.455023
32	0.919531	75000	-0.470930	-15.925954
33	0.917155	75000	-0.470246	-16.396200
34	0.914783	75000	-0.469516	-16.865716
35	0.912415	75000	-0.468880	-17.334596
36	0.910051	75000	-0.468052	-17.802648
37	0.907690	75000	-0.467374	-18.270023
38	0.905333	75000	-0.466598	-18.736620
39	0.902980	75000	-0.465879	-19.202499
40	0.900630	75000	-0.465174	-19.667673
41	0.898284	75000	-0.464524	-20.132197
42	0.895942	75000	-0.463704	-20.595902
43	0.893603	75000	-0.462967	-21.058869
44	0.891268	75000	-0.462310	-21.521178
45	0.888937	75000	-0.461575	-21.982754
46	0.886609	75000	-0.460891	-22.443644
47	0.884285	75000	-0.460135	-22.903779
48	0.881965	75000	-0.459473	-23.363252
49	0.879648	75000	-0.458620	-23.821872
50	0.877335	75000	-0.457974	-24.279846
51	0.875026	75000	-0.457348	-24.737194
52	0.872720	75000	-0.456586	-25.193780
53	0.870418	75000	-0.455849	-25.649629
54	0.868120	75000	-0.455147	-26.104775
55	0.865825	75000	-0.454448	-26.559223
56	0.863534	75000	-0.453677	-27.012901
57	0.861246	75000	-0.452988	-27.465888
58	0.858962	75000	-0.452325	-27.918213
59	0.856682	75000	-0.451558	-28.369771
60	0.854405	75000	-0.450848	-28.820619
61	0.852132	75000	-0.450155	-29.270774
62	0.849863	75000	-0.449433	-29.720207
63	0.847597	75000	-0.448695	-30.168902
64	0.845335	75000	-0.447985	-30.616888
65	0.843077	75000	-0.447290	-31.064177
66	0.840822	75000	-0.446594	-31.510771
67	0.838571	75000	-0.445872	-31.956642
68	0.836323	75000	-0.445132	-32.401774
69	0.834079	75000	-0.444467	-32.846241
70	0.831839	75000	-0.443748	-33.289989
71	0.829602	75000	-0.443039	-33.733028
72	0.827369	75000	-0.442335	-34.175363
73	0.825140	75000	-0.441627	-34.616990
74	0.822914	75000	-0.440927	-35.057917
75	0.820691	75000	-0.440251	-35.498168
76	0.818473	75000	-0.439469	-35.937637
77	0.816258	75000	-0.438784	-36.376421
78	0.814046	75000	-0.438073	-36.814494
79	0.811838	75000	-0.437381	-37.251875
80	0.809634	75000	-0.436702	-37.688577
81	0.807433	75000	-0.435957	-38.124534
82	0.805236	75000	-0.435332	-38.559866
83	0.803043	75000	-0.434593	-38.994460
84	0.800853	75000	-0.433860	-39.428319
85	0.798667	75000	-0.433147	-39.861466
86	0.796484	75000	-0.432459	-40.293926
87	0.794305	75000	-0.431830	-40.725755
88	0.792129	75000	-0.431083	-41.156838
89	0.789957	75000	-0.430344	-41.587182
90	0.787789	75000	-0.429694	-42.016877
91	0.785624	75000	-0.428977	-42.445853
92	0.783463	75000	-0.428307	-42.874161
93	0.781305	75000	-0.427506	-43.301667
94	0.779151	75000	-0.426835	-43.728502
95	0.777000	75000	-0.426040	-44.154541
96	0.774853	75000	-0.425440	-44.579982
97	0.772710	75000	-0.424789	-45.004770
98	0.770570	75000	-0.424061	-45.428831
99	0.768433	75000	-0.423418	-45.852250
100	0.766301	75000	-0.422683	-46.274933
101	0.764172	75000	-0.421953	-46.696886
102	0.762046	75000	-0.421251	-47.118137
103	0.759924	75000	-0.420520	-47.538657
104	0.757805	75000	-0.419873	-47.958530
105	0.755690	75000	-0.419241	-48.377771
106	0.753579	75000	-0.418439	-48.796210
107	0.751471	75000	-0.417822	-49.214033
108	0.749366	75000	-0.417101	-49.631134
109	0.747266	75000	-0.416473	-50.047607
110	0.745168	75000	-0.415670	-50.463277
111	0.743075	75000	-0.415050	-50.878326
112	0.740984	75000	-0.414331	-51.292657
113	0.738898	75000	-0.413653	-51.706311
114	0.736815	75000	-0.412936	-52.119247
115	0.734735	75000	-0.412262	-52.531509
116	0.732659	75000	-0.411610	-52.943119
117	0.730586	75000	-0.410937	-53.354056
118	0.728517	75000	-0.410186	-53.764242
119	0.726452	75000	-0.409465	-54.173707
120	0.724390	75000	-0.408776	-54.582483
121	0.722331	75000	-0.408097	-54.990580
122	0.720276	75000	-0.407480	-55.398060
123	0.718225	75000	-0.406783	-55.804843
124	0.716177	75000	-0.406051	-56.210894
125	0.714132	75000	-0.405396	-56.616291
126	0.712091	75000	-0.404693	-57.020983
127	0.710054	75000	-0.403948	-57.424931
128	0.708020	75000	-0.403306	-57.828237
129	0.705989	75000	-0.402629	-58.230866
130	0.703962	75000	-0.402014	-58.632880
131	0.701939	75000	-0.401285	-59.034165
132	0.699919	75000	-0.400572	-59.434737
133	0.697902	75000	-0.399852	-59.834589
134	0.695889	75000	-0.399202	-60.233791
135	0.693880	75000	-0.398565	-60.632356
136	0.691874	75000	-0.397880	-61.030235
137	0.689871	75000	-0.397140	-61.427375
138	0.687872	75000	-0.396520	-61.823895
139	0.685877	75000	-0.395833	-62.219728
140	0.683885	75000	-0.395139	-62.614868
141	0.681896	75000	-0.394442	-63.009310
142	0.679911	75000	-0.393767	-63.403076
143	0.677929	75000	-0.393104	-63.796180
144	0.675951	75000	-0.392377	-64.188557
145	0.673976	75000	-0.391701	-64.580259
146	0.672005	75000	-0.391042	-64.971301
147	0.670037	75000	-0.390393	-65.361693
148	0.668073	75000	-0.389627	-65.751321
149	0.666112	75000	-0.388969	-66.140290
150	0.664155	75000	-0.388348	-66.528638
151	0.662201	75000	-0.387656	-66.916294
152	0.660250	75000	-0.386974	-67.303268
153	0.658303	75000	-0.386282	-67.689550
154	0.656359	75000	-0.385627	-68.075177
155	0.654419	75000	-0.384952	-68.460130
156	0.652483	75000	-0.384287	-68.844417
157	0.650549	75000	-0.383610	-69.228027
158	0.648619	75000	-0.382980	-69.611007
159	0.646693	75000	-0.382302	-69.993310
160	0.644770	75000	-0.381661	-70.374970
161	0.642851	75000	-0.380850	-70.755821
162	0.640934	75000	-0.380177	-71.135998
163	0.639022	75000	-0.379543	-71.515541
164	0.637113	75000	-0.378908	-71.894449
165	0.635207	75000	-0.378213	-72.272662
166	0.633304	75000	-0.377542	-72.650203
167	0.631405	75000	-0.376899	-73.027102
168	0.629510	75000	-0.376252	-73.403354
169	0.627618	75000	-0.375460	-73.778815
170	0.625729	75000	-0.374877	-74.153692
171	0.623844	75000	-0.374170	-74.527862
172	0.621962	75000	-0.373499	-74.901361
173	0.620083	75000	-0.372840	-75.274201
174	0.618208	75000	-0.372169	-75.646370
175	0.616337	75000	-0.371500	-76.017870
176	0.614468	75000	-0.370827	-76.388697
177	0.612604	75000	-0.370167	-76.758864
178	0.610742	75000	-0.369594	-77.128457
179	0.608884	75000	-0.368878	-77.497335
180	0.607029	75000	-0.368178	-77.865513
181	0.605178	75000	-0.367552	-78.233065
182	0.603330	75000	-0.366828	-78.599893
183	0.601486	75000	-0.366234	-78.966127
184	0.599645	75000	-0.365526	-79.331653
185	0.597807	75000	-0.364899	-79.696552
186	0.595973	75000	-0.364276	-80.060828
187	0.594142	75000	-0.363587	-80.424415
188	0.592314	75000	-0.362900	-80.787315
189	0.590490	75000	-0.362216	-81.149531
190	0.588669	75000	-0.361609	-81.511140
191	0.586852	75000	-0.360962	-81.872102
192	0.585038	75000	-0.360298	-82.232400
193	0.583227	75000	-0.359546	-82.591945
194	0.581420	75000	-0.358889	-82.950835
195	0.579616	75000	-0.358285	-83.309120
196	0.577815	75000	-0.357656	-83.666776
197	0.576018	75000	-0.356963	-84.023739
198	0.574224	75000	-0.356281	-84.380020
199	0.572433	75000	-0.355669	-84.735689
200	0.570646	75000	-0.354996	-85.090685
201	0.568862	75000	-0.354336	-85.445020
202	0.567082	75000	-0.353740	-85.798760
203	0.565305	75000	-0.352981	-86.151741
204	0.563531	75000	-0.352320	-86.504061
205	0.561761	75000	-0.351682	-86.855743
206	0.559993	75000	-0.351117	-87.206860
207	0.558230	75000	-0.350364	-87.557224
208	0.556469	75000	-0.349819	-87.907043
209	0.554712	75000	-0.349128	-88.256170
210	0.552958	75000	-0.348424	-88.604595
211	0.551208	75000	-0.347834	-88.952429
212	0.549461	75000	-0.347191	-89.299620
213	0.547717	75000	-0.346554	-89.646175
214	0.545977	75000	-0.345826	-89.992001
215	0.544240	75000	-0.345173	-90.337174
216	0.542506	75000	-0.344570	-90.681743
217	0.540775	75000	-0.343869	-91.025613
218	0.539048	75000	-0.343415	-91.369028
219	0.537324	75000	-0.342602	-91.711630
220	0.535604	75000	-0.341987	-92.053617
221	0.533887	75000	-0.341336	-92.394953
222	0.532173	75000	-0.340658	-92.735611
223	0.530462	75000	-0.340049	-93.075660
224	0.528755	75000	-0.339323	-93.414982
225	0.527051	75000	-0.338703	-93.753686
226	0.525350	75000	-0.338080	-94.091766
227	0.523653	75000	-0.337460	-94.429226
228	0.521958	75000	-0.336818	-94.766044
229	0.520268	75000	-0.336123	-95.102167
230	0.518580	75000	-0.335475	-95.437643
231	0.516896	75000	-0.334871	-95.772514
232	0.515215	75000	-0.334184	-96.106698
233	0.513537	75000	-0.333578	-96.440276
234	0.511863	75000	-0.332916	-96.773192
235	0.510192	75000	-0.332320	-97.105512
236	0.508524	75000	-0.331637	-97.437149
237	0.506859	75000	-0.330993	-97.768141
238	0.505198	75000	-0.330412	-98.098554
239	0.503540	75000	-0.329674	-98.428228
240	0.501885	75000	-0.329152	-98.757380
241	0.500234	75000	-0.328341	-99.085721
242	0.498586	75000	-0.327874	-99.413595
243	0.496941	75000	-0.327106	-99.740701
244	0.495299	75000	-0.326513	-100.067213
245	0.493660	75000	-0.325886	-100.393099
246	0.492025	75000	-0.325276	-100.718376
247	0.490393	75000	-0.324718	-101.043094
248	0.488765	75000	-0.323944	-101.367038
249	0.487139	75000	-0.323329	-101.690367
250	0.485517	75000	-0.322733	-102.013100
251	0.483898	75000	-0.322110	-102.335211
252	0.482283	75000	-0.321497	-102.656708
253	0.480670	75000	-0.320792	-102.977500
254	0.479061	75000	-0.320241	-103.297741
255	0.477455	75000	-0.319503	-103.617244
256	0.475852	75000	-0.318993	-103.936238
257	0.474253	75000	-0.318277	-104.254515
258	0.472656	75000	-0.317672	-104.572187
259	0.471063	75000	-0.317117	-104.889305
260	0.469474	75000	-0.316419	-105.205723
261	0.467887	75000	-0.315803	-105.521526
262	0.466304	75000	-0.315174	-105.836700
263	0.464723	75000	-0.314525	-106.151225
264	0.463146	75000	-0.313898	-106.465123
265	0.461573	75000	-0.313231	-106.778355
266	0.460002	75000	-0.312637	-107.090992
267	0.458435	75000	-0.312027	-107.403018
268	0.456871	75000	-0.311400	-107.714418
269	0.455310	75000	-0.310817	-108.025235
270	0.453752	75000	-0.310194	-108.335430
271	0.452198	75000	-0.309471	-108.644900
272	0.450647	75000	-0.308823	-108.953723
273	0.449098	75000	-0.308241	-109.261964
274	0.447554	75000	-0.307685	-109.569649
275	0.446012	75000	-0.307006	-109.876655
276	0.444473	75000	-0.306450	-110.183104
277	0.442938	75000	-0.305873	-110.488978
278	0.441406	75000	-0.305241	-110.794219
279	0.439877	75000	-0.304548	-111.098767
280	0.438351	75000	-0.303909	-111.402676
281	0.436829	75000	-0.303243	-111.705920
282	0.435309	75000	-0.302687	-112.008606
283	0.433793	75000	-0.302121	-112.310727
284	0.432280	75000	-0.301461	-112.612188
285	0.430770	75000	-0.300756	-112.912944
286	0.429263	75000	-0.300117	-113.213061
287	0.427760	75000	-0.299528	-113.512589
288	0.426259	75000	-0.298919	-113.811507
289	0.424762	75000	-0.298352	-114.109859
290	0.423268	75000	-0.297687	-114.407546
291	0.421777	75000	-0.297117	-114.704663
292	0.420289	75000	-0.296440	-115.001103
293	0.418805	75000	-0.295935	-115.297038
294	0.417323	75000	-0.295203	-115.592241
295	0.415845	75000	-0.294615	-115.886856
296	0.414370	75000	-0.294057	-116.180913
297	0.412898	75000	-0.293390	-116.474303
298	0.411429	75000	-0.292827	-116.767130
299	0.409963	75000	-0.292189	-117.059319
300	0.408501	75000	-0.291561	-117.350880
301	0.407041	75000	-0.291057	-117.641938
302	0.405585	75000	-0.290258	-117.932196
303	0.404132	75000	-0.289667	-118.221863
304	0.402682	75000	-0.289196	-118.511060
305	0.401235	75000	-0.288570	-118.799630
306	0.399791	75000	-0.287909	-119.087539
307	0.398350	75000	-0.287258	-119.374796
308	0.396913	75000	-0.286622	-119.661418
309	0.395478	75000	-0.286042	-119.947460
310	0.394047	75000	-0.285388	-120.232848
311	0.392619	75000	-0.284788	-120.517637
312	0.391194	75000	-0.284256	-120.801893
313	0.389772	75000	-0.283672	-121.085565
314	0.388353	75000	-0.283021	-121.368586
315	0.386937	75000	-0.282385	-121.650971
316	0.385524	75000	-0.281805	-121.932776
317	0.384115	75000	-0.281260	-122.214036
318	0.382708	75000	-0.280653	-122.494689
319	0.381305	75000	-0.280057	-122.774746
320	0.379904	75000	-0.279420	-123.054167
321	0.378507	75000	-0.278799	-123.332965
322	0.377113	75000	-0.278179	-123.611144
323	0.375722	75000	-0.277502	-123.888647
324	0.374334	75000	-0.276996	-124.165643
325	0.372949	75000	-0.276422	-124.442066
326	0.371567	75000	-0.275810	-124.717875
327	0.370189	75000	-0.275114	-124.992989
328	0.368813	75000	-0.274698	-125.267687
329	0.367440	75000	-0.273971	-125.541658
330	0.366071	75000	-0.273367	-125.815025
331	0.364705	75000	-0.272858	-126.087883
332	0.363341	75000	-0.272198	-126.360081
333	0.361981	75000	-0.271641	-126.631722
334	0.360624	75000	-0.271017	-126.902739
335	0.359269	75000	-0.270424	-127.173163
336	0.357918	75000	-0.269821	-127.442984
337	0.356570	75000	-0.269321	-127.712305
338	0.355225	75000	-0.268687	-127.980991
339	0.353883	75000	-0.268156	-128.249148
340	0.352544	75000	-0.267465	-128.516612
341	0.351208	75000	-0.266788	-128.783400
342	0.349875	75000	-0.266253	-129.049654
343	0.348546	75000	-0.265733	-129.315387
344	0.347219	75000	-0.265057	-129.580444
345	0.345895	75000	-0.264494	-129.844938
346	0.344574	75000	-0.263901	-130.108838
347	0.343257	75000	-0.263272	-130.372110
348	0.341942	75000	-0.262748	-130.634858
349	0.340630	75000	-0.262127	-130.896985
350	0.339322	75000	-0.261646	-131.158630
351	0.338016	75000	-0.260989	-131.419620
352	0.336714	75000	-0.260360	-131.679980
353	0.335414	75000	-0.259795	-131.939775
354	0.334118	75000	-0.259124	-132.198899
355	0.332824	75000	-0.258619	-132.457518
356	0.331534	75000	-0.258083	-132.715600
357	0.330246	75000	-0.257453	-132.973054
358	0.328962	75000	-0.256917	-133.229971
359	0.327680	75000	-0.256258	-133.486229
360	0.326401	75000	-0.255746	-133.741975
361	0.325126	75000	-0.255144	-133.997119
362	0.323853	75000	-0.254548	-134.251667
363	0.322584	75000	-0.254010	-134.505677
364	0.321317	75000	-0.253267	-134.758944
365	0.320054	75000	-0.252715	-135.011659
366	0.318793	75000	-0.252254	-135.263913
367	0.317536	75000	-0.251591	-135.515504
368	0.316281	75000	-0.251053	-135.766557
369	0.315030	75000	-0.250310	-136.016867
370	0.313781	75000	-0.249840	-136.266707
371	0.312535	75000	-0.249218	-136.515925
372	0.311293	75000	-0.248648	-136.764573
373	0.310053	75000	-0.248212	-137.012785
374	0.308816	75000	-0.247557	-137.260342
375	0.307582	75000	-0.246983	-137.507325
376	0.306352	75000	-0.246414	-137.753740
377	0.305124	75000	-0.245759	-137.999498
378	0.303899	75000	-0.245302	-138.244800
379	0.302677	75000	-0.244565	-138.489365
380	0.301458	75000	-0.244047	-138.733412
381	0.300242	75000	-0.243563	-138.976975
382	0.299029	75000	-0.242950	-139.219926
383	0.297819	75000	-0.242428	-139.462354
384	0.296611	75000	-0.241845	-139.704199
385	0.295407	75000	-0.241183	-139.945382
386	0.294206	75000	-0.240662	-140.186044
387	0.293007	75000	-0.240231	-140.426275
388	0.291812	75000	-0.239547	-140.665822
389	0.290619	75000	-0.238960	-140.904781
390	0.289430	75000	-0.238348	-141.143129
391	0.288243	75000	-0.237748	-141.380878
392	0.287059	75000	-0.237237	-141.618115
393	0.285879	75000	-0.236700	-141.854815
394	0.284701	75000	-0.236020	-142.090835
395	0.283526	75000	-0.235557	-142.326392
396	0.282354	75000	-0.234901	-142.561293
397	0.281184	75000	-0.234417	-142.795710
398	0.280018	75000	-0.233877	-143.029588
399	0.278855	75000	-0.233231	-143.262819
400	0.277694	75000	-0.232646	-143.495465
401	0.276537	75000	-0.232154	-143.727619
402	0.275382	75000	-0.231635	-143.959255
403	0.274230	75000	-0.231116	-144.190370
404	0.273082	75000	-0.230438	-144.420808
405	0.271936	75000	-0.229846	-144.650654
406	0.270793	75000	-0.229199	-144.879854
407	0.269652	75000	-0.228801	-145.108655
408	0.268515	75000	-0.228189	-145.336844
409	0.267381	75000	-0.227567	-145.564411
410	0.266249	75000	-0.227109	-145.791520
411	0.265121	75000	-0.226574	-146.018094
412	0.263995	75000	-0.225950	-146.244044
413	0.262872	75000	-0.225409	-146.469453
414	0.261752	75000	-0.224813	-146.694266
415	0.260635	75000	-0.224382	-146.918648
416	0.259520	75000	-0.223696	-147.142343
417	0.258409	75000	-0.223229	-147.365573
418	0.257300	75000	-0.222632	-147.588205
419	0.256195	75000	-0.222155	-147.810360
420	0.255092	75000	-0.221611	-148.031971
421	0.253992	75000	-0.221044	-148.253015
422	0.252895	75000	-0.220419	-148.473434
423	0.251800	75000	-0.219818	-148.693253
424	0.250709	75000	-0.219201	-148.912453
425	0.249620	75000	-0.218716	-149.131169
426	0.248534	75000	-0.218253	-149.349422
427	0.247451	75000	-0.217558	-149.566980
428	0.246371	75000	-0.217175	-149.784156
429	0.245294	75000	-0.216692	-150.000847
430	0.244220	75000	-0.216006	-150.216853
431	0.243148	75000	-0.215469	-150.432322
432	0.242079	75000	-0.214990	-150.647312
433	0.241013	75000	-0.214467	-150.861779
434	0.239950	75000	-0.213772	-151.075550
435	0.238890	75000	-0.213245	-151.288795
436	0.237832	75000	-0.212747	-151.501542
437	0.236778	75000	-0.212184	-151.713726
438	0.235726	75000	-0.211725	-151.925452
439	0.234677	75000	-0.211158	-152.136609
440	0.233630	75000	-0.210500	-152.347109
441	0.232587	75000	-0.210125	-152.557234
442	0.231546	75000	-0.209492	-152.766726
443	0.230509	75000	-0.209010	-152.975736
444	0.229473	75000	-0.208460	-153.184196
445	0.228441	75000	-0.207881	-153.392077
446	0.227412	75000	-0.207313	-153.599390
447	0.226385	75000	-0.206836	-153.806227
448	0.225361	75000	-0.206183	-154.012410
449	0.224340	75000	-0.205714	-154.218124
450	0.223322	75000	-0.205183	-154.423308
451	0.222306	75000	-0.204551	-154.627858
452	0.221293	75000	-0.204070	-154.831929
453	0.220283	75000	-0.203535	-155.035464
454	0.219276	75000	-0.203075	-155.238539
455	0.218272	75000	-0.202504	-155.441043
456	0.217270	75000	-0.201853	-155.642896
457	0.216271	75000	-0.201436	-155.844332
458	0.215275	75000	-0.200918	-156.045250
459	0.214281	75000	-0.200399	-156.245649
460	0.213291	75000	-0.199781	-156.445430
461	0.212303	75000	-0.199294	-156.644723
462	0.211318	75000	-0.198747	-156.843470
463	0.210335	75000	-0.198171	-157.041641
464	0.209356	75000	-0.197622	-157.239263
465	0.208379	75000	-0.197136	-157.436399
466	0.207404	75000	-0.196524	-157.632923
467	0.206433	75000	-0.196023	-157.828946
468	0.205464	75000	-0.195643	-158.024589
469	0.204498	75000	-0.195184	-158.219773
470	0.203535	75000	-0.194401	-158.414174
471	0.202575	75000	-0.193928	-158.608102
472	0.201617	75000	-0.193498	-158.801600
473	0.200662	75000	-0.192948	-158.994547
474	0.199709	75000	-0.192416	-159.186963
475	0.198760	75000	-0.191870	-159.378833
476	0.197813	75000	-0.191439	-159.570272
477	0.196869	75000	-0.190891	-159.761163
478	0.195927	75000	-0.190353	-159.951516
479	0.194988	75000	-0.189789	-160.141305
480	0.194052	75000	-0.189308	-160.330613
481	0.193119	75000	-0.188723	-160.519336
482	0.192188	75000	-0.188333	-160.707669
483	0.191260	75000	-0.187776	-160.895445
484	0.190335	75000	-0.187104	-161.082549
485	0.189412	75000	-0.186677	-161.269225
486	0.188492	75000	-0.186142	-161.455367
487	0.187575	75000	-0.185602	-161.640970
488	0.186660	75000	-0.185163	-161.826133
489	0.185749	75000	-0.184539	-162.010672
490	0.184839	75000	-0.184116	-162.194787
491	0.183933	75000	-0.183675	-162.378463
492	0.183029	75000	-0.182968	-162.561431
493	0.182128	75000	-0.182616	-162.744047
494	0.181229	75000	-0.182062	-162.926109
495	0.180333	75000	-0.181443	-163.107552
496	0.179440	75000	-0.180966	-163.288518
497	0.178550	75000	-0.180464	-163.468982
498	0.177662	75000	-0.179910	-163.648893
499	0.176777	75000	-0.179574	-163.828466
500	0.175894	75000	-0.178840	-164.007306
501	0.175014	75000	-0.178289	-164.185596
502	0.174137	75000	-0.177944	-164.363540
503	0.173262	75000	-0.177391	-164.540930
504	0.172390	75000	-0.176920	-164.717850
505	0.171521	75000	-0.176434	-164.894284
506	0.170654	75000	-0.175772	-165.070057
507	0.169790	75000	-0.175460	-165.245517
508	0.168929	75000	-0.174900	-165.420417
509	0.168070	75000	-0.174432	-165.594849
510	0.167214	75000	-0.173831	-165.768680
511	0.166360	75000	-0.173361	-165.942041
512	0.165509	75000	-0.172802	-166.114842
513	0.164661	75000	-0.172334	-166.287176
514	0.163815	75000	-0.171893	-166.459069
515	0.162972	75000	-0.171459	-166.630528
516	0.162132	75000	-0.170829	-166.801356
517	0.161294	75000	-0.170407	-166.971763
518	0.160458	75000	-0.169844	-167.141607
519	0.159626	75000	-0.169249	-167.310857
520	0.158796	75000	-0.168802	-167.479659
521	0.157968	75000	-0.168343	-167.648002
522	0.157143	75000	-0.167849	-167.815851
523	0.156321	75000	-0.167269	-167.983120
524	0.155501	75000	-0.166888	-168.150008
525	0.154684	75000	-0.166471	-168.316480
526	0.153870	75000	-0.166003	-168.482483
527	0.153058	75000	-0.165370	-168.647853
528	0.152248	75000	-0.164952	-168.812805
529	0.151441	75000	-0.164302	-168.977108
530	0.150637	75000	-0.163811	-169.140919
531	0.149835	75000	-0.163381	-169.304299
532	0.149036	75000	-0.162796	-169.467095
533	0.148240	75000	-0.162401	-169.629495
534	0.147446	75000	-0.161878	-169.791374
535	0.146654	75000	-0.161507	-169.952881
536	0.145865	75000	-0.161030	-170.113911
537	0.145079	75000	-0.160370	-170.274282
538	0.144295	75000	-0.159956	-170.434237
539	0.143514	75000	-0.159499	-170.593736
540	0.142735	75000	-0.158918	-170.752654
541	0.141959	75000	-0.158420	-170.911074
542	0.141186	75000	-0.158137	-171.069211
543	0.140415	75000	-0.157495	-171.226706
544	0.139646	75000	-0.156978	-171.383684
545	0.138880	75000	-0.156510	-171.540194
546	0.138116	75000	-0.156112	-171.696306
547	0.137356	75000	-0.155671	-171.851977
548	0.136597	75000	-0.155167	-172.007144
549	0.135841	75000	-0.154792	-172.161936
550	0.135088	75000	-0.154193	-172.316129
551	0.134337	75000	-0.153570	-172.469699
552	0.133588	75000	-0.153115	-172.622814
553	0.132843	75000	-0.152736	-172.775551
554	0.132099	75000	-0.152181	-172.927732
555	0.131358	75000	-0.151751	-173.079483
556	0.130620	75000	-0.151351	-173.230834
557	0.129884	75000	-0.150783	-173.381617
558	0.129151	75000	-0.150314	-173.531931
559	0.128420	75000	-0.149958	-173.681889
560	0.127691	75000	-0.149391	-173.831280
561	0.126965	75000	-0.148835	-173.980115
562	0.126242	75000	-0.148405	-174.128520
563	0.125521	75000	-0.147988	-174.276509
564	0.124802	75000	-0.147365	-174.423874
565	0.124086	75000	-0.147027	-174.570901
566	0.123373	75000	-0.146638	-174.717539
567	0.122662	75000	-0.146251	-174.863790
568	0.121953	75000	-0.145659	-175.009449
569	0.121247	75000	-0.145168	-175.154618
570	0.120543	75000	-0.144645	-175.299262
571	0.119842	75000	-0.144144	-175.443406
572	0.119143	75000	-0.143782	-175.587188
573	0.118447	75000	-0.143302	-175.730490
574	0.117753	75000	-0.142770	-175.873260
575	0.117062	75000	-0.142313	-176.015574
576	0.116373	75000	-0.142084	-176.157658
577	0.115686	75000	-0.141392	-176.299049
578	0.115002	75000	-0.140956	-176.440005
579	0.114320	75000	-0.140450	-176.580456
580	0.113641	75000	-0.140024	-176.720480
581	0.112964	75000	-0.139512	-176.859992
582	0.112290	75000	-0.139111	-176.999103
583	0.111618	75000	-0.138563	-177.137666
584	0.110948	75000	-0.138204	-177.275870
585	0.110281	75000	-0.137442	-177.413312
586	0.109616	75000	-0.137426	-177.550738
587	0.108954	75000	-0.136898	-177.687635
588	0.108294	75000	-0.136409	-177.824044
589	0.107637	75000	-0.135902	-177.959946
590	0.106981	75000	-0.135575	-178.095521
591	0.106329	75000	-0.135025	-178.230545
592	0.105678	75000	-0.134558	-178.365104
593	0.105030	75000	-0.134064	-178.499168
594	0.104385	75000	-0.133395	-178.632562
595	0.103742	75000	-0.133029	-178.765591
596	0.103101	75000	-0.132838	-178.898429
597	0.102463	75000	-0.132249	-179.030678
598	0.101827	75000	-0.131659	-179.162337
599	0.101193	75000	-0.131414	-179.293751
600	0.100562	75000	-0.131013	-179.424764
601	0.099933	75000	-0.130432	-179.555197
602	0.099306	75000	-0.130127	-179.685323
603	0.098682	75000	-0.129539	-179.814862
604	0.098060	75000	-0.129199	-179.944061
605	0.097441	75000	-0.128822	-180.072884
606	0.096824	75000	-0.128177	-180.201060
607	0.096209	75000	-0.127813	-180.328874
608	0.095596	75000	-0.127482	-180.456356
609	0.094986	75000	-0.126892	-180.583248
610	0.094379	75000	-0.126573	-180.709821
611	0.093773	75000	-0.126085	-180.835906
612	0.093170	75000	-0.125578	-180.961484
613	0.092570	75000	-0.124962	-181.086446
614	0.091971	75000	-0.124696	-181.211142
615	0.091375	75000	-0.124330	-181.335472
616	0.090781	75000	-0.123977	-181.459449
617	0.090190	75000	-0.123395	-181.582844
618	0.089601	75000	-0.122851	-181.705695
619	0.089014	75000	-0.122732	-181.828428
620	0.088430	75000	-0.122249	-181.950677
621	0.087848	75000	-0.121915	-182.072591
622	0.087268	75000	-0.121172	-182.193763
623	0.086690	75000	-0.120813	-182.314576
624	0.086115	75000	-0.120511	-182.435088
625	0.085542	75000	-0.119959	-182.555046
626	0.084971	75000	-0.119535	-182.674582
627	0.084403	75000	-0.119119	-182.793701
628	0.083837	75000	-0.118726	-182.912426
629	0.083273	75000	-0.118212	-183.030638
630	0.082712	75000	-0.117876	-183.148514
631	0.082152	75000	-0.117514	-183.266028
632	0.081595	75000	-0.117071	-183.383099
633	0.081041	75000	-0.116702	-183.499801
634	0.080488	75000	-0.116114	-183.615915
635	0.079938	75000	-0.115705	-183.731620
636	0.079390	75000	-0.115434	-183.847053
637	0.078845	75000	-0.114818	-183.961872
638	0.078301	75000	-0.114467	-184.076339
639	0.077760	75000	-0.113926	-184.190265
640	0.077221	75000	-0.113617	-184.303882
641	0.076684	75000	-0.113151	-184.417033
642	0.076150	75000	-0.112808	-184.529840
643	0.075618	75000	-0.112328	-184.642168
644	0.075088	75000	-0.111689	-184.753857
645	0.074560	75000	-0.111571	-184.865428
646	0.074035	75000	-0.111220	-184.976647
647	0.073512	75000	-0.110579	-185.087227
648	0.072991	75000	-0.110386	-185.197613
649	0.072472	75000	-0.109936	-185.307549
650	0.071955	75000	-0.109354	-185.416903
651	0.071441	75000	-0.108876	-185.525779
652	0.070929	75000	-0.108760	-185.634539
653	0.070419	75000	-0.108243	-185.742782
654	0.069911	75000	-0.107812	-185.850594
655	0.069406	75000	-0.107193	-185.957788
656	0.068903	75000	-0.106950	-186.064738
657	0.068401	75000	-0.106812	-186.171549
658	0.067903	75000	-0.106380	-186.277929
659	0.067406	75000	-0.105968	-186.383897
660	0.066911	75000	-0.105415	-186.489312
661	0.066419	75000	-0.105062	-186.594375
662	0.065929	75000	-0.104761	-186.699135
663	0.065441	75000	-0.104347	-186.803483
664	0.064955	75000	-0.103888	-186.907370
665	0.064471	75000	-0.103514	-187.010884
666	0.063990	75000	-0.103028	-187.113912
667	0.063510	75000	-0.102735	-187.216648
668	0.063033	75000	-0.102171	-187.318819
669	0.062558	75000	-0.101814	-187.420633
670	0.062085	75000	-0.101610	-187.522243
671	0.061615	75000	-0.101054	-187.623297
672	0.061146	75000	-0.100857	-187.724154
673	0.060680	75000	-0.100413	-187.824567
674	0.060216	75000	-0.100120	-187.924688
675	0.059753	75000	-0.099523	-188.024210
676	0.059293	75000	-0.099017	-188.123227
677	0.058836	75000	-0.098709	-188.221936
678	0.058380	75000	-0.098416	-188.320352
679	0.057926	75000	-0.097926	-188.418278
680	0.057475	75000	-0.097844	-188.516122
681	0.057025	75000	-0.097146	-188.613268
682	0.056578	75000	-0.096894	-188.710162
683	0.056133	75000	-0.096339	-188.806501
684	0.055690	75000	-0.096319	-188.902820
685	0.055249	75000	-0.096018	-188.998838
686	0.054810	75000	-0.095311	-189.094149
687	0.054373	75000	-0.094760	-189.188909
688	0.053939	75000	-0.094620	-189.283529
689	0.053506	75000	-0.094309	-189.377839
690	0.053076	75000	-0.094039	-189.471877
691	0.052647	75000	-0.093280	-189.565157
692	0.052221	75000	-0.092896	-189.658054
693	0.051797	75000	-0.092775	-189.750829
694	0.051375	75000	-0.092392	-189.843221
695	0.050955	75000	-0.091735	-189.934956
696	0.050537	75000	-0.091649	-190.026605
697	0.050121	75000	-0.091140	-190.117745
698	0.049707	75000	-0.090923	-190.208668
699	0.049295	75000	-0.090700	-190.299368
700	0.048885	75000	-0.090280	-190.389648
701	0.048478	75000	-0.089883	-190.479531
702	0.048072	75000	-0.089355	-190.568886
703	0.047668	75000	-0.089051	-190.657937
704	0.047267	75000	-0.088673	-190.746611
705	0.046867	75000	-0.088360	-190.834971
706	0.046470	75000	-0.088152	-190.923123
707	0.046074	75000	-0.087538	-191.010661
708	0.045681	75000	-0.087336	-191.097997
709	0.045289	75000	-0.087257	-191.185254
710	0.044900	75000	-0.086709	-191.271963
711	0.044512	75000	-0.086332	-191.358295
712	0.044127	75000	-0.086190	-191.444485
713	0.043744	75000	-0.085632	-191.530117
714	0.043362	75000	-0.085041	-191.615158
715	0.042983	75000	-0.084928	-191.700086
716	0.042606	75000	-0.084395	-191.784481
717	0.042230	75000	-0.084308	-191.868789
718	0.041857	75000	-0.083631	-191.952420
719	0.041485	75000	-0.083514	-192.035934
720	0.041116	75000	-0.083237	-192.119171
721	0.040749	75000	-0.082805	-192.201975
722	0.040383	75000	-0.082540	-192.284515
723	0.040020	75000	-0.082452	-192.366967
724	0.039658	75000	-0.082261	-192.449227
725	0.039299	75000	-0.081357	-192.530584
726	0.038941	75000	-0.081409	-192.611993
727	0.038585	75000	-0.080717	-192.692711
728	0.038232	75000	-0.080760	-192.773470
729	0.037880	75000	-0.080249	-192.853719
730	0.037530	75000	-0.079901	-192.933620
731	0.037182	75000	-0.079861	-193.013481
732	0.036836	75000	-0.079262	-193.092743
733	0.036493	75000	-0.079027	-193.171770
734	0.036151	75000	-0.078828	-193.250598
735	0.035810	75000	-0.078095	-193.328693
736	0.035472	75000	-0.078050	-193.406743
737	0.035136	75000	-0.077770	-193.484513
738	0.034802	75000	-0.077411	-193.561924
739	0.034469	75000	-0.076914	-193.638838
740	0.034139	75000	-0.076816	-193.715654
741	0.033810	75000	-0.076466	-193.792121
742	0.033484	75000	-0.076090	-193.868211
743	0.033159	75000	-0.075723	-193.943934
744	0.032836	75000	-0.075467	-194.019402
745	0.032515	75000	-0.075251	-194.094653
746	0.032196	75000	-0.074831	-194.169483
747	0.031879	75000	-0.074551	-194.244034
748	0.031563	75000	-0.074417	-194.318452
749	0.031250	75000	-0.073901	-194.392352
750	0.030938	75000	-0.073674	-194.466026
751	0.030629	75000	-0.072931	-194.538957
752	0.030321	75000	-0.073086	-194.612044
753	0.030015	75000	-0.072922	-194.684966
754	0.029711	75000	-0.072662	-194.757629
755	0.029409	75000	-0.072281	-194.829910
756	0.029108	75000	-0.072139	-194.902049
757	0.028810	75000	-0.071845	-194.973893
758	0.028513	75000	-0.071496	-195.045389
759	0.028218	75000	-0.071275	-195.116664
760	0.027925	75000	-0.070565	-195.187229
761	0.027634	75000	-0.070617	-195.257847
762	0.027345	75000	-0.070267	-195.328114
763	0.027057	75000	-0.070383	-195.398497
764	0.026771	75000	-0.069775	-195.468273
765	0.026487	75000	-0.069608	-195.537881
766	0.026205	75000	-0.069657	-195.607538
767	0.025925	75000	-0.069308	-195.676847
768	0.025647	75000	-0.069170	-195.746016
769	0.025370	75000	-0.068472	-195.814489
770	0.025095	75000	-0.068279	-195.882768
771	0.024822	75000	-0.068187	-195.950955
772	0.024551	75000	-0.068077	-196.019032
773	0.024281	75000	-0.067587	-196.086619
774	0.024014	75000	-0.067460	-196.154079
775	0.023748	75000	-0.067136	-196.221215
776	0.023483	75000	-0.066837	-196.288052
777	0.023221	75000	-0.066970	-196.355022
778	0.022960	75000	-0.066102	-196.421124
779	0.022702	75000	-0.066592	-196.487716
780	0.022445	75000	-0.065941	-196.553657
781	0.022189	75000	-0.065740	-196.619396
782	0.021936	75000	-0.065491	-196.684887
783	0.021684	75000	-0.065682	-196.750569
784	0.021434	75000	-0.064960	-196.815529
785	0.021185	75000	-0.065249	-196.880778
786	0.020939	75000	-0.065256	-196.946034
787	0.020694	75000	-0.064621	-197.010655
788	0.020451	75000	-0.064559	-197.075214
789	0.020209	75000	-0.064842	-197.140056
790	0.019969	75000	-0.064697	-197.204753
791	0.019731	75000	-0.063846	-197.268599
792	0.019495	75000	-0.063434	-197.332033
793	0.019261	75000	-0.063717	-197.395750
794	0.019028	75000	-0.063456	-197.459206
795	0.018796	75000	-0.063598	-197.522804
796	0.018567	75000	-0.063713	-197.586517
797	0.018339	75000	-0.062917	-197.649434
798	0.018113	75000	-0.062654	-197.712089
799	0.017889	75000	-0.062433	-197.774522
800	0.017666	75000	-0.062435	-197.836957
801	0.017445	75000	-0.062343	-197.899300
802	0.017225	75000	-0.062076	-197.961377
803	0.017007	75000	-0.061616	-198.022993
804	0.016791	75000	-0.062189	-198.085182
805	0.016577	75000	-0.061883	-198.147065
806	0.016364	75000	-0.062141	-198.209206
807	0.016153	75000	-0.061465	-198.270671
808	0.015943	75000	-0.061966	-198.332637
809	0.015736	75000	-0.061451	-198.394088
810	0.015529	75000	-0.060916	-198.455004
811	0.015325	75000	-0.061190	-198.516194
812	0.015122	75000	-0.061510	-198.577704
813	0.014920	75000	-0.061685	-198.639390
814	0.014721	75000	-0.060397	-198.699787
815	0.014523	75000	-0.062639	-198.762426
816	0.014326	75000	-0.061758	-198.824184
817	0.014131	75000	-0.061527	-198.885711
818	0.013938	75000	-0.061259	-198.946970
819	0.013746	75000	-0.062126	-199.009096
820	0.013556	75000	-0.060747	-199.069843
821	0.013367	75000	-0.061079	-199.130922
822	0.013181	75000	-0.060474	-199.191396
823	0.012995	75000	-0.062075	-199.253470
824	0.012811	75000	-0.062999	-199.316470
825	0.012629	75000	-0.061632	-199.378101
826	0.012448	75000	-0.062780	-199.440882
827	0.012269	75000	-0.061652	-199.502534
828	0.012092	75000	-0.061752	-199.564285
829	0.011916	75000	-0.062622	-199.626907
830	0.011741	75000	-0.061360	-199.688267
831	0.011568	75000	-0.061738	-199.750005
832	0.011397	75000	-0.062436	-199.812441
833	0.011227	75000	-0.062239	-199.874680
834	0.011059	75000	-0.062278	-199.936958
835	0.010892	75000	-0.063079	-200.000037
836	0.010727	75000	-0.063535	-200.063572
837	0.010563	75000	-0.063040	-200.126612
838	0.010401	75000	-0.064832	-200.191444
839	0.010240	75000	-0.063828	-200.255272
840	0.010081	75000	-0.064804	-200.320076
841	0.009923	75000	-0.064204	-200.384280
842	0.009767	75000	-0.067849	-200.452129
843	0.009612	75000	-0.065238	-200.517367
844	0.009459	75000	-0.067628	-200.584995
845	0.009307	75000	-0.067987	-200.652981
846	0.009156	75000	-0.067575	-200.720557
847	0.009008	75000	-0.068799	-200.789356
848	0.008860	75000	-0.067545	-200.856901
849	0.008714	75000	-0.068633	-200.925534
850	0.008570	75000	-0.069739	-200.995273
851	0.008427	75000	-0.070394	-201.065667
852	0.008285	75000	-0.069604	-201.135271
853	0.008145	75000	-0.071585	-201.206855
854	0.008006	75000	-0.074004	-201.280859
855	0.007869	75000	-0.072845	-201.353704
856	0.007733	75000	-0.074536	-201.428240
857	0.007598	75000	-0.076184	-201.504424
858	0.007465	75000	-0.077090	-201.581514
859	0.007334	75000	-0.076857	-201.658371
860	0.007203	75000	-0.078434	-201.736805
861	0.007075	75000	-0.079344	-201.816149
862	0.006947	75000	-0.079257	-201.895407
863	0.006821	75000	-0.082354	-201.977761
864	0.006696	75000	-0.082640	-202.060400
865	0.006573	75000	-0.083173	-202.143574
866	0.006451	75000	-0.083575	-202.227148
867	0.006330	75000	-0.084941	-202.312089
868	0.006211	75000	-0.084478	-202.396567
869	0.006093	75000	-0.086798	-202.483365
870	0.005977	75000	-0.087591	-202.570956
871	0.005862	75000	-0.089620	-202.660576
872	0.005748	75000	-0.089904	-202.750480
873	0.005635	75000	-0.089412	-202.839892
874	0.005524	75000	-0.092679	-202.932571
875	0.005414	75000	-0.094086	-203.026657
876	0.005306	75000	-0.092380	-203.119038
877	0.005199	75000	-0.095371	-203.214408
878	0.005093	75000	-0.095565	-203.309973
879	0.004988	75000	-0.097326	-203.407299
880	0.004885	75000	-0.097119	-203.504418
881	0.004783	75000	-0.098847	-203.603264
882	0.004682	75000	-0.099586	-203.702850
883	0.004583	75000	-0.099103	-203.801953
884	0.004485	75000	-0.099140	-203.901093
885	0.004388	75000	-0.100642	-204.001735
886	0.004292	75000	-0.102526	-204.104262
887	0.004198	75000	-0.100877	-204.205139
888	0.004105	75000	-0.101412	-204.306551
889	0.004013	75000	-0.103329	-204.409880
890	0.003923	75000	-0.103753	-204.513633
891	0.003833	75000	-0.103230	-204.616863
892	0.003745	75000	-0.104063	-204.720926
893	0.003658	75000	-0.104470	-204.825397
894	0.003573	75000	-0.105528	-204.930925
895	0.003488	75000	-0.104578	-205.035503
896	0.003405	75000	-0.103759	-205.139262
897	0.003323	75000	-0.104612	-205.243874
898	0.003242	75000	-0.104345	-205.348219
899	0.003162	75000	-0.104840	-205.453058
900	0.003084	75000	-0.102806	-205.555864
901	0.003007	75000	-0.104625	-205.660489
902	0.002930	75000	-0.101993	-205.762482
903	0.002855	75000	-0.103564	-205.866047
904	0.002782	75000	-0.102326	-205.968373
905	0.002709	75000	-0.101919	-206.070292
906	0.002638	75000	-0.100514	-206.170806
907	0.002567	75000	-0.100382	-206.271188
908	0.002498	75000	-0.099391	-206.370579
909	0.002430	75000	-0.099928	-206.470508
910	0.002363	75000	-0.098422	-206.568929
911	0.002297	75000	-0.097344	-206.666273
912	0.002233	75000	-0.096393	-206.762666
913	0.002169	75000	-0.095421	-206.858087
914	0.002106	75000	-0.096230	-206.954317
915	0.002045	75000	-0.094128	-207.048445
916	0.001985	75000	-0.092658	-207.141103
917	0.001925	75000	-0.091984	-207.233086
918	0.001867	75000	-0.090681	-207.323767
919	0.001810	75000	-0.088869	-207.412636
920	0.001754	75000	-0.089011	-207.501647
921	0.001699	75000	-0.088530	-207.590177
922	0.001645	75000	-0.085970	-207.676147
923	0.001592	75000	-0.085087	-207.761234
924	0.001540	75000	-0.083891	-207.845125
925	0.001490	75000	-0.082600	-207.927725
926	0.001440	75000	-0.081147	-208.008873
927	0.001391	75000	-0.079738	-208.088611
928	0.001343	75000	-0.077945	-208.166556
929	0.001296	75000	-0.077177	-208.243733
930	0.001251	75000	-0.075912	-208.319645
931	0.001206	75000	-0.074429	-208.394074
932	0.001162	75000	-0.073582	-208.467656
933	0.001119	75000	-0.071643	-208.539299
934	0.001077	75000	-0.070168	-208.609467
935	0.001036	75000	-0.068961	-208.678428
936	0.000996	75000	-0.067969	-208.746397
937	0.000957	75000	-0.066822	-208.813219
938	0.000919	75000	-0.064789	-208.878008
939	0.000882	75000	-0.063666	-208.941675
940	0.000846	75000	-0.061903	-209.003578
941	0.000810	75000	-0.060721	-209.064299
942	0.000776	75000	-0.059181	-209.123481
943	0.000742	75000	-0.057727	-209.181208
944	0.000709	75000	-0.056531	-209.237739
945	0.000678	75000	-0.055312	-209.293051
946	0.000647	75000	-0.053859	-209.346910
947	0.000617	75000	-0.052509	-209.399420
948	0.000587	75000	-0.050978	-209.450398
949	0.000559	75000	-0.049641	-209.500038
950	0.000531	75000	-0.048378	-209.548416
951	0.000505	75000	-0.047198	-209.595614
952	0.000479	75000	-0.045377	-209.640991
953	0.000454	75000	-0.044365	-209.685356
954	0.000430	75000	-0.042878	-209.728233
955	0.000406	75000	-0.041644	-209.769877
956	0.000383	75000	-0.040254	-209.810132
957	0.000362	75000	-0.038798	-209.848929
958	0.000340	75000	-0.037542	-209.886471
959	0.000320	75000	-0.036360	-209.922831
960	0.000300	75000	-0.034981	-209.957812
961	0.000281	75000	-0.033647	-209.991459
962	0.000263	75000	-0.032567	-210.024027
963	0.000246	75000	-0.031256	-210.055283
964	0.000229	75000	-0.029960	-210.085243
965	0.000213	75000	-0.028780	-210.114023
966	0.000198	75000	-0.027502	-210.141525
967	0.000183	75000	-0.026283	-210.167808
968	0.000169	75000	-0.025197	-210.193005
969	0.000156	75000	-0.023991	-210.216996
970	0.000143	75000	-0.022782	-210.239778
971	0.000131	75000	-0.021618	-210.261396
972	0.000120	75000	-0.020534	-210.281930
973	0.000109	75000	-0.019424	-210.301354
974	0.000099	75000	-0.018455	-210.319809
975	0.000089	75000	-0.017332	-210.337141
976	0.000080	75000	-0.016260	-210.353401
977	0.000072	75000	-0.015267	-210.368669
978	0.000064	75000	-0.014219	-210.382888
979	0.000057	75000	-0.013273	-210.396161
980	0.000050	75000	-0.012307	-210.408468
981	0.000043	75000	-0.011381	-210.419849
982	0.000038	75000	-0.010470	-210.430319
983	0.000032	75000	-0.009606	-210.439925
984	0.000028	75000	-0.008748	-210.448673
985	0.000023	75000	-0.007902	-210.456575
986	0.000019	75000	-0.007110	-210.463684
987	0.000016	75000	-0.006286	-210.469970
988	0.000013	75000	-0.005573	-210.475543
989	0.000010	75000	-0.004878	-210.480421
990	0.000008	75000	-0.004190	-210.484611
991	0.000006	75000	-0.003572	-210.488183
992	0.000004	75000	-0.002949	-210.491132
993	0.000003	75000	-0.002380	-210.493512
994	0.000002	75000	-0.001848	-210.495360
995	0.000001	75000	-0.001365	-210.496725
996	0.000000	75000	-0.000942	-210.497667
997	0.000000	75000	-0.000569	-210.498236
998	0.000000	75000	-0.000268	-210.498504
999	0.000000	75000	-0.000058	-210.498561
Log marginal likelihood:	-210.498561
