Steppingstone sampler:
        No Stones:                  1000
        Start It:                   10000001
        It Per Stone:               100000
        Sample Freq:                1
        Dist:                       Beta(0.400000,1.000000)
Stone No	Power	N	Stone MLh	Running MLh
0	0.997502	75000	-0.096964	-0.096964
1	0.995007	75000	-0.096865	-0.193829
2	0.992517	75000	-0.096662	-0.290491
3	0.990030	75000	-0.096492	-0.386983
4	0.987547	75000	-0.096377	-0.483360
5	0.985067	75000	-0.096241	-0.579601
6	0.982592	75000	-0.096080	-0.675681
7	0.980120	75000	-0.095961	-0.771642
8	0.977652	75000	-0.095803	-0.867445
9	0.975187	75000	-0.095678	-0.963123
10	0.972726	75000	-0.095548	-1.058671
11	0.970269	75000	-0.095326	-1.153997
12	0.967816	75000	-0.095244	-1.249240
13	0.965367	75000	-0.095177	-1.344417
14	0.962921	75000	-0.094945	-1.439362
15	0.960479	75000	-0.094852	-1.534214
16	0.958040	75000	-0.094731	-1.628945
17	0.955606	75000	-0.094566	-1.723511
18	0.953175	75000	-0.094416	-1.817927
19	0.950747	75000	-0.094323	-1.912249
20	0.948324	75000	-0.094155	-2.006404
21	0.945904	75000	-0.094052	-2.100456
22	0.943488	75000	-0.093920	-2.194376
23	0.941076	75000	-0.093742	-2.288117
24	0.938667	75000	-0.093581	-2.381699
25	0.936262	75000	-0.093490	-2.475189
26	0.933861	75000	-0.093360	-2.568549
27	0.931463	75000	-0.093151	-2.661700
28	0.929069	75000	-0.093075	-2.754775
29	0.926679	75000	-0.092926	-2.847702
30	0.924293	75000	-0.092769	-2.940470
31	0.921910	75000	-0.092621	-3.033091
32	0.919531	75000	-0.092534	-3.125625
33	0.917155	75000	-0.092367	-3.217992
34	0.914783	75000	-0.092267	-3.310259
35	0.912415	75000	-0.092113	-3.402372
36	0.910051	75000	-0.091921	-3.494293
37	0.907690	75000	-0.091870	-3.586163
38	0.905333	75000	-0.091659	-3.677822
39	0.902980	75000	-0.091555	-3.769377
40	0.900630	75000	-0.091441	-3.860819
41	0.898284	75000	-0.091317	-3.952136
42	0.895942	75000	-0.091113	-4.043249
43	0.893603	75000	-0.091041	-4.134290
44	0.891268	75000	-0.090895	-4.225185
45	0.888937	75000	-0.090814	-4.315998
46	0.886609	75000	-0.090625	-4.406624
47	0.884285	75000	-0.090446	-4.497069
48	0.881965	75000	-0.090306	-4.587376
49	0.879648	75000	-0.090202	-4.677578
50	0.877335	75000	-0.090078	-4.767656
51	0.875026	75000	-0.089982	-4.857638
52	0.872720	75000	-0.089883	-4.947521
53	0.870418	75000	-0.089714	-5.037235
54	0.868120	75000	-0.089514	-5.126749
55	0.865825	75000	-0.089384	-5.216133
56	0.863534	75000	-0.089260	-5.305393
57	0.861246	75000	-0.089116	-5.394509
58	0.858962	75000	-0.089005	-5.483514
59	0.856682	75000	-0.088868	-5.572382
60	0.854405	75000	-0.088669	-5.661050
61	0.852132	75000	-0.088641	-5.749691
62	0.849863	75000	-0.088441	-5.838133
63	0.847597	75000	-0.088286	-5.926419
64	0.845335	75000	-0.088192	-6.014611
65	0.843077	75000	-0.088059	-6.102669
66	0.840822	75000	-0.087973	-6.190642
67	0.838571	75000	-0.087774	-6.278416
68	0.836323	75000	-0.087629	-6.366045
69	0.834079	75000	-0.087528	-6.453573
70	0.831839	75000	-0.087391	-6.540964
71	0.829602	75000	-0.087200	-6.628165
72	0.827369	75000	-0.087088	-6.715252
73	0.825140	75000	-0.086958	-6.802210
74	0.822914	75000	-0.086873	-6.889083
75	0.820691	75000	-0.086659	-6.975742
76	0.818473	75000	-0.086552	-7.062294
77	0.816258	75000	-0.086438	-7.148733
78	0.814046	75000	-0.086383	-7.235116
79	0.811838	75000	-0.086164	-7.321280
80	0.809634	75000	-0.086044	-7.407324
81	0.807433	75000	-0.085924	-7.493248
82	0.805236	75000	-0.085804	-7.579051
83	0.803043	75000	-0.085623	-7.664675
84	0.800853	75000	-0.085532	-7.750207
85	0.798667	75000	-0.085383	-7.835590
86	0.796484	75000	-0.085217	-7.920807
87	0.794305	75000	-0.085141	-8.005948
88	0.792129	75000	-0.084990	-8.090938
89	0.789957	75000	-0.084881	-8.175819
90	0.787789	75000	-0.084702	-8.260521
91	0.785624	75000	-0.084576	-8.345098
92	0.783463	75000	-0.084358	-8.429455
93	0.781305	75000	-0.084284	-8.513740
94	0.779151	75000	-0.084211	-8.597951
95	0.777000	75000	-0.084110	-8.682061
96	0.774853	75000	-0.083913	-8.765974
97	0.772710	75000	-0.083773	-8.849747
98	0.770570	75000	-0.083697	-8.933445
99	0.768433	75000	-0.083616	-9.017061
100	0.766301	75000	-0.083391	-9.100452
101	0.764172	75000	-0.083303	-9.183755
102	0.762046	75000	-0.083176	-9.266931
103	0.759924	75000	-0.083008	-9.349939
104	0.757805	75000	-0.082847	-9.432785
105	0.755690	75000	-0.082726	-9.515511
106	0.753579	75000	-0.082549	-9.598059
107	0.751471	75000	-0.082558	-9.680618
108	0.749366	75000	-0.082302	-9.762920
109	0.747266	75000	-0.082212	-9.845131
110	0.745168	75000	-0.082134	-9.927265
111	0.743075	75000	-0.082004	-10.009270
112	0.740984	75000	-0.081853	-10.091123
113	0.738898	75000	-0.081700	-10.172823
114	0.736815	75000	-0.081558	-10.254381
115	0.734735	75000	-0.081463	-10.335844
116	0.732659	75000	-0.081361	-10.417205
117	0.730586	75000	-0.081157	-10.498362
118	0.728517	75000	-0.081067	-10.579429
119	0.726452	75000	-0.080975	-10.660404
120	0.724390	75000	-0.080806	-10.741210
121	0.722331	75000	-0.080719	-10.821929
122	0.720276	75000	-0.080592	-10.902521
123	0.718225	75000	-0.080459	-10.982980
124	0.716177	75000	-0.080276	-11.063256
125	0.714132	75000	-0.080167	-11.143423
126	0.712091	75000	-0.079992	-11.223415
127	0.710054	75000	-0.079846	-11.303261
128	0.708020	75000	-0.079774	-11.383035
129	0.705989	75000	-0.079658	-11.462693
130	0.703962	75000	-0.079496	-11.542189
131	0.701939	75000	-0.079358	-11.621546
132	0.699919	75000	-0.079255	-11.700801
133	0.697902	75000	-0.079193	-11.779994
134	0.695889	75000	-0.079007	-11.859002
135	0.693880	75000	-0.078844	-11.937845
136	0.691874	75000	-0.078745	-12.016590
137	0.689871	75000	-0.078661	-12.095251
138	0.687872	75000	-0.078474	-12.173725
139	0.685877	75000	-0.078342	-12.252067
140	0.683885	75000	-0.078294	-12.330360
141	0.681896	75000	-0.078141	-12.408501
142	0.679911	75000	-0.077979	-12.486480
143	0.677929	75000	-0.077787	-12.564267
144	0.675951	75000	-0.077694	-12.641961
145	0.673976	75000	-0.077551	-12.719512
146	0.672005	75000	-0.077425	-12.796938
147	0.670037	75000	-0.077303	-12.874241
148	0.668073	75000	-0.077246	-12.951487
149	0.666112	75000	-0.077079	-13.028566
150	0.664155	75000	-0.076925	-13.105492
151	0.662201	75000	-0.076883	-13.182375
152	0.660250	75000	-0.076680	-13.259054
153	0.658303	75000	-0.076542	-13.335596
154	0.656359	75000	-0.076473	-13.412069
155	0.654419	75000	-0.076343	-13.488412
156	0.652483	75000	-0.076146	-13.564558
157	0.650549	75000	-0.076106	-13.640664
158	0.648619	75000	-0.076019	-13.716683
159	0.646693	75000	-0.075885	-13.792568
160	0.644770	75000	-0.075703	-13.868271
161	0.642851	75000	-0.075496	-13.943768
162	0.640934	75000	-0.075351	-14.019119
163	0.639022	75000	-0.075264	-14.094383
164	0.637113	75000	-0.075177	-14.169560
165	0.635207	75000	-0.075026	-14.244586
166	0.633304	75000	-0.074905	-14.319491
167	0.631405	75000	-0.074743	-14.394234
168	0.629510	75000	-0.074694	-14.468928
169	0.627618	75000	-0.074498	-14.543426
170	0.625729	75000	-0.074468	-14.617894
171	0.623844	75000	-0.074329	-14.692222
172	0.621962	75000	-0.074133	-14.766355
173	0.620083	75000	-0.074117	-14.840472
174	0.618208	75000	-0.073944	-14.914416
175	0.616337	75000	-0.073788	-14.988204
176	0.614468	75000	-0.073716	-15.061920
177	0.612604	75000	-0.073573	-15.135493
178	0.610742	75000	-0.073434	-15.208927
179	0.608884	75000	-0.073278	-15.282205
180	0.607029	75000	-0.073190	-15.355395
181	0.605178	75000	-0.073079	-15.428474
182	0.603330	75000	-0.072954	-15.501428
183	0.601486	75000	-0.072801	-15.574229
184	0.599645	75000	-0.072639	-15.646868
185	0.597807	75000	-0.072613	-15.719481
186	0.595973	75000	-0.072338	-15.791819
187	0.594142	75000	-0.072263	-15.864082
188	0.592314	75000	-0.072206	-15.936288
189	0.590490	75000	-0.072024	-16.008312
190	0.588669	75000	-0.071836	-16.080148
191	0.586852	75000	-0.071880	-16.152028
192	0.585038	75000	-0.071704	-16.223733
193	0.583227	75000	-0.071608	-16.295341
194	0.581420	75000	-0.071463	-16.366804
195	0.579616	75000	-0.071342	-16.438145
196	0.577815	75000	-0.071177	-16.509322
197	0.576018	75000	-0.071088	-16.580410
198	0.574224	75000	-0.070914	-16.651324
199	0.572433	75000	-0.070825	-16.722148
200	0.570646	75000	-0.070709	-16.792857
201	0.568862	75000	-0.070579	-16.863436
202	0.567082	75000	-0.070552	-16.933989
203	0.565305	75000	-0.070282	-17.004270
204	0.563531	75000	-0.070267	-17.074538
205	0.561761	75000	-0.070109	-17.144646
206	0.559993	75000	-0.069986	-17.214632
207	0.558230	75000	-0.069871	-17.284503
208	0.556469	75000	-0.069766	-17.354269
209	0.554712	75000	-0.069616	-17.423885
210	0.552958	75000	-0.069504	-17.493390
211	0.551208	75000	-0.069434	-17.562824
212	0.549461	75000	-0.069292	-17.632116
213	0.547717	75000	-0.069204	-17.701320
214	0.545977	75000	-0.069094	-17.770414
215	0.544240	75000	-0.068853	-17.839267
216	0.542506	75000	-0.068730	-17.907997
217	0.540775	75000	-0.068606	-17.976603
218	0.539048	75000	-0.068525	-18.045128
219	0.537324	75000	-0.068478	-18.113606
220	0.535604	75000	-0.068251	-18.181857
221	0.533887	75000	-0.068179	-18.250035
222	0.532173	75000	-0.068006	-18.318041
223	0.530462	75000	-0.067962	-18.386003
224	0.528755	75000	-0.067772	-18.453775
225	0.527051	75000	-0.067667	-18.521442
226	0.525350	75000	-0.067647	-18.589089
227	0.523653	75000	-0.067431	-18.656520
228	0.521958	75000	-0.067329	-18.723849
229	0.520268	75000	-0.067133	-18.790982
230	0.518580	75000	-0.067093	-18.858075
231	0.516896	75000	-0.066981	-18.925056
232	0.515215	75000	-0.066906	-18.991961
233	0.513537	75000	-0.066699	-19.058660
234	0.511863	75000	-0.066556	-19.125216
235	0.510192	75000	-0.066514	-19.191730
236	0.508524	75000	-0.066356	-19.258086
237	0.506859	75000	-0.066142	-19.324227
238	0.505198	75000	-0.066120	-19.390347
239	0.503540	75000	-0.066036	-19.456383
240	0.501885	75000	-0.065899	-19.522282
241	0.500234	75000	-0.065757	-19.588039
242	0.498586	75000	-0.065606	-19.653645
243	0.496941	75000	-0.065524	-19.719168
244	0.495299	75000	-0.065419	-19.784588
245	0.493660	75000	-0.065248	-19.849836
246	0.492025	75000	-0.065147	-19.914983
247	0.490393	75000	-0.065032	-19.980015
248	0.488765	75000	-0.064941	-20.044956
249	0.487139	75000	-0.064821	-20.109777
250	0.485517	75000	-0.064704	-20.174481
251	0.483898	75000	-0.064604	-20.239085
252	0.482283	75000	-0.064523	-20.303608
253	0.480670	75000	-0.064336	-20.367944
254	0.479061	75000	-0.064266	-20.432210
255	0.477455	75000	-0.064086	-20.496296
256	0.475852	75000	-0.063931	-20.560226
257	0.474253	75000	-0.063916	-20.624143
258	0.472656	75000	-0.063684	-20.687827
259	0.471063	75000	-0.063558	-20.751385
260	0.469474	75000	-0.063502	-20.814887
261	0.467887	75000	-0.063406	-20.878293
262	0.466304	75000	-0.063283	-20.941576
263	0.464723	75000	-0.063141	-21.004717
264	0.463146	75000	-0.063096	-21.067812
265	0.461573	75000	-0.062977	-21.130789
266	0.460002	75000	-0.062876	-21.193665
267	0.458435	75000	-0.062674	-21.256339
268	0.456871	75000	-0.062514	-21.318853
269	0.455310	75000	-0.062532	-21.381385
270	0.453752	75000	-0.062349	-21.443734
271	0.452198	75000	-0.062258	-21.505992
272	0.450647	75000	-0.062163	-21.568155
273	0.449098	75000	-0.062036	-21.630191
274	0.447554	75000	-0.061857	-21.692048
275	0.446012	75000	-0.061771	-21.753819
276	0.444473	75000	-0.061693	-21.815512
277	0.442938	75000	-0.061588	-21.877100
278	0.441406	75000	-0.061422	-21.938522
279	0.439877	75000	-0.061421	-21.999943
280	0.438351	75000	-0.061167	-22.061110
281	0.436829	75000	-0.061120	-22.122230
282	0.435309	75000	-0.060929	-22.183159
283	0.433793	75000	-0.060838	-22.243997
284	0.432280	75000	-0.060725	-22.304722
285	0.430770	75000	-0.060684	-22.365406
286	0.429263	75000	-0.060509	-22.425915
287	0.427760	75000	-0.060368	-22.486283
288	0.426259	75000	-0.060299	-22.546582
289	0.424762	75000	-0.060192	-22.606774
290	0.423268	75000	-0.060099	-22.666874
291	0.421777	75000	-0.059950	-22.726824
292	0.420289	75000	-0.059857	-22.786680
293	0.418805	75000	-0.059647	-22.846327
294	0.417323	75000	-0.059556	-22.905883
295	0.415845	75000	-0.059507	-22.965390
296	0.414370	75000	-0.059376	-23.024766
297	0.412898	75000	-0.059244	-23.084010
298	0.411429	75000	-0.059222	-23.143232
299	0.409963	75000	-0.059057	-23.202289
300	0.408501	75000	-0.058866	-23.261154
301	0.407041	75000	-0.058742	-23.319896
302	0.405585	75000	-0.058786	-23.378682
303	0.404132	75000	-0.058628	-23.437310
304	0.402682	75000	-0.058490	-23.495800
305	0.401235	75000	-0.058384	-23.554185
306	0.399791	75000	-0.058225	-23.612410
307	0.398350	75000	-0.058110	-23.670520
308	0.396913	75000	-0.057998	-23.728517
309	0.395478	75000	-0.057941	-23.786458
310	0.394047	75000	-0.057715	-23.844173
311	0.392619	75000	-0.057740	-23.901913
312	0.391194	75000	-0.057556	-23.959469
313	0.389772	75000	-0.057490	-24.016959
314	0.388353	75000	-0.057358	-24.074317
315	0.386937	75000	-0.057199	-24.131516
316	0.385524	75000	-0.057128	-24.188644
317	0.384115	75000	-0.057006	-24.245650
318	0.382708	75000	-0.056915	-24.302565
319	0.381305	75000	-0.056730	-24.359295
320	0.379904	75000	-0.056681	-24.415976
321	0.378507	75000	-0.056563	-24.472539
322	0.377113	75000	-0.056441	-24.528980
323	0.375722	75000	-0.056379	-24.585359
324	0.374334	75000	-0.056186	-24.641545
325	0.372949	75000	-0.056095	-24.697640
326	0.371567	75000	-0.056022	-24.753662
327	0.370189	75000	-0.055894	-24.809556
328	0.368813	75000	-0.055760	-24.865316
329	0.367440	75000	-0.055732	-24.921048
330	0.366071	75000	-0.055564	-24.976612
331	0.364705	75000	-0.055388	-25.032000
332	0.363341	75000	-0.055458	-25.087458
333	0.361981	75000	-0.055294	-25.142752
334	0.360624	75000	-0.055180	-25.197933
335	0.359269	75000	-0.055083	-25.253016
336	0.357918	75000	-0.054875	-25.307891
337	0.356570	75000	-0.054704	-25.362594
338	0.355225	75000	-0.054794	-25.417388
339	0.353883	75000	-0.054641	-25.472030
340	0.352544	75000	-0.054490	-25.526520
341	0.351208	75000	-0.054328	-25.580848
342	0.349875	75000	-0.054238	-25.635086
343	0.348546	75000	-0.054062	-25.689148
344	0.347219	75000	-0.054094	-25.743242
345	0.345895	75000	-0.053901	-25.797143
346	0.344574	75000	-0.053771	-25.850914
347	0.343257	75000	-0.053685	-25.904599
348	0.341942	75000	-0.053667	-25.958267
349	0.340630	75000	-0.053448	-26.011714
350	0.339322	75000	-0.053511	-26.065226
351	0.338016	75000	-0.053285	-26.118511
352	0.336714	75000	-0.053228	-26.171739
353	0.335414	75000	-0.053050	-26.224789
354	0.334118	75000	-0.052902	-26.277691
355	0.332824	75000	-0.052849	-26.330539
356	0.331534	75000	-0.052723	-26.383263
357	0.330246	75000	-0.052699	-26.435962
358	0.328962	75000	-0.052542	-26.488504
359	0.327680	75000	-0.052420	-26.540924
360	0.326401	75000	-0.052212	-26.593136
361	0.325126	75000	-0.052186	-26.645322
362	0.323853	75000	-0.052135	-26.697457
363	0.322584	75000	-0.051949	-26.749406
364	0.321317	75000	-0.051844	-26.801250
365	0.320054	75000	-0.051795	-26.853045
366	0.318793	75000	-0.051609	-26.904654
367	0.317536	75000	-0.051645	-26.956299
368	0.316281	75000	-0.051525	-27.007825
369	0.315030	75000	-0.051300	-27.059125
370	0.313781	75000	-0.051258	-27.110383
371	0.312535	75000	-0.051160	-27.161543
372	0.311293	75000	-0.050957	-27.212500
373	0.310053	75000	-0.050921	-27.263421
374	0.308816	75000	-0.050808	-27.314229
375	0.307582	75000	-0.050712	-27.364942
376	0.306352	75000	-0.050651	-27.415593
377	0.305124	75000	-0.050468	-27.466061
378	0.303899	75000	-0.050321	-27.516382
379	0.302677	75000	-0.050383	-27.566765
380	0.301458	75000	-0.050204	-27.616969
381	0.300242	75000	-0.050133	-27.667102
382	0.299029	75000	-0.049951	-27.717053
383	0.297819	75000	-0.049907	-27.766960
384	0.296611	75000	-0.049754	-27.816714
385	0.295407	75000	-0.049690	-27.866404
386	0.294206	75000	-0.049525	-27.915929
387	0.293007	75000	-0.049575	-27.965504
388	0.291812	75000	-0.049446	-28.014950
389	0.290619	75000	-0.049218	-28.064169
390	0.289430	75000	-0.049124	-28.113293
391	0.288243	75000	-0.049071	-28.162364
392	0.287059	75000	-0.048947	-28.211311
393	0.285879	75000	-0.048910	-28.260222
394	0.284701	75000	-0.048785	-28.309006
395	0.283526	75000	-0.048696	-28.357703
396	0.282354	75000	-0.048578	-28.406280
397	0.281184	75000	-0.048517	-28.454797
398	0.280018	75000	-0.048377	-28.503175
399	0.278855	75000	-0.048257	-28.551431
400	0.277694	75000	-0.048169	-28.599600
401	0.276537	75000	-0.047986	-28.647586
402	0.275382	75000	-0.047923	-28.695510
403	0.274230	75000	-0.047824	-28.743334
404	0.273082	75000	-0.047757	-28.791091
405	0.271936	75000	-0.047641	-28.838733
406	0.270793	75000	-0.047574	-28.886307
407	0.269652	75000	-0.047407	-28.933714
408	0.268515	75000	-0.047335	-28.981049
409	0.267381	75000	-0.047142	-29.028191
410	0.266249	75000	-0.047273	-29.075464
411	0.265121	75000	-0.047105	-29.122569
412	0.263995	75000	-0.046884	-29.169453
413	0.262872	75000	-0.046839	-29.216293
414	0.261752	75000	-0.046810	-29.263103
415	0.260635	75000	-0.046645	-29.309748
416	0.259520	75000	-0.046547	-29.356294
417	0.258409	75000	-0.046473	-29.402768
418	0.257300	75000	-0.046363	-29.449130
419	0.256195	75000	-0.046286	-29.495416
420	0.255092	75000	-0.046112	-29.541528
421	0.253992	75000	-0.046030	-29.587557
422	0.252895	75000	-0.045949	-29.633506
423	0.251800	75000	-0.045987	-29.679492
424	0.250709	75000	-0.045617	-29.725109
425	0.249620	75000	-0.045731	-29.770840
426	0.248534	75000	-0.045562	-29.816402
427	0.247451	75000	-0.045427	-29.861830
428	0.246371	75000	-0.045439	-29.907268
429	0.245294	75000	-0.045266	-29.952535
430	0.244220	75000	-0.045158	-29.997693
431	0.243148	75000	-0.045044	-30.042737
432	0.242079	75000	-0.044987	-30.087724
433	0.241013	75000	-0.044740	-30.132464
434	0.239950	75000	-0.044752	-30.177216
435	0.238890	75000	-0.044708	-30.221924
436	0.237832	75000	-0.044510	-30.266434
437	0.236778	75000	-0.044405	-30.310839
438	0.235726	75000	-0.044346	-30.355186
439	0.234677	75000	-0.044336	-30.399522
440	0.233630	75000	-0.044249	-30.443771
441	0.232587	75000	-0.043913	-30.487684
442	0.231546	75000	-0.043866	-30.531550
443	0.230509	75000	-0.043889	-30.575439
444	0.229473	75000	-0.043760	-30.619200
445	0.228441	75000	-0.043681	-30.662880
446	0.227412	75000	-0.043704	-30.706585
447	0.226385	75000	-0.043431	-30.750016
448	0.225361	75000	-0.043285	-30.793300
449	0.224340	75000	-0.043298	-30.836598
450	0.223322	75000	-0.043243	-30.879841
451	0.222306	75000	-0.043102	-30.922943
452	0.221293	75000	-0.043036	-30.965979
453	0.220283	75000	-0.042972	-31.008951
454	0.219276	75000	-0.042916	-31.051866
455	0.218272	75000	-0.042676	-31.094542
456	0.217270	75000	-0.042769	-31.137311
457	0.216271	75000	-0.042565	-31.179876
458	0.215275	75000	-0.042462	-31.222339
459	0.214281	75000	-0.042423	-31.264762
460	0.213291	75000	-0.042375	-31.307137
461	0.212303	75000	-0.042128	-31.349265
462	0.211318	75000	-0.041965	-31.391229
463	0.210335	75000	-0.041969	-31.433198
464	0.209356	75000	-0.041872	-31.475070
465	0.208379	75000	-0.041722	-31.516792
466	0.207404	75000	-0.041694	-31.558486
467	0.206433	75000	-0.041497	-31.599983
468	0.205464	75000	-0.041488	-31.641471
469	0.204498	75000	-0.041339	-31.682810
470	0.203535	75000	-0.041392	-31.724202
471	0.202575	75000	-0.041291	-31.765493
472	0.201617	75000	-0.041199	-31.806692
473	0.200662	75000	-0.040920	-31.847612
474	0.199709	75000	-0.040966	-31.888578
475	0.198760	75000	-0.040887	-31.929465
476	0.197813	75000	-0.040800	-31.970265
477	0.196869	75000	-0.040671	-32.010936
478	0.195927	75000	-0.040613	-32.051549
479	0.194988	75000	-0.040532	-32.092081
480	0.194052	75000	-0.040407	-32.132488
481	0.193119	75000	-0.040358	-32.172846
482	0.192188	75000	-0.040213	-32.213059
483	0.191260	75000	-0.040155	-32.253214
484	0.190335	75000	-0.040122	-32.293336
485	0.189412	75000	-0.040008	-32.333344
486	0.188492	75000	-0.039897	-32.373241
487	0.187575	75000	-0.039722	-32.412963
488	0.186660	75000	-0.039552	-32.452515
489	0.185749	75000	-0.039621	-32.492137
490	0.184839	75000	-0.039679	-32.531816
491	0.183933	75000	-0.039420	-32.571235
492	0.183029	75000	-0.039268	-32.610503
493	0.182128	75000	-0.039246	-32.649749
494	0.181229	75000	-0.039368	-32.689117
495	0.180333	75000	-0.038970	-32.728087
496	0.179440	75000	-0.038945	-32.767032
497	0.178550	75000	-0.038947	-32.805979
498	0.177662	75000	-0.038855	-32.844835
499	0.176777	75000	-0.038798	-32.883633
500	0.175894	75000	-0.038603	-32.922236
501	0.175014	75000	-0.038460	-32.960696
502	0.174137	75000	-0.038422	-32.999118
503	0.173262	75000	-0.038382	-33.037500
504	0.172390	75000	-0.038371	-33.075871
505	0.171521	75000	-0.038157	-33.114028
506	0.170654	75000	-0.038201	-33.152230
507	0.169790	75000	-0.038053	-33.190283
508	0.168929	75000	-0.037842	-33.228125
509	0.168070	75000	-0.037652	-33.265777
510	0.167214	75000	-0.037787	-33.303565
511	0.166360	75000	-0.037611	-33.341176
512	0.165509	75000	-0.037581	-33.378757
513	0.164661	75000	-0.037410	-33.416167
514	0.163815	75000	-0.037462	-33.453629
515	0.162972	75000	-0.037282	-33.490911
516	0.162132	75000	-0.037242	-33.528153
517	0.161294	75000	-0.037072	-33.565225
518	0.160458	75000	-0.037107	-33.602332
519	0.159626	75000	-0.036956	-33.639288
520	0.158796	75000	-0.036986	-33.676274
521	0.157968	75000	-0.036849	-33.713122
522	0.157143	75000	-0.036763	-33.749885
523	0.156321	75000	-0.036607	-33.786492
524	0.155501	75000	-0.036335	-33.822827
525	0.154684	75000	-0.036428	-33.859255
526	0.153870	75000	-0.036388	-33.895643
527	0.153058	75000	-0.036301	-33.931944
528	0.152248	75000	-0.036334	-33.968277
529	0.151441	75000	-0.036095	-34.004372
530	0.150637	75000	-0.036085	-34.040458
531	0.149835	75000	-0.035975	-34.076433
532	0.149036	75000	-0.035759	-34.112192
533	0.148240	75000	-0.035796	-34.147988
534	0.147446	75000	-0.035662	-34.183649
535	0.146654	75000	-0.035531	-34.219180
536	0.145865	75000	-0.035490	-34.254671
537	0.145079	75000	-0.035505	-34.290176
538	0.144295	75000	-0.035387	-34.325563
539	0.143514	75000	-0.035411	-34.360973
540	0.142735	75000	-0.035161	-34.396134
541	0.141959	75000	-0.035010	-34.431144
542	0.141186	75000	-0.035119	-34.466263
543	0.140415	75000	-0.034996	-34.501259
544	0.139646	75000	-0.034860	-34.536119
545	0.138880	75000	-0.034735	-34.570855
546	0.138116	75000	-0.034639	-34.605493
547	0.137356	75000	-0.034625	-34.640119
548	0.136597	75000	-0.034686	-34.674805
549	0.135841	75000	-0.034573	-34.709377
550	0.135088	75000	-0.034461	-34.743839
551	0.134337	75000	-0.034392	-34.778230
552	0.133588	75000	-0.034253	-34.812484
553	0.132843	75000	-0.034099	-34.846583
554	0.132099	75000	-0.034112	-34.880695
555	0.131358	75000	-0.033953	-34.914648
556	0.130620	75000	-0.033932	-34.948580
557	0.129884	75000	-0.033877	-34.982457
558	0.129151	75000	-0.033779	-35.016236
559	0.128420	75000	-0.033676	-35.049912
560	0.127691	75000	-0.033560	-35.083472
561	0.126965	75000	-0.033407	-35.116879
562	0.126242	75000	-0.033438	-35.150317
563	0.125521	75000	-0.033435	-35.183753
564	0.124802	75000	-0.033252	-35.217004
565	0.124086	75000	-0.033152	-35.250156
566	0.123373	75000	-0.033099	-35.283255
567	0.122662	75000	-0.033186	-35.316441
568	0.121953	75000	-0.032807	-35.349248
569	0.121247	75000	-0.032951	-35.382200
570	0.120543	75000	-0.032740	-35.414940
571	0.119842	75000	-0.032781	-35.447720
572	0.119143	75000	-0.032653	-35.480374
573	0.118447	75000	-0.032715	-35.513088
574	0.117753	75000	-0.032565	-35.545653
575	0.117062	75000	-0.032383	-35.578036
576	0.116373	75000	-0.032358	-35.610394
577	0.115686	75000	-0.032226	-35.642620
578	0.115002	75000	-0.032200	-35.674820
579	0.114320	75000	-0.032187	-35.707007
580	0.113641	75000	-0.032026	-35.739033
581	0.112964	75000	-0.031984	-35.771017
582	0.112290	75000	-0.032087	-35.803104
583	0.111618	75000	-0.032020	-35.835124
584	0.110948	75000	-0.031854	-35.866978
585	0.110281	75000	-0.031860	-35.898838
586	0.109616	75000	-0.031593	-35.930431
587	0.108954	75000	-0.031402	-35.961833
588	0.108294	75000	-0.031645	-35.993477
589	0.107637	75000	-0.031460	-36.024938
590	0.106981	75000	-0.031276	-36.056213
591	0.106329	75000	-0.031250	-36.087463
592	0.105678	75000	-0.031259	-36.118722
593	0.105030	75000	-0.031108	-36.149830
594	0.104385	75000	-0.031174	-36.181004
595	0.103742	75000	-0.031084	-36.212089
596	0.103101	75000	-0.031011	-36.243099
597	0.102463	75000	-0.030889	-36.273988
598	0.101827	75000	-0.030778	-36.304766
599	0.101193	75000	-0.030811	-36.335577
600	0.100562	75000	-0.030814	-36.366391
601	0.099933	75000	-0.030546	-36.396936
602	0.099306	75000	-0.030486	-36.427423
603	0.098682	75000	-0.030479	-36.457902
604	0.098060	75000	-0.030238	-36.488140
605	0.097441	75000	-0.030401	-36.518540
606	0.096824	75000	-0.030109	-36.548650
607	0.096209	75000	-0.030147	-36.578797
608	0.095596	75000	-0.030141	-36.608938
609	0.094986	75000	-0.030061	-36.638999
610	0.094379	75000	-0.030008	-36.669007
611	0.093773	75000	-0.030028	-36.699034
612	0.093170	75000	-0.029799	-36.728834
613	0.092570	75000	-0.029832	-36.758666
614	0.091971	75000	-0.029655	-36.788321
615	0.091375	75000	-0.029529	-36.817850
616	0.090781	75000	-0.029661	-36.847511
617	0.090190	75000	-0.029435	-36.876946
618	0.089601	75000	-0.029529	-36.906475
619	0.089014	75000	-0.029464	-36.935938
620	0.088430	75000	-0.029294	-36.965232
621	0.087848	75000	-0.029278	-36.994510
622	0.087268	75000	-0.029320	-37.023830
623	0.086690	75000	-0.028984	-37.052814
624	0.086115	75000	-0.029122	-37.081936
625	0.085542	75000	-0.029027	-37.110964
626	0.084971	75000	-0.028935	-37.139899
627	0.084403	75000	-0.028793	-37.168692
628	0.083837	75000	-0.028931	-37.197623
629	0.083273	75000	-0.028934	-37.226556
630	0.082712	75000	-0.028723	-37.255279
631	0.082152	75000	-0.028766	-37.284045
632	0.081595	75000	-0.028650	-37.312695
633	0.081041	75000	-0.028737	-37.341433
634	0.080488	75000	-0.028567	-37.370000
635	0.079938	75000	-0.028468	-37.398468
636	0.079390	75000	-0.028434	-37.426902
637	0.078845	75000	-0.028275	-37.455178
638	0.078301	75000	-0.028294	-37.483472
639	0.077760	75000	-0.028078	-37.511550
640	0.077221	75000	-0.028071	-37.539621
641	0.076684	75000	-0.028147	-37.567768
642	0.076150	75000	-0.027965	-37.595733
643	0.075618	75000	-0.028096	-37.623829
644	0.075088	75000	-0.027750	-37.651579
645	0.074560	75000	-0.027950	-37.679528
646	0.074035	75000	-0.027772	-37.707300
647	0.073512	75000	-0.027810	-37.735111
648	0.072991	75000	-0.027491	-37.762601
649	0.072472	75000	-0.027589	-37.790191
650	0.071955	75000	-0.027687	-37.817877
651	0.071441	75000	-0.027565	-37.845442
652	0.070929	75000	-0.027616	-37.873058
653	0.070419	75000	-0.027629	-37.900687
654	0.069911	75000	-0.027518	-37.928206
655	0.069406	75000	-0.027051	-37.955256
656	0.068903	75000	-0.027391	-37.982648
657	0.068401	75000	-0.027307	-38.009954
658	0.067903	75000	-0.027054	-38.037009
659	0.067406	75000	-0.027360	-38.064369
660	0.066911	75000	-0.027106	-38.091475
661	0.066419	75000	-0.027315	-38.118789
662	0.065929	75000	-0.026856	-38.145645
663	0.065441	75000	-0.026809	-38.172454
664	0.064955	75000	-0.026949	-38.199403
665	0.064471	75000	-0.026745	-38.226148
666	0.063990	75000	-0.026866	-38.253014
667	0.063510	75000	-0.026906	-38.279920
668	0.063033	75000	-0.026695	-38.306615
669	0.062558	75000	-0.026507	-38.333123
670	0.062085	75000	-0.026454	-38.359577
671	0.061615	75000	-0.026408	-38.385984
672	0.061146	75000	-0.026393	-38.412378
673	0.060680	75000	-0.026293	-38.438670
674	0.060216	75000	-0.026404	-38.465074
675	0.059753	75000	-0.026307	-38.491381
676	0.059293	75000	-0.026230	-38.517611
677	0.058836	75000	-0.026129	-38.543740
678	0.058380	75000	-0.026235	-38.569974
679	0.057926	75000	-0.026206	-38.596180
680	0.057475	75000	-0.026168	-38.622348
681	0.057025	75000	-0.026214	-38.648562
682	0.056578	75000	-0.026189	-38.674750
683	0.056133	75000	-0.026390	-38.701140
684	0.055690	75000	-0.025937	-38.727077
685	0.055249	75000	-0.026043	-38.753120
686	0.054810	75000	-0.025981	-38.779101
687	0.054373	75000	-0.025884	-38.804985
688	0.053939	75000	-0.026020	-38.831005
689	0.053506	75000	-0.025765	-38.856770
690	0.053076	75000	-0.025684	-38.882454
691	0.052647	75000	-0.025674	-38.908128
692	0.052221	75000	-0.025870	-38.933998
693	0.051797	75000	-0.025611	-38.959609
694	0.051375	75000	-0.025467	-38.985075
695	0.050955	75000	-0.025512	-39.010587
696	0.050537	75000	-0.025710	-39.036297
697	0.050121	75000	-0.025782	-39.062079
698	0.049707	75000	-0.025454	-39.087533
699	0.049295	75000	-0.025665	-39.113198
700	0.048885	75000	-0.025602	-39.138799
701	0.048478	75000	-0.025285	-39.164085
702	0.048072	75000	-0.025254	-39.189339
703	0.047668	75000	-0.025433	-39.214772
704	0.047267	75000	-0.025114	-39.239886
705	0.046867	75000	-0.025214	-39.265099
706	0.046470	75000	-0.025602	-39.290701
707	0.046074	75000	-0.025436	-39.316137
708	0.045681	75000	-0.025602	-39.341739
709	0.045289	75000	-0.025070	-39.366809
710	0.044900	75000	-0.025536	-39.392344
711	0.044512	75000	-0.025328	-39.417672
712	0.044127	75000	-0.025315	-39.442987
713	0.043744	75000	-0.025008	-39.467995
714	0.043362	75000	-0.025368	-39.493363
715	0.042983	75000	-0.025124	-39.518487
716	0.042606	75000	-0.024882	-39.543369
717	0.042230	75000	-0.025264	-39.568633
718	0.041857	75000	-0.025609	-39.594242
719	0.041485	75000	-0.025061	-39.619303
720	0.041116	75000	-0.025046	-39.644348
721	0.040749	75000	-0.025063	-39.669411
722	0.040383	75000	-0.024917	-39.694328
723	0.040020	75000	-0.025061	-39.719389
724	0.039658	75000	-0.024824	-39.744213
725	0.039299	75000	-0.024991	-39.769204
726	0.038941	75000	-0.025170	-39.794374
727	0.038585	75000	-0.025403	-39.819778
728	0.038232	75000	-0.025122	-39.844900
729	0.037880	75000	-0.024829	-39.869729
730	0.037530	75000	-0.025160	-39.894888
731	0.037182	75000	-0.025203	-39.920091
732	0.036836	75000	-0.025332	-39.945423
733	0.036493	75000	-0.025293	-39.970716
734	0.036151	75000	-0.025321	-39.996037
735	0.035810	75000	-0.025439	-40.021477
736	0.035472	75000	-0.025071	-40.046548
737	0.035136	75000	-0.024737	-40.071285
738	0.034802	75000	-0.025271	-40.096556
739	0.034469	75000	-0.025119	-40.121675
740	0.034139	75000	-0.025154	-40.146829
741	0.033810	75000	-0.025315	-40.172144
742	0.033484	75000	-0.025058	-40.197201
743	0.033159	75000	-0.025138	-40.222339
744	0.032836	75000	-0.025205	-40.247544
745	0.032515	75000	-0.025337	-40.272881
746	0.032196	75000	-0.025301	-40.298183
747	0.031879	75000	-0.025215	-40.323398
748	0.031563	75000	-0.025609	-40.349006
749	0.031250	75000	-0.024997	-40.374004
750	0.030938	75000	-0.025384	-40.399388
751	0.030629	75000	-0.025442	-40.424830
752	0.030321	75000	-0.025468	-40.450299
753	0.030015	75000	-0.025270	-40.475568
754	0.029711	75000	-0.025214	-40.500782
755	0.029409	75000	-0.025254	-40.526036
756	0.029108	75000	-0.025554	-40.551590
757	0.028810	75000	-0.025606	-40.577195
758	0.028513	75000	-0.025954	-40.603149
759	0.028218	75000	-0.025473	-40.628622
760	0.027925	75000	-0.025747	-40.654369
761	0.027634	75000	-0.026460	-40.680829
762	0.027345	75000	-0.025798	-40.706627
763	0.027057	75000	-0.025899	-40.732526
764	0.026771	75000	-0.026121	-40.758647
765	0.026487	75000	-0.025889	-40.784536
766	0.026205	75000	-0.026396	-40.810932
767	0.025925	75000	-0.026540	-40.837472
768	0.025647	75000	-0.026338	-40.863810
769	0.025370	75000	-0.026348	-40.890158
770	0.025095	75000	-0.026660	-40.916818
771	0.024822	75000	-0.026663	-40.943480
772	0.024551	75000	-0.026905	-40.970386
773	0.024281	75000	-0.026640	-40.997025
774	0.024014	75000	-0.027264	-41.024289
775	0.023748	75000	-0.026536	-41.050826
776	0.023483	75000	-0.027327	-41.078152
777	0.023221	75000	-0.027288	-41.105440
778	0.022960	75000	-0.027621	-41.133061
779	0.022702	75000	-0.027638	-41.160700
780	0.022445	75000	-0.028179	-41.188879
781	0.022189	75000	-0.027951	-41.216830
782	0.021936	75000	-0.027453	-41.244283
783	0.021684	75000	-0.028060	-41.272343
784	0.021434	75000	-0.027939	-41.300282
785	0.021185	75000	-0.028286	-41.328568
786	0.020939	75000	-0.028213	-41.356781
787	0.020694	75000	-0.027909	-41.384690
788	0.020451	75000	-0.028319	-41.413009
789	0.020209	75000	-0.029792	-41.442801
790	0.019969	75000	-0.029162	-41.471963
791	0.019731	75000	-0.028721	-41.500684
792	0.019495	75000	-0.029402	-41.530087
793	0.019261	75000	-0.029721	-41.559808
794	0.019028	75000	-0.030283	-41.590091
795	0.018796	75000	-0.030795	-41.620886
796	0.018567	75000	-0.030425	-41.651310
797	0.018339	75000	-0.030874	-41.682185
798	0.018113	75000	-0.031531	-41.713716
799	0.017889	75000	-0.031973	-41.745689
800	0.017666	75000	-0.031449	-41.777138
801	0.017445	75000	-0.032009	-41.809147
802	0.017225	75000	-0.032644	-41.841791
803	0.017007	75000	-0.032695	-41.874486
804	0.016791	75000	-0.032228	-41.906715
805	0.016577	75000	-0.033537	-41.940252
806	0.016364	75000	-0.033340	-41.973591
807	0.016153	75000	-0.032246	-42.005837
808	0.015943	75000	-0.033220	-42.039057
809	0.015736	75000	-0.034295	-42.073351
810	0.015529	75000	-0.035003	-42.108354
811	0.015325	75000	-0.035898	-42.144252
812	0.015122	75000	-0.036048	-42.180300
813	0.014920	75000	-0.037685	-42.217986
814	0.014721	75000	-0.036280	-42.254266
815	0.014523	75000	-0.040014	-42.294280
816	0.014326	75000	-0.036897	-42.331176
817	0.014131	75000	-0.038438	-42.369614
818	0.013938	75000	-0.043433	-42.413047
819	0.013746	75000	-0.040387	-42.453433
820	0.013556	75000	-0.041023	-42.494456
821	0.013367	75000	-0.040969	-42.535425
822	0.013181	75000	-0.044638	-42.580064
823	0.012995	75000	-0.045132	-42.625196
824	0.012811	75000	-0.048353	-42.673548
825	0.012629	75000	-0.046528	-42.720077
826	0.012448	75000	-0.047626	-42.767703
827	0.012269	75000	-0.048998	-42.816701
828	0.012092	75000	-0.046420	-42.863121
829	0.011916	75000	-0.052619	-42.915740
830	0.011741	75000	-0.051858	-42.967598
831	0.011568	75000	-0.050996	-43.018594
832	0.011397	75000	-0.055768	-43.074361
833	0.011227	75000	-0.055260	-43.129622
834	0.011059	75000	-0.055608	-43.185230
835	0.010892	75000	-0.059981	-43.245211
836	0.010727	75000	-0.058769	-43.303980
837	0.010563	75000	-0.062790	-43.366770
838	0.010401	75000	-0.062543	-43.429313
839	0.010240	75000	-0.065124	-43.494437
840	0.010081	75000	-0.065458	-43.559896
841	0.009923	75000	-0.069143	-43.629038
842	0.009767	75000	-0.067056	-43.696094
843	0.009612	75000	-0.070365	-43.766459
844	0.009459	75000	-0.067996	-43.834455
845	0.009307	75000	-0.073129	-43.907584
846	0.009156	75000	-0.078305	-43.985889
847	0.009008	75000	-0.077114	-44.063003
848	0.008860	75000	-0.080078	-44.143081
849	0.008714	75000	-0.079397	-44.222478
850	0.008570	75000	-0.079224	-44.301702
851	0.008427	75000	-0.081712	-44.383414
852	0.008285	75000	-0.083903	-44.467317
853	0.008145	75000	-0.082745	-44.550062
854	0.008006	75000	-0.087927	-44.637990
855	0.007869	75000	-0.086804	-44.724794
856	0.007733	75000	-0.089027	-44.813820
857	0.007598	75000	-0.092063	-44.905884
858	0.007465	75000	-0.090537	-44.996421
859	0.007334	75000	-0.089190	-45.085611
860	0.007203	75000	-0.091776	-45.177387
861	0.007075	75000	-0.092413	-45.269800
862	0.006947	75000	-0.097734	-45.367534
863	0.006821	75000	-0.096627	-45.464161
864	0.006696	75000	-0.094979	-45.559140
865	0.006573	75000	-0.096743	-45.655883
866	0.006451	75000	-0.096422	-45.752305
867	0.006330	75000	-0.096045	-45.848350
868	0.006211	75000	-0.096696	-45.945046
869	0.006093	75000	-0.096718	-46.041765
870	0.005977	75000	-0.099201	-46.140965
871	0.005862	75000	-0.098259	-46.239225
872	0.005748	75000	-0.096557	-46.335781
873	0.005635	75000	-0.097646	-46.433427
874	0.005524	75000	-0.095496	-46.528923
875	0.005414	75000	-0.094616	-46.623540
876	0.005306	75000	-0.094853	-46.718393
877	0.005199	75000	-0.095445	-46.813838
878	0.005093	75000	-0.096119	-46.909957
879	0.004988	75000	-0.096015	-47.005972
880	0.004885	75000	-0.095076	-47.101048
881	0.004783	75000	-0.095177	-47.196224
882	0.004682	75000	-0.094641	-47.290866
883	0.004583	75000	-0.092922	-47.383787
884	0.004485	75000	-0.090130	-47.473917
885	0.004388	75000	-0.091878	-47.565796
886	0.004292	75000	-0.090486	-47.656281
887	0.004198	75000	-0.090424	-47.746706
888	0.004105	75000	-0.089089	-47.835794
889	0.004013	75000	-0.087666	-47.923460
890	0.003923	75000	-0.088096	-48.011556
891	0.003833	75000	-0.087248	-48.098804
892	0.003745	75000	-0.086025	-48.184829
893	0.003658	75000	-0.085403	-48.270232
894	0.003573	75000	-0.083775	-48.354007
895	0.003488	75000	-0.083383	-48.437391
896	0.003405	75000	-0.081767	-48.519157
897	0.003323	75000	-0.081215	-48.600372
898	0.003242	75000	-0.080404	-48.680776
899	0.003162	75000	-0.079513	-48.760288
900	0.003084	75000	-0.078447	-48.838735
901	0.003007	75000	-0.077803	-48.916539
902	0.002930	75000	-0.076517	-48.993055
903	0.002855	75000	-0.075446	-49.068501
904	0.002782	75000	-0.074377	-49.142878
905	0.002709	75000	-0.073765	-49.216642
906	0.002638	75000	-0.072622	-49.289264
907	0.002567	75000	-0.071861	-49.361125
908	0.002498	75000	-0.070728	-49.431853
909	0.002430	75000	-0.069843	-49.501696
910	0.002363	75000	-0.068936	-49.570632
911	0.002297	75000	-0.067694	-49.638326
912	0.002233	75000	-0.066951	-49.705277
913	0.002169	75000	-0.065411	-49.770688
914	0.002106	75000	-0.064690	-49.835378
915	0.002045	75000	-0.063365	-49.898743
916	0.001985	75000	-0.062823	-49.961566
917	0.001925	75000	-0.061478	-50.023044
918	0.001867	75000	-0.060406	-50.083451
919	0.001810	75000	-0.059453	-50.142904
920	0.001754	75000	-0.058404	-50.201308
921	0.001699	75000	-0.057422	-50.258730
922	0.001645	75000	-0.056360	-50.315090
923	0.001592	75000	-0.055443	-50.370532
924	0.001540	75000	-0.054253	-50.424786
925	0.001490	75000	-0.053447	-50.478233
926	0.001440	75000	-0.052492	-50.530725
927	0.001391	75000	-0.051381	-50.582105
928	0.001343	75000	-0.050188	-50.632293
929	0.001296	75000	-0.049276	-50.681569
930	0.001251	75000	-0.048336	-50.729905
931	0.001206	75000	-0.047246	-50.777151
932	0.001162	75000	-0.046279	-50.823430
933	0.001119	75000	-0.045477	-50.868907
934	0.001077	75000	-0.044232	-50.913140
935	0.001036	75000	-0.043377	-50.956517
936	0.000996	75000	-0.042339	-50.998855
937	0.000957	75000	-0.041438	-51.040293
938	0.000919	75000	-0.040470	-51.080764
939	0.000882	75000	-0.039491	-51.120255
940	0.000846	75000	-0.038597	-51.158852
941	0.000810	75000	-0.037605	-51.196457
942	0.000776	75000	-0.036683	-51.233140
943	0.000742	75000	-0.035714	-51.268854
944	0.000709	75000	-0.034890	-51.303744
945	0.000678	75000	-0.033872	-51.337616
946	0.000647	75000	-0.033127	-51.370743
947	0.000617	75000	-0.032119	-51.402861
948	0.000587	75000	-0.031260	-51.434121
949	0.000559	75000	-0.030336	-51.464457
950	0.000531	75000	-0.029498	-51.493954
951	0.000505	75000	-0.028556	-51.522510
952	0.000479	75000	-0.027676	-51.550186
953	0.000454	75000	-0.026839	-51.577025
954	0.000430	75000	-0.025998	-51.603023
955	0.000406	75000	-0.025165	-51.628189
956	0.000383	75000	-0.024259	-51.652448
957	0.000362	75000	-0.023472	-51.675920
958	0.000340	75000	-0.022713	-51.698633
959	0.000320	75000	-0.021856	-51.720489
960	0.000300	75000	-0.021094	-51.741583
961	0.000281	75000	-0.020228	-51.761811
962	0.000263	75000	-0.019448	-51.781259
963	0.000246	75000	-0.018754	-51.800013
964	0.000229	75000	-0.018006	-51.818019
965	0.000213	75000	-0.017209	-51.835228
966	0.000198	75000	-0.016487	-51.851715
967	0.000183	75000	-0.015781	-51.867496
968	0.000169	75000	-0.015020	-51.882516
969	0.000156	75000	-0.014288	-51.896804
970	0.000143	75000	-0.013658	-51.910461
971	0.000131	75000	-0.012940	-51.923402
972	0.000120	75000	-0.012284	-51.935685
973	0.000109	75000	-0.011609	-51.947295
974	0.000099	75000	-0.010979	-51.958273
975	0.000089	75000	-0.010340	-51.968613
976	0.000080	75000	-0.009715	-51.978328
977	0.000072	75000	-0.009092	-51.987420
978	0.000064	75000	-0.008488	-51.995908
979	0.000057	75000	-0.007911	-52.003819
980	0.000050	75000	-0.007341	-52.011160
981	0.000043	75000	-0.006778	-52.017938
982	0.000038	75000	-0.006236	-52.024174
983	0.000032	75000	-0.005710	-52.029884
984	0.000028	75000	-0.005196	-52.035080
985	0.000023	75000	-0.004701	-52.039781
986	0.000019	75000	-0.004234	-52.044015
987	0.000016	75000	-0.003769	-52.047784
988	0.000013	75000	-0.003321	-52.051105
989	0.000010	75000	-0.002900	-52.054005
990	0.000008	75000	-0.002502	-52.056506
991	0.000006	75000	-0.002118	-52.058625
992	0.000004	75000	-0.001753	-52.060378
993	0.000003	75000	-0.001413	-52.061791
994	0.000002	75000	-0.001099	-52.062890
995	0.000001	75000	-0.000815	-52.063705
996	0.000000	75000	-0.000559	-52.064264
997	0.000000	75000	-0.000338	-52.064602
998	0.000000	75000	-0.000159	-52.064761
999	0.000000	75000	-0.000034	-52.064795
Log marginal likelihood:	-52.064795
