Steppingstone sampler:
        No Stones:                  1000
        Start It:                   10000001
        It Per Stone:               100000
        Sample Freq:                1
        Dist:                       Beta(0.400000,1.000000)
Stone No	Power	N	Stone MLh	Running MLh
0	0.997502	75000	-0.070586	-0.070586
1	0.995007	75000	-0.070453	-0.141039
2	0.992517	75000	-0.070340	-0.211379
3	0.990030	75000	-0.070322	-0.281701
4	0.987547	75000	-0.070189	-0.351891
5	0.985067	75000	-0.070068	-0.421959
6	0.982592	75000	-0.070001	-0.491960
7	0.980120	75000	-0.069896	-0.561856
8	0.977652	75000	-0.069756	-0.631612
9	0.975187	75000	-0.069766	-0.701377
10	0.972726	75000	-0.069562	-0.770940
11	0.970269	75000	-0.069473	-0.840413
12	0.967816	75000	-0.069401	-0.909814
13	0.965367	75000	-0.069274	-0.979089
14	0.962921	75000	-0.069186	-1.048275
15	0.960479	75000	-0.069150	-1.117425
16	0.958040	75000	-0.069022	-1.186446
17	0.955606	75000	-0.068957	-1.255403
18	0.953175	75000	-0.068748	-1.324151
19	0.950747	75000	-0.068730	-1.392881
20	0.948324	75000	-0.068608	-1.461490
21	0.945904	75000	-0.068559	-1.530049
22	0.943488	75000	-0.068395	-1.598444
23	0.941076	75000	-0.068345	-1.666789
24	0.938667	75000	-0.068239	-1.735029
25	0.936262	75000	-0.068114	-1.803142
26	0.933861	75000	-0.068026	-1.871168
27	0.931463	75000	-0.067927	-1.939095
28	0.929069	75000	-0.067768	-2.006863
29	0.926679	75000	-0.067758	-2.074621
30	0.924293	75000	-0.067611	-2.142232
31	0.921910	75000	-0.067556	-2.209788
32	0.919531	75000	-0.067415	-2.277203
33	0.917155	75000	-0.067267	-2.344470
34	0.914783	75000	-0.067246	-2.411716
35	0.912415	75000	-0.067190	-2.478905
36	0.910051	75000	-0.067008	-2.545913
37	0.907690	75000	-0.066982	-2.612895
38	0.905333	75000	-0.066866	-2.679761
39	0.902980	75000	-0.066724	-2.746485
40	0.900630	75000	-0.066643	-2.813128
41	0.898284	75000	-0.066593	-2.879721
42	0.895942	75000	-0.066515	-2.946236
43	0.893603	75000	-0.066409	-3.012645
44	0.891268	75000	-0.066298	-3.078943
45	0.888937	75000	-0.066184	-3.145127
46	0.886609	75000	-0.066082	-3.211208
47	0.884285	75000	-0.065974	-3.277182
48	0.881965	75000	-0.065898	-3.343080
49	0.879648	75000	-0.065780	-3.408859
50	0.877335	75000	-0.065712	-3.474571
51	0.875026	75000	-0.065550	-3.540121
52	0.872720	75000	-0.065457	-3.605578
53	0.870418	75000	-0.065359	-3.670937
54	0.868120	75000	-0.065292	-3.736229
55	0.865825	75000	-0.065184	-3.801414
56	0.863534	75000	-0.065097	-3.866511
57	0.861246	75000	-0.064986	-3.931497
58	0.858962	75000	-0.064894	-3.996391
59	0.856682	75000	-0.064882	-4.061273
60	0.854405	75000	-0.064771	-4.126044
61	0.852132	75000	-0.064571	-4.190615
62	0.849863	75000	-0.064515	-4.255130
63	0.847597	75000	-0.064379	-4.319510
64	0.845335	75000	-0.064288	-4.383797
65	0.843077	75000	-0.064236	-4.448033
66	0.840822	75000	-0.064208	-4.512242
67	0.838571	75000	-0.064080	-4.576322
68	0.836323	75000	-0.064001	-4.640323
69	0.834079	75000	-0.063889	-4.704212
70	0.831839	75000	-0.063785	-4.767997
71	0.829602	75000	-0.063661	-4.831658
72	0.827369	75000	-0.063528	-4.895186
73	0.825140	75000	-0.063448	-4.958634
74	0.822914	75000	-0.063380	-5.022014
75	0.820691	75000	-0.063303	-5.085317
76	0.818473	75000	-0.063193	-5.148511
77	0.816258	75000	-0.063127	-5.211637
78	0.814046	75000	-0.062974	-5.274612
79	0.811838	75000	-0.062954	-5.337566
80	0.809634	75000	-0.062796	-5.400362
81	0.807433	75000	-0.062669	-5.463031
82	0.805236	75000	-0.062620	-5.525652
83	0.803043	75000	-0.062518	-5.588169
84	0.800853	75000	-0.062475	-5.650644
85	0.798667	75000	-0.062326	-5.712970
86	0.796484	75000	-0.062201	-5.775171
87	0.794305	75000	-0.062181	-5.837352
88	0.792129	75000	-0.062044	-5.899396
89	0.789957	75000	-0.061956	-5.961352
90	0.787789	75000	-0.061847	-6.023199
91	0.785624	75000	-0.061817	-6.085016
92	0.783463	75000	-0.061690	-6.146706
93	0.781305	75000	-0.061576	-6.208282
94	0.779151	75000	-0.061560	-6.269843
95	0.777000	75000	-0.061445	-6.331288
96	0.774853	75000	-0.061328	-6.392616
97	0.772710	75000	-0.061185	-6.453800
98	0.770570	75000	-0.061040	-6.514841
99	0.768433	75000	-0.061036	-6.575877
100	0.766301	75000	-0.060932	-6.636809
101	0.764172	75000	-0.060870	-6.697679
102	0.762046	75000	-0.060755	-6.758434
103	0.759924	75000	-0.060671	-6.819104
104	0.757805	75000	-0.060588	-6.879692
105	0.755690	75000	-0.060464	-6.940156
106	0.753579	75000	-0.060362	-7.000518
107	0.751471	75000	-0.060252	-7.060771
108	0.749366	75000	-0.060171	-7.120942
109	0.747266	75000	-0.060059	-7.181001
110	0.745168	75000	-0.059983	-7.240985
111	0.743075	75000	-0.059886	-7.300870
112	0.740984	75000	-0.059763	-7.360634
113	0.738898	75000	-0.059724	-7.420357
114	0.736815	75000	-0.059604	-7.479962
115	0.734735	75000	-0.059536	-7.539498
116	0.732659	75000	-0.059442	-7.598940
117	0.730586	75000	-0.059340	-7.658280
118	0.728517	75000	-0.059218	-7.717498
119	0.726452	75000	-0.059169	-7.776668
120	0.724390	75000	-0.059094	-7.835762
121	0.722331	75000	-0.058963	-7.894725
122	0.720276	75000	-0.058878	-7.953603
123	0.718225	75000	-0.058815	-8.012418
124	0.716177	75000	-0.058667	-8.071085
125	0.714132	75000	-0.058652	-8.129737
126	0.712091	75000	-0.058482	-8.188219
127	0.710054	75000	-0.058449	-8.246668
128	0.708020	75000	-0.058395	-8.305064
129	0.705989	75000	-0.058292	-8.363356
130	0.703962	75000	-0.058165	-8.421521
131	0.701939	75000	-0.058120	-8.479641
132	0.699919	75000	-0.057943	-8.537584
133	0.697902	75000	-0.057884	-8.595468
134	0.695889	75000	-0.057776	-8.653245
135	0.693880	75000	-0.057623	-8.710868
136	0.691874	75000	-0.057533	-8.768401
137	0.689871	75000	-0.057546	-8.825946
138	0.687872	75000	-0.057385	-8.883331
139	0.685877	75000	-0.057336	-8.940667
140	0.683885	75000	-0.057282	-8.997949
141	0.681896	75000	-0.057150	-9.055098
142	0.679911	75000	-0.057039	-9.112138
143	0.677929	75000	-0.056963	-9.169100
144	0.675951	75000	-0.056891	-9.225991
145	0.673976	75000	-0.056788	-9.282779
146	0.672005	75000	-0.056692	-9.339471
147	0.670037	75000	-0.056600	-9.396071
148	0.668073	75000	-0.056504	-9.452575
149	0.666112	75000	-0.056410	-9.508985
150	0.664155	75000	-0.056353	-9.565338
151	0.662201	75000	-0.056251	-9.621589
152	0.660250	75000	-0.056174	-9.677762
153	0.658303	75000	-0.056050	-9.733812
154	0.656359	75000	-0.055887	-9.789699
155	0.654419	75000	-0.055899	-9.845598
156	0.652483	75000	-0.055834	-9.901432
157	0.650549	75000	-0.055588	-9.957019
158	0.648619	75000	-0.055577	-10.012597
159	0.646693	75000	-0.055481	-10.068078
160	0.644770	75000	-0.055337	-10.123415
161	0.642851	75000	-0.055344	-10.178759
162	0.640934	75000	-0.055270	-10.234030
163	0.639022	75000	-0.055192	-10.289222
164	0.637113	75000	-0.055137	-10.344358
165	0.635207	75000	-0.054899	-10.399258
166	0.633304	75000	-0.054922	-10.454180
167	0.631405	75000	-0.054811	-10.508991
168	0.629510	75000	-0.054686	-10.563676
169	0.627618	75000	-0.054616	-10.618293
170	0.625729	75000	-0.054522	-10.672815
171	0.623844	75000	-0.054432	-10.727247
172	0.621962	75000	-0.054353	-10.781600
173	0.620083	75000	-0.054268	-10.835868
174	0.618208	75000	-0.054227	-10.890096
175	0.616337	75000	-0.054055	-10.944151
176	0.614468	75000	-0.054074	-10.998225
177	0.612604	75000	-0.054040	-11.052265
178	0.610742	75000	-0.053824	-11.106088
179	0.608884	75000	-0.053727	-11.159815
180	0.607029	75000	-0.053675	-11.213491
181	0.605178	75000	-0.053506	-11.266996
182	0.603330	75000	-0.053519	-11.320515
183	0.601486	75000	-0.053423	-11.373938
184	0.599645	75000	-0.053291	-11.427229
185	0.597807	75000	-0.053209	-11.480438
186	0.595973	75000	-0.053095	-11.533534
187	0.594142	75000	-0.052988	-11.586522
188	0.592314	75000	-0.052966	-11.639488
189	0.590490	75000	-0.052869	-11.692357
190	0.588669	75000	-0.052765	-11.745122
191	0.586852	75000	-0.052668	-11.797791
192	0.585038	75000	-0.052569	-11.850360
193	0.583227	75000	-0.052480	-11.902840
194	0.581420	75000	-0.052478	-11.955318
195	0.579616	75000	-0.052257	-12.007575
196	0.577815	75000	-0.052210	-12.059784
197	0.576018	75000	-0.052147	-12.111931
198	0.574224	75000	-0.052039	-12.163971
199	0.572433	75000	-0.051973	-12.215944
200	0.570646	75000	-0.051893	-12.267837
201	0.568862	75000	-0.051811	-12.319648
202	0.567082	75000	-0.051731	-12.371379
203	0.565305	75000	-0.051600	-12.422979
204	0.563531	75000	-0.051515	-12.474494
205	0.561761	75000	-0.051411	-12.525905
206	0.559993	75000	-0.051301	-12.577206
207	0.558230	75000	-0.051268	-12.628474
208	0.556469	75000	-0.051182	-12.679656
209	0.554712	75000	-0.051082	-12.730738
210	0.552958	75000	-0.051022	-12.781760
211	0.551208	75000	-0.050837	-12.832596
212	0.549461	75000	-0.050866	-12.883463
213	0.547717	75000	-0.050753	-12.934216
214	0.545977	75000	-0.050630	-12.984846
215	0.544240	75000	-0.050605	-13.035451
216	0.542506	75000	-0.050505	-13.085955
217	0.540775	75000	-0.050360	-13.136315
218	0.539048	75000	-0.050288	-13.186603
219	0.537324	75000	-0.050233	-13.236836
220	0.535604	75000	-0.050169	-13.287005
221	0.533887	75000	-0.050038	-13.337043
222	0.532173	75000	-0.050001	-13.387044
223	0.530462	75000	-0.049885	-13.436929
224	0.528755	75000	-0.049855	-13.486783
225	0.527051	75000	-0.049699	-13.536482
226	0.525350	75000	-0.049595	-13.586078
227	0.523653	75000	-0.049485	-13.635563
228	0.521958	75000	-0.049467	-13.685030
229	0.520268	75000	-0.049386	-13.734416
230	0.518580	75000	-0.049266	-13.783681
231	0.516896	75000	-0.049163	-13.832845
232	0.515215	75000	-0.049104	-13.881948
233	0.513537	75000	-0.049063	-13.931011
234	0.511863	75000	-0.048998	-13.980009
235	0.510192	75000	-0.048837	-14.028846
236	0.508524	75000	-0.048802	-14.077648
237	0.506859	75000	-0.048775	-14.126424
238	0.505198	75000	-0.048625	-14.175048
239	0.503540	75000	-0.048532	-14.223580
240	0.501885	75000	-0.048472	-14.272052
241	0.500234	75000	-0.048378	-14.320430
242	0.498586	75000	-0.048207	-14.368636
243	0.496941	75000	-0.048084	-14.416721
244	0.495299	75000	-0.048108	-14.464829
245	0.493660	75000	-0.048030	-14.512859
246	0.492025	75000	-0.047896	-14.560755
247	0.490393	75000	-0.047794	-14.608549
248	0.488765	75000	-0.047797	-14.656346
249	0.487139	75000	-0.047658	-14.704004
250	0.485517	75000	-0.047575	-14.751580
251	0.483898	75000	-0.047456	-14.799035
252	0.482283	75000	-0.047421	-14.846456
253	0.480670	75000	-0.047364	-14.893821
254	0.479061	75000	-0.047292	-14.941113
255	0.477455	75000	-0.047282	-14.988394
256	0.475852	75000	-0.047134	-15.035529
257	0.474253	75000	-0.047088	-15.082617
258	0.472656	75000	-0.046943	-15.129559
259	0.471063	75000	-0.046812	-15.176371
260	0.469474	75000	-0.046749	-15.223120
261	0.467887	75000	-0.046695	-15.269815
262	0.466304	75000	-0.046612	-15.316427
263	0.464723	75000	-0.046461	-15.362888
264	0.463146	75000	-0.046511	-15.409399
265	0.461573	75000	-0.046393	-15.455792
266	0.460002	75000	-0.046237	-15.502030
267	0.458435	75000	-0.046141	-15.548171
268	0.456871	75000	-0.046095	-15.594266
269	0.455310	75000	-0.046106	-15.640372
270	0.453752	75000	-0.045898	-15.686270
271	0.452198	75000	-0.045864	-15.732134
272	0.450647	75000	-0.045748	-15.777882
273	0.449098	75000	-0.045680	-15.823562
274	0.447554	75000	-0.045585	-15.869147
275	0.446012	75000	-0.045511	-15.914658
276	0.444473	75000	-0.045462	-15.960121
277	0.442938	75000	-0.045413	-16.005533
278	0.441406	75000	-0.045232	-16.050766
279	0.439877	75000	-0.045159	-16.095924
280	0.438351	75000	-0.045121	-16.141046
281	0.436829	75000	-0.045107	-16.186152
282	0.435309	75000	-0.044951	-16.231103
283	0.433793	75000	-0.044897	-16.276001
284	0.432280	75000	-0.044789	-16.320789
285	0.430770	75000	-0.044726	-16.365516
286	0.429263	75000	-0.044616	-16.410132
287	0.427760	75000	-0.044600	-16.454732
288	0.426259	75000	-0.044509	-16.499241
289	0.424762	75000	-0.044398	-16.543638
290	0.423268	75000	-0.044302	-16.587941
291	0.421777	75000	-0.044272	-16.632213
292	0.420289	75000	-0.044146	-16.676359
293	0.418805	75000	-0.044147	-16.720506
294	0.417323	75000	-0.044046	-16.764552
295	0.415845	75000	-0.043908	-16.808459
296	0.414370	75000	-0.043798	-16.852257
297	0.412898	75000	-0.043702	-16.895959
298	0.411429	75000	-0.043633	-16.939593
299	0.409963	75000	-0.043487	-16.983080
300	0.408501	75000	-0.043528	-17.026608
301	0.407041	75000	-0.043368	-17.069976
302	0.405585	75000	-0.043369	-17.113345
303	0.404132	75000	-0.043334	-17.156679
304	0.402682	75000	-0.043258	-17.199937
305	0.401235	75000	-0.043104	-17.243040
306	0.399791	75000	-0.042992	-17.286032
307	0.398350	75000	-0.042980	-17.329011
308	0.396913	75000	-0.042910	-17.371921
309	0.395478	75000	-0.042802	-17.414724
310	0.394047	75000	-0.042701	-17.457424
311	0.392619	75000	-0.042612	-17.500036
312	0.391194	75000	-0.042600	-17.542637
313	0.389772	75000	-0.042477	-17.585114
314	0.388353	75000	-0.042489	-17.627602
315	0.386937	75000	-0.042449	-17.670052
316	0.385524	75000	-0.042242	-17.712294
317	0.384115	75000	-0.042132	-17.754426
318	0.382708	75000	-0.042061	-17.796486
319	0.381305	75000	-0.041936	-17.838423
320	0.379904	75000	-0.041898	-17.880321
321	0.378507	75000	-0.041897	-17.922218
322	0.377113	75000	-0.041791	-17.964009
323	0.375722	75000	-0.041598	-18.005608
324	0.374334	75000	-0.041651	-18.047259
325	0.372949	75000	-0.041448	-18.088708
326	0.371567	75000	-0.041452	-18.130160
327	0.370189	75000	-0.041440	-18.171600
328	0.368813	75000	-0.041250	-18.212850
329	0.367440	75000	-0.041128	-18.253978
330	0.366071	75000	-0.041139	-18.295117
331	0.364705	75000	-0.041092	-18.336209
332	0.363341	75000	-0.041001	-18.377210
333	0.361981	75000	-0.040974	-18.418184
334	0.360624	75000	-0.040861	-18.459045
335	0.359269	75000	-0.040727	-18.499772
336	0.357918	75000	-0.040634	-18.540406
337	0.356570	75000	-0.040551	-18.580957
338	0.355225	75000	-0.040444	-18.621401
339	0.353883	75000	-0.040440	-18.661841
340	0.352544	75000	-0.040355	-18.702196
341	0.351208	75000	-0.040323	-18.742519
342	0.349875	75000	-0.040222	-18.782741
343	0.348546	75000	-0.040159	-18.822900
344	0.347219	75000	-0.040063	-18.862963
345	0.345895	75000	-0.040052	-18.903015
346	0.344574	75000	-0.039885	-18.942900
347	0.343257	75000	-0.039918	-18.982819
348	0.341942	75000	-0.039724	-19.022543
349	0.340630	75000	-0.039702	-19.062245
350	0.339322	75000	-0.039553	-19.101798
351	0.338016	75000	-0.039535	-19.141333
352	0.336714	75000	-0.039415	-19.180748
353	0.335414	75000	-0.039327	-19.220075
354	0.334118	75000	-0.039303	-19.259377
355	0.332824	75000	-0.039268	-19.298646
356	0.331534	75000	-0.039097	-19.337743
357	0.330246	75000	-0.039113	-19.376856
358	0.328962	75000	-0.038970	-19.415826
359	0.327680	75000	-0.038898	-19.454724
360	0.326401	75000	-0.038847	-19.493570
361	0.325126	75000	-0.038794	-19.532364
362	0.323853	75000	-0.038744	-19.571108
363	0.322584	75000	-0.038670	-19.609778
364	0.321317	75000	-0.038527	-19.648304
365	0.320054	75000	-0.038522	-19.686827
366	0.318793	75000	-0.038360	-19.725187
367	0.317536	75000	-0.038468	-19.763655
368	0.316281	75000	-0.038178	-19.801833
369	0.315030	75000	-0.038137	-19.839970
370	0.313781	75000	-0.038099	-19.878069
371	0.312535	75000	-0.038040	-19.916108
372	0.311293	75000	-0.037993	-19.954102
373	0.310053	75000	-0.037876	-19.991978
374	0.308816	75000	-0.037818	-20.029795
375	0.307582	75000	-0.037770	-20.067565
376	0.306352	75000	-0.037703	-20.105268
377	0.305124	75000	-0.037600	-20.142868
378	0.303899	75000	-0.037511	-20.180379
379	0.302677	75000	-0.037388	-20.217767
380	0.301458	75000	-0.037324	-20.255092
381	0.300242	75000	-0.037321	-20.292413
382	0.299029	75000	-0.037185	-20.329598
383	0.297819	75000	-0.037109	-20.366707
384	0.296611	75000	-0.037082	-20.403789
385	0.295407	75000	-0.037004	-20.440793
386	0.294206	75000	-0.036878	-20.477671
387	0.293007	75000	-0.036820	-20.514492
388	0.291812	75000	-0.036789	-20.551281
389	0.290619	75000	-0.036708	-20.587989
390	0.289430	75000	-0.036665	-20.624654
391	0.288243	75000	-0.036610	-20.661264
392	0.287059	75000	-0.036405	-20.697669
393	0.285879	75000	-0.036506	-20.734175
394	0.284701	75000	-0.036425	-20.770600
395	0.283526	75000	-0.036238	-20.806838
396	0.282354	75000	-0.036192	-20.843031
397	0.281184	75000	-0.036152	-20.879182
398	0.280018	75000	-0.036003	-20.915185
399	0.278855	75000	-0.035956	-20.951140
400	0.277694	75000	-0.035934	-20.987075
401	0.276537	75000	-0.035925	-21.022999
402	0.275382	75000	-0.035862	-21.058861
403	0.274230	75000	-0.035739	-21.094600
404	0.273082	75000	-0.035583	-21.130183
405	0.271936	75000	-0.035544	-21.165727
406	0.270793	75000	-0.035535	-21.201262
407	0.269652	75000	-0.035385	-21.236647
408	0.268515	75000	-0.035415	-21.272062
409	0.267381	75000	-0.035344	-21.307405
410	0.266249	75000	-0.035178	-21.342583
411	0.265121	75000	-0.035268	-21.377851
412	0.263995	75000	-0.035024	-21.412876
413	0.262872	75000	-0.035013	-21.447888
414	0.261752	75000	-0.034991	-21.482879
415	0.260635	75000	-0.034862	-21.517741
416	0.259520	75000	-0.034680	-21.552420
417	0.258409	75000	-0.034661	-21.587082
418	0.257300	75000	-0.034635	-21.621717
419	0.256195	75000	-0.034615	-21.656332
420	0.255092	75000	-0.034522	-21.690854
421	0.253992	75000	-0.034326	-21.725181
422	0.252895	75000	-0.034418	-21.759598
423	0.251800	75000	-0.034343	-21.793942
424	0.250709	75000	-0.034383	-21.828325
425	0.249620	75000	-0.034202	-21.862527
426	0.248534	75000	-0.033982	-21.896509
427	0.247451	75000	-0.034091	-21.930601
428	0.246371	75000	-0.033886	-21.964486
429	0.245294	75000	-0.033917	-21.998403
430	0.244220	75000	-0.033797	-22.032200
431	0.243148	75000	-0.033690	-22.065890
432	0.242079	75000	-0.033720	-22.099610
433	0.241013	75000	-0.033711	-22.133321
434	0.239950	75000	-0.033613	-22.166934
435	0.238890	75000	-0.033453	-22.200387
436	0.237832	75000	-0.033369	-22.233756
437	0.236778	75000	-0.033393	-22.267149
438	0.235726	75000	-0.033324	-22.300472
439	0.234677	75000	-0.033190	-22.333662
440	0.233630	75000	-0.033127	-22.366789
441	0.232587	75000	-0.033059	-22.399848
442	0.231546	75000	-0.033024	-22.432871
443	0.230509	75000	-0.032887	-22.465759
444	0.229473	75000	-0.032868	-22.498627
445	0.228441	75000	-0.032858	-22.531484
446	0.227412	75000	-0.032725	-22.564209
447	0.226385	75000	-0.032635	-22.596844
448	0.225361	75000	-0.032538	-22.629382
449	0.224340	75000	-0.032501	-22.661883
450	0.223322	75000	-0.032518	-22.694401
451	0.222306	75000	-0.032396	-22.726797
452	0.221293	75000	-0.032313	-22.759109
453	0.220283	75000	-0.032338	-22.791447
454	0.219276	75000	-0.032216	-22.823664
455	0.218272	75000	-0.032202	-22.855865
456	0.217270	75000	-0.032062	-22.887927
457	0.216271	75000	-0.032036	-22.919963
458	0.215275	75000	-0.031929	-22.951892
459	0.214281	75000	-0.031839	-22.983732
460	0.213291	75000	-0.031829	-23.015561
461	0.212303	75000	-0.031747	-23.047308
462	0.211318	75000	-0.031683	-23.078990
463	0.210335	75000	-0.031568	-23.110558
464	0.209356	75000	-0.031504	-23.142062
465	0.208379	75000	-0.031526	-23.173588
466	0.207404	75000	-0.031424	-23.205012
467	0.206433	75000	-0.031451	-23.236463
468	0.205464	75000	-0.031185	-23.267648
469	0.204498	75000	-0.031186	-23.298834
470	0.203535	75000	-0.031144	-23.329979
471	0.202575	75000	-0.031092	-23.361070
472	0.201617	75000	-0.031127	-23.392198
473	0.200662	75000	-0.030919	-23.423117
474	0.199709	75000	-0.030823	-23.453940
475	0.198760	75000	-0.030777	-23.484718
476	0.197813	75000	-0.030740	-23.515458
477	0.196869	75000	-0.030753	-23.546211
478	0.195927	75000	-0.030629	-23.576839
479	0.194988	75000	-0.030632	-23.607471
480	0.194052	75000	-0.030477	-23.637948
481	0.193119	75000	-0.030438	-23.668386
482	0.192188	75000	-0.030399	-23.698785
483	0.191260	75000	-0.030290	-23.729075
484	0.190335	75000	-0.030258	-23.759333
485	0.189412	75000	-0.030227	-23.789560
486	0.188492	75000	-0.030216	-23.819776
487	0.187575	75000	-0.030071	-23.849846
488	0.186660	75000	-0.029936	-23.879782
489	0.185749	75000	-0.030067	-23.909849
490	0.184839	75000	-0.029828	-23.939677
491	0.183933	75000	-0.029887	-23.969564
492	0.183029	75000	-0.029879	-23.999443
493	0.182128	75000	-0.029676	-24.029118
494	0.181229	75000	-0.029597	-24.058715
495	0.180333	75000	-0.029645	-24.088360
496	0.179440	75000	-0.029518	-24.117878
497	0.178550	75000	-0.029523	-24.147401
498	0.177662	75000	-0.029539	-24.176940
499	0.176777	75000	-0.029324	-24.206264
500	0.175894	75000	-0.029450	-24.235714
501	0.175014	75000	-0.029230	-24.264945
502	0.174137	75000	-0.029057	-24.294002
503	0.173262	75000	-0.029170	-24.323172
504	0.172390	75000	-0.029060	-24.352232
505	0.171521	75000	-0.028920	-24.381151
506	0.170654	75000	-0.029013	-24.410165
507	0.169790	75000	-0.028907	-24.439072
508	0.168929	75000	-0.028800	-24.467871
509	0.168070	75000	-0.028749	-24.496620
510	0.167214	75000	-0.028643	-24.525264
511	0.166360	75000	-0.028741	-24.554004
512	0.165509	75000	-0.028535	-24.582539
513	0.164661	75000	-0.028679	-24.611218
514	0.163815	75000	-0.028472	-24.639690
515	0.162972	75000	-0.028573	-24.668264
516	0.162132	75000	-0.028389	-24.696652
517	0.161294	75000	-0.028339	-24.724991
518	0.160458	75000	-0.028277	-24.753269
519	0.159626	75000	-0.028136	-24.781405
520	0.158796	75000	-0.028167	-24.809572
521	0.157968	75000	-0.028077	-24.837649
522	0.157143	75000	-0.028033	-24.865682
523	0.156321	75000	-0.027900	-24.893582
524	0.155501	75000	-0.027848	-24.921430
525	0.154684	75000	-0.027801	-24.949231
526	0.153870	75000	-0.027823	-24.977054
527	0.153058	75000	-0.027566	-25.004620
528	0.152248	75000	-0.027602	-25.032222
529	0.151441	75000	-0.027601	-25.059823
530	0.150637	75000	-0.027585	-25.087408
531	0.149835	75000	-0.027651	-25.115059
532	0.149036	75000	-0.027454	-25.142513
533	0.148240	75000	-0.027363	-25.169876
534	0.147446	75000	-0.027285	-25.197161
535	0.146654	75000	-0.027371	-25.224532
536	0.145865	75000	-0.027245	-25.251777
537	0.145079	75000	-0.027223	-25.279000
538	0.144295	75000	-0.026940	-25.305940
539	0.143514	75000	-0.027022	-25.332962
540	0.142735	75000	-0.026995	-25.359957
541	0.141959	75000	-0.027079	-25.387036
542	0.141186	75000	-0.026960	-25.413995
543	0.140415	75000	-0.026818	-25.440813
544	0.139646	75000	-0.026837	-25.467650
545	0.138880	75000	-0.026682	-25.494333
546	0.138116	75000	-0.026631	-25.520964
547	0.137356	75000	-0.026643	-25.547608
548	0.136597	75000	-0.026703	-25.574310
549	0.135841	75000	-0.026551	-25.600861
550	0.135088	75000	-0.026542	-25.627403
551	0.134337	75000	-0.026322	-25.653725
552	0.133588	75000	-0.026264	-25.679989
553	0.132843	75000	-0.026283	-25.706272
554	0.132099	75000	-0.026261	-25.732533
555	0.131358	75000	-0.026086	-25.758620
556	0.130620	75000	-0.026195	-25.784814
557	0.129884	75000	-0.026031	-25.810845
558	0.129151	75000	-0.026040	-25.836885
559	0.128420	75000	-0.026032	-25.862917
560	0.127691	75000	-0.026060	-25.888976
561	0.126965	75000	-0.025784	-25.914761
562	0.126242	75000	-0.025798	-25.940558
563	0.125521	75000	-0.025833	-25.966392
564	0.124802	75000	-0.025585	-25.991977
565	0.124086	75000	-0.025611	-26.017588
566	0.123373	75000	-0.025618	-26.043206
567	0.122662	75000	-0.025455	-26.068661
568	0.121953	75000	-0.025540	-26.094201
569	0.121247	75000	-0.025479	-26.119679
570	0.120543	75000	-0.025510	-26.145189
571	0.119842	75000	-0.025303	-26.170492
572	0.119143	75000	-0.025421	-26.195913
573	0.118447	75000	-0.025326	-26.221239
574	0.117753	75000	-0.025240	-26.246479
575	0.117062	75000	-0.025154	-26.271633
576	0.116373	75000	-0.025128	-26.296760
577	0.115686	75000	-0.025002	-26.321763
578	0.115002	75000	-0.025015	-26.346778
579	0.114320	75000	-0.024988	-26.371766
580	0.113641	75000	-0.024879	-26.396645
581	0.112964	75000	-0.024851	-26.421495
582	0.112290	75000	-0.024829	-26.446324
583	0.111618	75000	-0.024728	-26.471052
584	0.110948	75000	-0.024733	-26.495785
585	0.110281	75000	-0.024674	-26.520459
586	0.109616	75000	-0.024498	-26.544958
587	0.108954	75000	-0.024691	-26.569648
588	0.108294	75000	-0.024476	-26.594124
589	0.107637	75000	-0.024548	-26.618672
590	0.106981	75000	-0.024485	-26.643157
591	0.106329	75000	-0.024523	-26.667680
592	0.105678	75000	-0.024304	-26.691984
593	0.105030	75000	-0.024333	-26.716317
594	0.104385	75000	-0.024349	-26.740666
595	0.103742	75000	-0.024305	-26.764971
596	0.103101	75000	-0.024319	-26.789290
597	0.102463	75000	-0.024378	-26.813668
598	0.101827	75000	-0.024134	-26.837802
599	0.101193	75000	-0.024105	-26.861907
600	0.100562	75000	-0.024035	-26.885942
601	0.099933	75000	-0.023861	-26.909803
602	0.099306	75000	-0.023935	-26.933738
603	0.098682	75000	-0.023908	-26.957646
604	0.098060	75000	-0.023990	-26.981636
605	0.097441	75000	-0.023733	-27.005369
606	0.096824	75000	-0.023813	-27.029182
607	0.096209	75000	-0.023651	-27.052833
608	0.095596	75000	-0.023544	-27.076378
609	0.094986	75000	-0.023554	-27.099931
610	0.094379	75000	-0.023539	-27.123470
611	0.093773	75000	-0.023538	-27.147008
612	0.093170	75000	-0.023582	-27.170590
613	0.092570	75000	-0.023530	-27.194120
614	0.091971	75000	-0.023498	-27.217618
615	0.091375	75000	-0.023514	-27.241132
616	0.090781	75000	-0.023370	-27.264503
617	0.090190	75000	-0.023136	-27.287639
618	0.089601	75000	-0.023366	-27.311005
619	0.089014	75000	-0.023144	-27.334149
620	0.088430	75000	-0.023014	-27.357162
621	0.087848	75000	-0.023324	-27.380486
622	0.087268	75000	-0.023032	-27.403518
623	0.086690	75000	-0.023137	-27.426655
624	0.086115	75000	-0.023077	-27.449733
625	0.085542	75000	-0.023100	-27.472832
626	0.084971	75000	-0.022864	-27.495696
627	0.084403	75000	-0.022750	-27.518446
628	0.083837	75000	-0.022941	-27.541387
629	0.083273	75000	-0.022762	-27.564148
630	0.082712	75000	-0.022845	-27.586993
631	0.082152	75000	-0.022933	-27.609925
632	0.081595	75000	-0.022892	-27.632818
633	0.081041	75000	-0.022704	-27.655522
634	0.080488	75000	-0.022640	-27.678162
635	0.079938	75000	-0.022698	-27.700860
636	0.079390	75000	-0.022446	-27.723306
637	0.078845	75000	-0.022458	-27.745764
638	0.078301	75000	-0.022402	-27.768167
639	0.077760	75000	-0.022370	-27.790536
640	0.077221	75000	-0.022299	-27.812835
641	0.076684	75000	-0.022435	-27.835271
642	0.076150	75000	-0.022374	-27.857645
643	0.075618	75000	-0.022461	-27.880106
644	0.075088	75000	-0.022315	-27.902420
645	0.074560	75000	-0.022272	-27.924692
646	0.074035	75000	-0.022077	-27.946770
647	0.073512	75000	-0.022330	-27.969100
648	0.072991	75000	-0.022346	-27.991446
649	0.072472	75000	-0.022257	-28.013703
650	0.071955	75000	-0.022205	-28.035908
651	0.071441	75000	-0.022238	-28.058146
652	0.070929	75000	-0.022102	-28.080248
653	0.070419	75000	-0.022005	-28.102253
654	0.069911	75000	-0.022186	-28.124439
655	0.069406	75000	-0.021956	-28.146395
656	0.068903	75000	-0.022066	-28.168462
657	0.068401	75000	-0.022000	-28.190462
658	0.067903	75000	-0.021904	-28.212366
659	0.067406	75000	-0.021714	-28.234080
660	0.066911	75000	-0.022038	-28.256118
661	0.066419	75000	-0.021946	-28.278064
662	0.065929	75000	-0.021824	-28.299888
663	0.065441	75000	-0.021632	-28.321520
664	0.064955	75000	-0.021644	-28.343164
665	0.064471	75000	-0.021689	-28.364853
666	0.063990	75000	-0.021758	-28.386611
667	0.063510	75000	-0.021656	-28.408266
668	0.063033	75000	-0.021549	-28.429815
669	0.062558	75000	-0.021653	-28.451468
670	0.062085	75000	-0.021525	-28.472993
671	0.061615	75000	-0.021656	-28.494649
672	0.061146	75000	-0.021568	-28.516217
673	0.060680	75000	-0.021576	-28.537793
674	0.060216	75000	-0.021680	-28.559474
675	0.059753	75000	-0.021361	-28.580835
676	0.059293	75000	-0.021431	-28.602266
677	0.058836	75000	-0.021378	-28.623643
678	0.058380	75000	-0.021296	-28.644939
679	0.057926	75000	-0.021554	-28.666493
680	0.057475	75000	-0.021361	-28.687854
681	0.057025	75000	-0.021521	-28.709375
682	0.056578	75000	-0.021391	-28.730766
683	0.056133	75000	-0.021417	-28.752183
684	0.055690	75000	-0.021406	-28.773589
685	0.055249	75000	-0.021175	-28.794764
686	0.054810	75000	-0.021198	-28.815962
687	0.054373	75000	-0.021255	-28.837217
688	0.053939	75000	-0.021447	-28.858664
689	0.053506	75000	-0.021440	-28.880104
690	0.053076	75000	-0.021146	-28.901250
691	0.052647	75000	-0.021348	-28.922598
692	0.052221	75000	-0.021185	-28.943783
693	0.051797	75000	-0.021188	-28.964971
694	0.051375	75000	-0.021259	-28.986230
695	0.050955	75000	-0.021187	-29.007417
696	0.050537	75000	-0.021105	-29.028523
697	0.050121	75000	-0.021406	-29.049929
698	0.049707	75000	-0.021108	-29.071037
699	0.049295	75000	-0.020984	-29.092021
700	0.048885	75000	-0.021212	-29.113234
701	0.048478	75000	-0.021053	-29.134287
702	0.048072	75000	-0.021184	-29.155471
703	0.047668	75000	-0.021136	-29.176607
704	0.047267	75000	-0.021268	-29.197875
705	0.046867	75000	-0.021089	-29.218964
706	0.046470	75000	-0.020934	-29.239898
707	0.046074	75000	-0.021108	-29.261006
708	0.045681	75000	-0.021374	-29.282380
709	0.045289	75000	-0.021337	-29.303717
710	0.044900	75000	-0.021124	-29.324841
711	0.044512	75000	-0.021339	-29.346180
712	0.044127	75000	-0.021743	-29.367923
713	0.043744	75000	-0.021131	-29.389054
714	0.043362	75000	-0.021203	-29.410257
715	0.042983	75000	-0.021113	-29.431370
716	0.042606	75000	-0.021267	-29.452637
717	0.042230	75000	-0.021129	-29.473766
718	0.041857	75000	-0.021285	-29.495051
719	0.041485	75000	-0.021193	-29.516244
720	0.041116	75000	-0.020900	-29.537144
721	0.040749	75000	-0.021274	-29.558418
722	0.040383	75000	-0.020981	-29.579398
723	0.040020	75000	-0.021308	-29.600707
724	0.039658	75000	-0.021208	-29.621915
725	0.039299	75000	-0.021303	-29.643218
726	0.038941	75000	-0.021378	-29.664596
727	0.038585	75000	-0.021410	-29.686006
728	0.038232	75000	-0.021642	-29.707649
729	0.037880	75000	-0.021672	-29.729321
730	0.037530	75000	-0.021218	-29.750539
731	0.037182	75000	-0.021394	-29.771933
732	0.036836	75000	-0.021213	-29.793146
733	0.036493	75000	-0.021433	-29.814579
734	0.036151	75000	-0.021460	-29.836039
735	0.035810	75000	-0.021665	-29.857704
736	0.035472	75000	-0.021641	-29.879345
737	0.035136	75000	-0.021475	-29.900820
738	0.034802	75000	-0.021846	-29.922666
739	0.034469	75000	-0.021549	-29.944215
740	0.034139	75000	-0.021517	-29.965732
741	0.033810	75000	-0.021831	-29.987563
742	0.033484	75000	-0.021713	-30.009276
743	0.033159	75000	-0.021342	-30.030618
744	0.032836	75000	-0.021607	-30.052225
745	0.032515	75000	-0.021923	-30.074148
746	0.032196	75000	-0.021527	-30.095674
747	0.031879	75000	-0.021990	-30.117664
748	0.031563	75000	-0.021783	-30.139447
749	0.031250	75000	-0.022058	-30.161504
750	0.030938	75000	-0.022175	-30.183680
751	0.030629	75000	-0.022398	-30.206078
752	0.030321	75000	-0.022269	-30.228347
753	0.030015	75000	-0.022507	-30.250854
754	0.029711	75000	-0.021843	-30.272697
755	0.029409	75000	-0.021899	-30.294596
756	0.029108	75000	-0.022999	-30.317594
757	0.028810	75000	-0.022418	-30.340012
758	0.028513	75000	-0.022365	-30.362377
759	0.028218	75000	-0.022902	-30.385280
760	0.027925	75000	-0.022625	-30.407904
761	0.027634	75000	-0.022690	-30.430594
762	0.027345	75000	-0.022978	-30.453573
763	0.027057	75000	-0.023343	-30.476916
764	0.026771	75000	-0.023399	-30.500315
765	0.026487	75000	-0.022941	-30.523256
766	0.026205	75000	-0.023479	-30.546736
767	0.025925	75000	-0.022933	-30.569669
768	0.025647	75000	-0.023379	-30.593048
769	0.025370	75000	-0.023595	-30.616643
770	0.025095	75000	-0.023854	-30.640497
771	0.024822	75000	-0.023858	-30.664355
772	0.024551	75000	-0.023913	-30.688268
773	0.024281	75000	-0.024099	-30.712368
774	0.024014	75000	-0.023889	-30.736256
775	0.023748	75000	-0.024488	-30.760744
776	0.023483	75000	-0.023805	-30.784550
777	0.023221	75000	-0.024469	-30.809019
778	0.022960	75000	-0.024512	-30.833531
779	0.022702	75000	-0.024242	-30.857773
780	0.022445	75000	-0.024464	-30.882238
781	0.022189	75000	-0.024500	-30.906738
782	0.021936	75000	-0.025520	-30.932258
783	0.021684	75000	-0.025409	-30.957667
784	0.021434	75000	-0.025477	-30.983144
785	0.021185	75000	-0.025648	-31.008792
786	0.020939	75000	-0.025298	-31.034091
787	0.020694	75000	-0.026579	-31.060670
788	0.020451	75000	-0.026330	-31.087000
789	0.020209	75000	-0.025922	-31.112922
790	0.019969	75000	-0.026358	-31.139280
791	0.019731	75000	-0.026867	-31.166147
792	0.019495	75000	-0.027650	-31.193798
793	0.019261	75000	-0.028246	-31.222044
794	0.019028	75000	-0.027276	-31.249320
795	0.018796	75000	-0.026929	-31.276249
796	0.018567	75000	-0.028508	-31.304757
797	0.018339	75000	-0.027354	-31.332112
798	0.018113	75000	-0.028831	-31.360943
799	0.017889	75000	-0.029270	-31.390213
800	0.017666	75000	-0.029110	-31.419322
801	0.017445	75000	-0.030306	-31.449628
802	0.017225	75000	-0.030044	-31.479672
803	0.017007	75000	-0.030400	-31.510072
804	0.016791	75000	-0.031360	-31.541432
805	0.016577	75000	-0.031163	-31.572595
806	0.016364	75000	-0.030980	-31.603576
807	0.016153	75000	-0.032927	-31.636503
808	0.015943	75000	-0.031310	-31.667813
809	0.015736	75000	-0.033700	-31.701513
810	0.015529	75000	-0.033604	-31.735117
811	0.015325	75000	-0.035542	-31.770659
812	0.015122	75000	-0.035592	-31.806251
813	0.014920	75000	-0.033709	-31.839961
814	0.014721	75000	-0.035332	-31.875293
815	0.014523	75000	-0.036785	-31.912078
816	0.014326	75000	-0.035986	-31.948064
817	0.014131	75000	-0.039197	-31.987261
818	0.013938	75000	-0.038879	-32.026140
819	0.013746	75000	-0.037687	-32.063827
820	0.013556	75000	-0.039077	-32.102903
821	0.013367	75000	-0.040542	-32.143445
822	0.013181	75000	-0.042949	-32.186394
823	0.012995	75000	-0.041673	-32.228067
824	0.012811	75000	-0.045642	-32.273708
825	0.012629	75000	-0.044275	-32.317984
826	0.012448	75000	-0.044915	-32.362898
827	0.012269	75000	-0.044675	-32.407574
828	0.012092	75000	-0.046387	-32.453961
829	0.011916	75000	-0.051222	-32.505182
830	0.011741	75000	-0.050407	-32.555589
831	0.011568	75000	-0.047951	-32.603540
832	0.011397	75000	-0.053813	-32.657353
833	0.011227	75000	-0.055600	-32.712952
834	0.011059	75000	-0.055506	-32.768458
835	0.010892	75000	-0.057344	-32.825803
836	0.010727	75000	-0.058485	-32.884287
837	0.010563	75000	-0.060661	-32.944948
838	0.010401	75000	-0.060980	-33.005928
839	0.010240	75000	-0.060360	-33.066288
840	0.010081	75000	-0.065081	-33.131369
841	0.009923	75000	-0.064454	-33.195823
842	0.009767	75000	-0.067823	-33.263646
843	0.009612	75000	-0.068875	-33.332520
844	0.009459	75000	-0.067938	-33.400458
845	0.009307	75000	-0.071085	-33.471544
846	0.009156	75000	-0.072907	-33.544450
847	0.009008	75000	-0.072847	-33.617297
848	0.008860	75000	-0.077237	-33.694534
849	0.008714	75000	-0.079974	-33.774508
850	0.008570	75000	-0.083284	-33.857792
851	0.008427	75000	-0.079584	-33.937376
852	0.008285	75000	-0.083331	-34.020707
853	0.008145	75000	-0.080299	-34.101006
854	0.008006	75000	-0.087459	-34.188465
855	0.007869	75000	-0.088289	-34.276753
856	0.007733	75000	-0.087911	-34.364665
857	0.007598	75000	-0.090333	-34.454998
858	0.007465	75000	-0.093565	-34.548563
859	0.007334	75000	-0.095827	-34.644390
860	0.007203	75000	-0.090301	-34.734692
861	0.007075	75000	-0.094323	-34.829015
862	0.006947	75000	-0.093777	-34.922792
863	0.006821	75000	-0.093402	-35.016194
864	0.006696	75000	-0.095647	-35.111841
865	0.006573	75000	-0.095264	-35.207104
866	0.006451	75000	-0.093410	-35.300514
867	0.006330	75000	-0.096594	-35.397108
868	0.006211	75000	-0.093543	-35.490651
869	0.006093	75000	-0.098788	-35.589440
870	0.005977	75000	-0.093849	-35.683289
871	0.005862	75000	-0.096264	-35.779553
872	0.005748	75000	-0.094069	-35.873622
873	0.005635	75000	-0.096671	-35.970293
874	0.005524	75000	-0.095061	-36.065354
875	0.005414	75000	-0.095543	-36.160897
876	0.005306	75000	-0.096144	-36.257041
877	0.005199	75000	-0.094537	-36.351578
878	0.005093	75000	-0.095760	-36.447338
879	0.004988	75000	-0.095087	-36.542425
880	0.004885	75000	-0.094145	-36.636570
881	0.004783	75000	-0.093626	-36.730196
882	0.004682	75000	-0.092327	-36.822523
883	0.004583	75000	-0.093323	-36.915846
884	0.004485	75000	-0.091417	-37.007263
885	0.004388	75000	-0.091376	-37.098639
886	0.004292	75000	-0.089082	-37.187722
887	0.004198	75000	-0.089130	-37.276852
888	0.004105	75000	-0.087289	-37.364140
889	0.004013	75000	-0.088467	-37.452607
890	0.003923	75000	-0.086886	-37.539493
891	0.003833	75000	-0.086388	-37.625881
892	0.003745	75000	-0.085709	-37.711590
893	0.003658	75000	-0.085183	-37.796773
894	0.003573	75000	-0.084312	-37.881085
895	0.003488	75000	-0.083321	-37.964406
896	0.003405	75000	-0.081769	-38.046175
897	0.003323	75000	-0.080940	-38.127115
898	0.003242	75000	-0.080282	-38.207397
899	0.003162	75000	-0.079982	-38.287379
900	0.003084	75000	-0.078482	-38.365861
901	0.003007	75000	-0.077314	-38.443175
902	0.002930	75000	-0.076154	-38.519329
903	0.002855	75000	-0.075864	-38.595193
904	0.002782	75000	-0.074228	-38.669421
905	0.002709	75000	-0.073872	-38.743293
906	0.002638	75000	-0.072352	-38.815645
907	0.002567	75000	-0.071325	-38.886970
908	0.002498	75000	-0.070322	-38.957292
909	0.002430	75000	-0.069912	-39.027205
910	0.002363	75000	-0.068790	-39.095995
911	0.002297	75000	-0.067620	-39.163615
912	0.002233	75000	-0.066278	-39.229893
913	0.002169	75000	-0.065309	-39.295202
914	0.002106	75000	-0.064431	-39.359634
915	0.002045	75000	-0.063342	-39.422975
916	0.001985	75000	-0.062412	-39.485388
917	0.001925	75000	-0.061438	-39.546825
918	0.001867	75000	-0.060290	-39.607115
919	0.001810	75000	-0.059590	-39.666705
920	0.001754	75000	-0.058383	-39.725088
921	0.001699	75000	-0.057179	-39.782266
922	0.001645	75000	-0.056309	-39.838575
923	0.001592	75000	-0.055167	-39.893742
924	0.001540	75000	-0.054188	-39.947930
925	0.001490	75000	-0.053381	-40.001311
926	0.001440	75000	-0.052133	-40.053444
927	0.001391	75000	-0.051222	-40.104666
928	0.001343	75000	-0.050369	-40.155036
929	0.001296	75000	-0.049231	-40.204267
930	0.001251	75000	-0.048039	-40.252307
931	0.001206	75000	-0.047311	-40.299618
932	0.001162	75000	-0.046347	-40.345965
933	0.001119	75000	-0.045263	-40.391228
934	0.001077	75000	-0.044251	-40.435479
935	0.001036	75000	-0.043201	-40.478680
936	0.000996	75000	-0.042396	-40.521076
937	0.000957	75000	-0.041561	-40.562637
938	0.000919	75000	-0.040409	-40.603046
939	0.000882	75000	-0.039457	-40.642503
940	0.000846	75000	-0.038658	-40.681161
941	0.000810	75000	-0.037545	-40.718706
942	0.000776	75000	-0.036633	-40.755339
943	0.000742	75000	-0.035663	-40.791003
944	0.000709	75000	-0.034920	-40.825923
945	0.000678	75000	-0.033815	-40.859738
946	0.000647	75000	-0.032939	-40.892677
947	0.000617	75000	-0.031998	-40.924675
948	0.000587	75000	-0.031091	-40.955766
949	0.000559	75000	-0.030258	-40.986023
950	0.000531	75000	-0.029386	-41.015410
951	0.000505	75000	-0.028551	-41.043960
952	0.000479	75000	-0.027673	-41.071633
953	0.000454	75000	-0.026749	-41.098382
954	0.000430	75000	-0.025997	-41.124378
955	0.000406	75000	-0.025145	-41.149524
956	0.000383	75000	-0.024267	-41.173790
957	0.000362	75000	-0.023518	-41.197308
958	0.000340	75000	-0.022649	-41.219957
959	0.000320	75000	-0.021849	-41.241806
960	0.000300	75000	-0.021039	-41.262845
961	0.000281	75000	-0.020295	-41.283141
962	0.000263	75000	-0.019408	-41.302549
963	0.000246	75000	-0.018712	-41.321261
964	0.000229	75000	-0.017969	-41.339229
965	0.000213	75000	-0.017214	-41.356444
966	0.000198	75000	-0.016488	-41.372932
967	0.000183	75000	-0.015732	-41.388664
968	0.000169	75000	-0.014984	-41.403648
969	0.000156	75000	-0.014289	-41.417937
970	0.000143	75000	-0.013632	-41.431569
971	0.000131	75000	-0.012955	-41.444524
972	0.000120	75000	-0.012270	-41.456794
973	0.000109	75000	-0.011606	-41.468400
974	0.000099	75000	-0.010920	-41.479319
975	0.000089	75000	-0.010312	-41.489632
976	0.000080	75000	-0.009714	-41.499345
977	0.000072	75000	-0.009082	-41.508427
978	0.000064	75000	-0.008467	-41.516894
979	0.000057	75000	-0.007913	-41.524807
980	0.000050	75000	-0.007325	-41.532133
981	0.000043	75000	-0.006783	-41.538915
982	0.000038	75000	-0.006244	-41.545159
983	0.000032	75000	-0.005712	-41.550871
984	0.000028	75000	-0.005204	-41.556075
985	0.000023	75000	-0.004712	-41.560787
986	0.000019	75000	-0.004228	-41.565014
987	0.000016	75000	-0.003773	-41.568788
988	0.000013	75000	-0.003328	-41.572115
989	0.000010	75000	-0.002902	-41.575017
990	0.000008	75000	-0.002496	-41.577514
991	0.000006	75000	-0.002110	-41.579624
992	0.000004	75000	-0.001755	-41.581379
993	0.000003	75000	-0.001412	-41.582792
994	0.000002	75000	-0.001100	-41.583892
995	0.000001	75000	-0.000814	-41.584706
996	0.000000	75000	-0.000559	-41.585264
997	0.000000	75000	-0.000338	-41.585602
998	0.000000	75000	-0.000159	-41.585761
999	0.000000	75000	-0.000034	-41.585795
Log marginal likelihood:	-41.585795
