Steppingstone sampler:
        No Stones:                  1000
        Start It:                   10000001
        It Per Stone:               100000
        Sample Freq:                1
        Dist:                       Beta(0.400000,1.000000)
Stone No	Power	N	Stone MLh	Running MLh
0	0.997502	75000	-0.208928	-0.208928
1	0.995007	75000	-0.208700	-0.417628
2	0.992517	75000	-0.208384	-0.626011
3	0.990030	75000	-0.208151	-0.834163
4	0.987547	75000	-0.207779	-1.041942
5	0.985067	75000	-0.207435	-1.249376
6	0.982592	75000	-0.207130	-1.456506
7	0.980120	75000	-0.206828	-1.663334
8	0.977652	75000	-0.206570	-1.869904
9	0.975187	75000	-0.206224	-2.076128
10	0.972726	75000	-0.205889	-2.282017
11	0.970269	75000	-0.205610	-2.487627
12	0.967816	75000	-0.205316	-2.692943
13	0.965367	75000	-0.205022	-2.897965
14	0.962921	75000	-0.204647	-3.102613
15	0.960479	75000	-0.204409	-3.307021
16	0.958040	75000	-0.204061	-3.511082
17	0.955606	75000	-0.203791	-3.714874
18	0.953175	75000	-0.203475	-3.918348
19	0.950747	75000	-0.203173	-4.121521
20	0.948324	75000	-0.202839	-4.324360
21	0.945904	75000	-0.202578	-4.526938
22	0.943488	75000	-0.202224	-4.729163
23	0.941076	75000	-0.202018	-4.931181
24	0.938667	75000	-0.201643	-5.132824
25	0.936262	75000	-0.201368	-5.334192
26	0.933861	75000	-0.201034	-5.535226
27	0.931463	75000	-0.200683	-5.735909
28	0.929069	75000	-0.200420	-5.936329
29	0.926679	75000	-0.200150	-6.136479
30	0.924293	75000	-0.199842	-6.336321
31	0.921910	75000	-0.199536	-6.535858
32	0.919531	75000	-0.199276	-6.735133
33	0.917155	75000	-0.198922	-6.934056
34	0.914783	75000	-0.198582	-7.132638
35	0.912415	75000	-0.198357	-7.330995
36	0.910051	75000	-0.198044	-7.529038
37	0.907690	75000	-0.197703	-7.726742
38	0.905333	75000	-0.197419	-7.924161
39	0.902980	75000	-0.197070	-8.121230
40	0.900630	75000	-0.196851	-8.318082
41	0.898284	75000	-0.196514	-8.514596
42	0.895942	75000	-0.196143	-8.710739
43	0.893603	75000	-0.195838	-8.906578
44	0.891268	75000	-0.195562	-9.102139
45	0.888937	75000	-0.195290	-9.297429
46	0.886609	75000	-0.195045	-9.492474
47	0.884285	75000	-0.194696	-9.687170
48	0.881965	75000	-0.194336	-9.881505
49	0.879648	75000	-0.194052	-10.075558
50	0.877335	75000	-0.193799	-10.269357
51	0.875026	75000	-0.193480	-10.462837
52	0.872720	75000	-0.193155	-10.655992
53	0.870418	75000	-0.192974	-10.848966
54	0.868120	75000	-0.192662	-11.041628
55	0.865825	75000	-0.192271	-11.233899
56	0.863534	75000	-0.192026	-11.425925
57	0.861246	75000	-0.191757	-11.617683
58	0.858962	75000	-0.191368	-11.809051
59	0.856682	75000	-0.191131	-12.000182
60	0.854405	75000	-0.190845	-12.191027
61	0.852132	75000	-0.190557	-12.381585
62	0.849863	75000	-0.190289	-12.571874
63	0.847597	75000	-0.189937	-12.761811
64	0.845335	75000	-0.189634	-12.951444
65	0.843077	75000	-0.189380	-13.140825
66	0.840822	75000	-0.189003	-13.329828
67	0.838571	75000	-0.188756	-13.518584
68	0.836323	75000	-0.188434	-13.707018
69	0.834079	75000	-0.188173	-13.895191
70	0.831839	75000	-0.187835	-14.083026
71	0.829602	75000	-0.187581	-14.270608
72	0.827369	75000	-0.187316	-14.457924
73	0.825140	75000	-0.186947	-14.644871
74	0.822914	75000	-0.186689	-14.831560
75	0.820691	75000	-0.186480	-15.018040
76	0.818473	75000	-0.186101	-15.204141
77	0.816258	75000	-0.185774	-15.389915
78	0.814046	75000	-0.185513	-15.575428
79	0.811838	75000	-0.185181	-15.760609
80	0.809634	75000	-0.184928	-15.945537
81	0.807433	75000	-0.184609	-16.130146
82	0.805236	75000	-0.184373	-16.314518
83	0.803043	75000	-0.184047	-16.498565
84	0.800853	75000	-0.183710	-16.682275
85	0.798667	75000	-0.183474	-16.865749
86	0.796484	75000	-0.183118	-17.048866
87	0.794305	75000	-0.182849	-17.231715
88	0.792129	75000	-0.182541	-17.414256
89	0.789957	75000	-0.182273	-17.596530
90	0.787789	75000	-0.181950	-17.778480
91	0.785624	75000	-0.181649	-17.960128
92	0.783463	75000	-0.181447	-18.141576
93	0.781305	75000	-0.181075	-18.322651
94	0.779151	75000	-0.180876	-18.503527
95	0.777000	75000	-0.180471	-18.683997
96	0.774853	75000	-0.180245	-18.864242
97	0.772710	75000	-0.179897	-19.044139
98	0.770570	75000	-0.179615	-19.223754
99	0.768433	75000	-0.179293	-19.403047
100	0.766301	75000	-0.179053	-19.582101
101	0.764172	75000	-0.178822	-19.760923
102	0.762046	75000	-0.178492	-19.939415
103	0.759924	75000	-0.178174	-20.117589
104	0.757805	75000	-0.177961	-20.295551
105	0.755690	75000	-0.177535	-20.473086
106	0.753579	75000	-0.177331	-20.650417
107	0.751471	75000	-0.176998	-20.827415
108	0.749366	75000	-0.176724	-21.004140
109	0.747266	75000	-0.176402	-21.180542
110	0.745168	75000	-0.176128	-21.356670
111	0.743075	75000	-0.175948	-21.532618
112	0.740984	75000	-0.175614	-21.708232
113	0.738898	75000	-0.175332	-21.883564
114	0.736815	75000	-0.175027	-22.058591
115	0.734735	75000	-0.174775	-22.233366
116	0.732659	75000	-0.174481	-22.407847
117	0.730586	75000	-0.174190	-22.582037
118	0.728517	75000	-0.173945	-22.755983
119	0.726452	75000	-0.173554	-22.929537
120	0.724390	75000	-0.173280	-23.102817
121	0.722331	75000	-0.173018	-23.275835
122	0.720276	75000	-0.172704	-23.448538
123	0.718225	75000	-0.172519	-23.621057
124	0.716177	75000	-0.172086	-23.793143
125	0.714132	75000	-0.171865	-23.965007
126	0.712091	75000	-0.171589	-24.136597
127	0.710054	75000	-0.171318	-24.307915
128	0.708020	75000	-0.170933	-24.478847
129	0.705989	75000	-0.170694	-24.649541
130	0.703962	75000	-0.170417	-24.819958
131	0.701939	75000	-0.170094	-24.990052
132	0.699919	75000	-0.169874	-25.159926
133	0.697902	75000	-0.169518	-25.329444
134	0.695889	75000	-0.169290	-25.498734
135	0.693880	75000	-0.168988	-25.667721
136	0.691874	75000	-0.168754	-25.836475
137	0.689871	75000	-0.168462	-26.004937
138	0.687872	75000	-0.168148	-26.173084
139	0.685877	75000	-0.167854	-26.340939
140	0.683885	75000	-0.167650	-26.508589
141	0.681896	75000	-0.167294	-26.675883
142	0.679911	75000	-0.167063	-26.842945
143	0.677929	75000	-0.166705	-27.009650
144	0.675951	75000	-0.166519	-27.176169
145	0.673976	75000	-0.166125	-27.342295
146	0.672005	75000	-0.165907	-27.508201
147	0.670037	75000	-0.165603	-27.673804
148	0.668073	75000	-0.165279	-27.839083
149	0.666112	75000	-0.164972	-28.004055
150	0.664155	75000	-0.164774	-28.168829
151	0.662201	75000	-0.164486	-28.333315
152	0.660250	75000	-0.164185	-28.497500
153	0.658303	75000	-0.163915	-28.661415
154	0.656359	75000	-0.163591	-28.825006
155	0.654419	75000	-0.163323	-28.988329
156	0.652483	75000	-0.163025	-29.151354
157	0.650549	75000	-0.162790	-29.314144
158	0.648619	75000	-0.162540	-29.476684
159	0.646693	75000	-0.162168	-29.638852
160	0.644770	75000	-0.161955	-29.800807
161	0.642851	75000	-0.161611	-29.962418
162	0.640934	75000	-0.161338	-30.123756
163	0.639022	75000	-0.161061	-30.284816
164	0.637113	75000	-0.160876	-30.445692
165	0.635207	75000	-0.160506	-30.606198
166	0.633304	75000	-0.160241	-30.766439
167	0.631405	75000	-0.159924	-30.926363
168	0.629510	75000	-0.159750	-31.086113
169	0.627618	75000	-0.159444	-31.245557
170	0.625729	75000	-0.159191	-31.404748
171	0.623844	75000	-0.158891	-31.563640
172	0.621962	75000	-0.158565	-31.722204
173	0.620083	75000	-0.158324	-31.880528
174	0.618208	75000	-0.158034	-32.038562
175	0.616337	75000	-0.157763	-32.196326
176	0.614468	75000	-0.157530	-32.353855
177	0.612604	75000	-0.157160	-32.511016
178	0.610742	75000	-0.156859	-32.667875
179	0.608884	75000	-0.156580	-32.824455
180	0.607029	75000	-0.156336	-32.980791
181	0.605178	75000	-0.156173	-33.136964
182	0.603330	75000	-0.155867	-33.292831
183	0.601486	75000	-0.155419	-33.448250
184	0.599645	75000	-0.155213	-33.603463
185	0.597807	75000	-0.154992	-33.758455
186	0.595973	75000	-0.154621	-33.913076
187	0.594142	75000	-0.154435	-34.067511
188	0.592314	75000	-0.154127	-34.221638
189	0.590490	75000	-0.153939	-34.375577
190	0.588669	75000	-0.153543	-34.529120
191	0.586852	75000	-0.153389	-34.682509
192	0.585038	75000	-0.153005	-34.835514
193	0.583227	75000	-0.152707	-34.988221
194	0.581420	75000	-0.152581	-35.140801
195	0.579616	75000	-0.152230	-35.293032
196	0.577815	75000	-0.151979	-35.445011
197	0.576018	75000	-0.151687	-35.596698
198	0.574224	75000	-0.151395	-35.748093
199	0.572433	75000	-0.151202	-35.899295
200	0.570646	75000	-0.150815	-36.050110
201	0.568862	75000	-0.150678	-36.200787
202	0.567082	75000	-0.150375	-36.351162
203	0.565305	75000	-0.149987	-36.501150
204	0.563531	75000	-0.149770	-36.650920
205	0.561761	75000	-0.149449	-36.800368
206	0.559993	75000	-0.149244	-36.949612
207	0.558230	75000	-0.148966	-37.098578
208	0.556469	75000	-0.148742	-37.247320
209	0.554712	75000	-0.148454	-37.395773
210	0.552958	75000	-0.148094	-37.543867
211	0.551208	75000	-0.147841	-37.691708
212	0.549461	75000	-0.147655	-37.839362
213	0.547717	75000	-0.147333	-37.986695
214	0.545977	75000	-0.147122	-38.133817
215	0.544240	75000	-0.146795	-38.280612
216	0.542506	75000	-0.146517	-38.427129
217	0.540775	75000	-0.146232	-38.573361
218	0.539048	75000	-0.145918	-38.719280
219	0.537324	75000	-0.145650	-38.864930
220	0.535604	75000	-0.145394	-39.010324
221	0.533887	75000	-0.145188	-39.155512
222	0.532173	75000	-0.144876	-39.300388
223	0.530462	75000	-0.144677	-39.445065
224	0.528755	75000	-0.144332	-39.589396
225	0.527051	75000	-0.144096	-39.733492
226	0.525350	75000	-0.143922	-39.877413
227	0.523653	75000	-0.143563	-40.020976
228	0.521958	75000	-0.143311	-40.164287
229	0.520268	75000	-0.143032	-40.307319
230	0.518580	75000	-0.142776	-40.450095
231	0.516896	75000	-0.142483	-40.592578
232	0.515215	75000	-0.142230	-40.734808
233	0.513537	75000	-0.142035	-40.876842
234	0.511863	75000	-0.141722	-41.018564
235	0.510192	75000	-0.141449	-41.160013
236	0.508524	75000	-0.141187	-41.301200
237	0.506859	75000	-0.140956	-41.442156
238	0.505198	75000	-0.140695	-41.582851
239	0.503540	75000	-0.140447	-41.723298
240	0.501885	75000	-0.140092	-41.863390
241	0.500234	75000	-0.139846	-42.003236
242	0.498586	75000	-0.139513	-42.142749
243	0.496941	75000	-0.139276	-42.282025
244	0.495299	75000	-0.138981	-42.421006
245	0.493660	75000	-0.138808	-42.559814
246	0.492025	75000	-0.138495	-42.698309
247	0.490393	75000	-0.138261	-42.836569
248	0.488765	75000	-0.137951	-42.974520
249	0.487139	75000	-0.137689	-43.112210
250	0.485517	75000	-0.137389	-43.249598
251	0.483898	75000	-0.137188	-43.386786
252	0.482283	75000	-0.136915	-43.523701
253	0.480670	75000	-0.136562	-43.660263
254	0.479061	75000	-0.136366	-43.796629
255	0.477455	75000	-0.136167	-43.932796
256	0.475852	75000	-0.135922	-44.068718
257	0.474253	75000	-0.135643	-44.204362
258	0.472656	75000	-0.135295	-44.339657
259	0.471063	75000	-0.135031	-44.474688
260	0.469474	75000	-0.134790	-44.609478
261	0.467887	75000	-0.134513	-44.743991
262	0.466304	75000	-0.134287	-44.878278
263	0.464723	75000	-0.134076	-45.012354
264	0.463146	75000	-0.133688	-45.146042
265	0.461573	75000	-0.133474	-45.279516
266	0.460002	75000	-0.133298	-45.412814
267	0.458435	75000	-0.132986	-45.545800
268	0.456871	75000	-0.132702	-45.678502
269	0.455310	75000	-0.132594	-45.811096
270	0.453752	75000	-0.132195	-45.943291
271	0.452198	75000	-0.131949	-46.075240
272	0.450647	75000	-0.131712	-46.206952
273	0.449098	75000	-0.131459	-46.338412
274	0.447554	75000	-0.131168	-46.469579
275	0.446012	75000	-0.130963	-46.600543
276	0.444473	75000	-0.130643	-46.731186
277	0.442938	75000	-0.130453	-46.861638
278	0.441406	75000	-0.130162	-46.991800
279	0.439877	75000	-0.129889	-47.121689
280	0.438351	75000	-0.129647	-47.251336
281	0.436829	75000	-0.129322	-47.380659
282	0.435309	75000	-0.129154	-47.509813
283	0.433793	75000	-0.128802	-47.638615
284	0.432280	75000	-0.128540	-47.767155
285	0.430770	75000	-0.128263	-47.895418
286	0.429263	75000	-0.128116	-48.023534
287	0.427760	75000	-0.127807	-48.151341
288	0.426259	75000	-0.127541	-48.278883
289	0.424762	75000	-0.127361	-48.406244
290	0.423268	75000	-0.126986	-48.533230
291	0.421777	75000	-0.126762	-48.659992
292	0.420289	75000	-0.126508	-48.786499
293	0.418805	75000	-0.126240	-48.912739
294	0.417323	75000	-0.126026	-49.038766
295	0.415845	75000	-0.125761	-49.164526
296	0.414370	75000	-0.125513	-49.290040
297	0.412898	75000	-0.125324	-49.415364
298	0.411429	75000	-0.125034	-49.540398
299	0.409963	75000	-0.124744	-49.665142
300	0.408501	75000	-0.124682	-49.789823
301	0.407041	75000	-0.124283	-49.914106
302	0.405585	75000	-0.124019	-50.038125
303	0.404132	75000	-0.123753	-50.161879
304	0.402682	75000	-0.123476	-50.285354
305	0.401235	75000	-0.123222	-50.408577
306	0.399791	75000	-0.122937	-50.531513
307	0.398350	75000	-0.122753	-50.654266
308	0.396913	75000	-0.122517	-50.776784
309	0.395478	75000	-0.122189	-50.898972
310	0.394047	75000	-0.121994	-51.020967
311	0.392619	75000	-0.121702	-51.142668
312	0.391194	75000	-0.121460	-51.264129
313	0.389772	75000	-0.121191	-51.385319
314	0.388353	75000	-0.120911	-51.506231
315	0.386937	75000	-0.120775	-51.627006
316	0.385524	75000	-0.120485	-51.747492
317	0.384115	75000	-0.120240	-51.867731
318	0.382708	75000	-0.120007	-51.987738
319	0.381305	75000	-0.119776	-52.107514
320	0.379904	75000	-0.119465	-52.226979
321	0.378507	75000	-0.119261	-52.346240
322	0.377113	75000	-0.118945	-52.465184
323	0.375722	75000	-0.118762	-52.583947
324	0.374334	75000	-0.118491	-52.702438
325	0.372949	75000	-0.118193	-52.820631
326	0.371567	75000	-0.118028	-52.938659
327	0.370189	75000	-0.117702	-53.056361
328	0.368813	75000	-0.117462	-53.173823
329	0.367440	75000	-0.117298	-53.291121
330	0.366071	75000	-0.117037	-53.408157
331	0.364705	75000	-0.116788	-53.524946
332	0.363341	75000	-0.116428	-53.641374
333	0.361981	75000	-0.116242	-53.757616
334	0.360624	75000	-0.116008	-53.873624
335	0.359269	75000	-0.115810	-53.989434
336	0.357918	75000	-0.115389	-54.104824
337	0.356570	75000	-0.115259	-54.220083
338	0.355225	75000	-0.114993	-54.335076
339	0.353883	75000	-0.114753	-54.449829
340	0.352544	75000	-0.114608	-54.564437
341	0.351208	75000	-0.114157	-54.678594
342	0.349875	75000	-0.114041	-54.792635
343	0.348546	75000	-0.113762	-54.906397
344	0.347219	75000	-0.113531	-55.019927
345	0.345895	75000	-0.113248	-55.133176
346	0.344574	75000	-0.113027	-55.246203
347	0.343257	75000	-0.112811	-55.359014
348	0.341942	75000	-0.112533	-55.471547
349	0.340630	75000	-0.112187	-55.583734
350	0.339322	75000	-0.112019	-55.695754
351	0.338016	75000	-0.111804	-55.807557
352	0.336714	75000	-0.111557	-55.919114
353	0.335414	75000	-0.111317	-56.030431
354	0.334118	75000	-0.111045	-56.141476
355	0.332824	75000	-0.110795	-56.252270
356	0.331534	75000	-0.110568	-56.362838
357	0.330246	75000	-0.110424	-56.473262
358	0.328962	75000	-0.110165	-56.583428
359	0.327680	75000	-0.109918	-56.693345
360	0.326401	75000	-0.109721	-56.803066
361	0.325126	75000	-0.109461	-56.912527
362	0.323853	75000	-0.109151	-57.021679
363	0.322584	75000	-0.108886	-57.130564
364	0.321317	75000	-0.108595	-57.239159
365	0.320054	75000	-0.108482	-57.347641
366	0.318793	75000	-0.108156	-57.455797
367	0.317536	75000	-0.108011	-57.563808
368	0.316281	75000	-0.107762	-57.671569
369	0.315030	75000	-0.107529	-57.779098
370	0.313781	75000	-0.107242	-57.886340
371	0.312535	75000	-0.107072	-57.993412
372	0.311293	75000	-0.106728	-58.100140
373	0.310053	75000	-0.106503	-58.206643
374	0.308816	75000	-0.106326	-58.312969
375	0.307582	75000	-0.105996	-58.418965
376	0.306352	75000	-0.105747	-58.524712
377	0.305124	75000	-0.105519	-58.630231
378	0.303899	75000	-0.105432	-58.735664
379	0.302677	75000	-0.105018	-58.840682
380	0.301458	75000	-0.104895	-58.945577
381	0.300242	75000	-0.104566	-59.050144
382	0.299029	75000	-0.104373	-59.154516
383	0.297819	75000	-0.104243	-59.258759
384	0.296611	75000	-0.103891	-59.362650
385	0.295407	75000	-0.103703	-59.466353
386	0.294206	75000	-0.103377	-59.569730
387	0.293007	75000	-0.103290	-59.673020
388	0.291812	75000	-0.102854	-59.775874
389	0.290619	75000	-0.102702	-59.878577
390	0.289430	75000	-0.102440	-59.981017
391	0.288243	75000	-0.102220	-60.083236
392	0.287059	75000	-0.102089	-60.185325
393	0.285879	75000	-0.101786	-60.287112
394	0.284701	75000	-0.101566	-60.388678
395	0.283526	75000	-0.101323	-60.490001
396	0.282354	75000	-0.101040	-60.591041
397	0.281184	75000	-0.100810	-60.691850
398	0.280018	75000	-0.100669	-60.792520
399	0.278855	75000	-0.100386	-60.892906
400	0.277694	75000	-0.100206	-60.993112
401	0.276537	75000	-0.099856	-61.092967
402	0.275382	75000	-0.099690	-61.192658
403	0.274230	75000	-0.099409	-61.292067
404	0.273082	75000	-0.099310	-61.391377
405	0.271936	75000	-0.098976	-61.490353
406	0.270793	75000	-0.098796	-61.589148
407	0.269652	75000	-0.098522	-61.687670
408	0.268515	75000	-0.098331	-61.786001
409	0.267381	75000	-0.098144	-61.884145
410	0.266249	75000	-0.097830	-61.981975
411	0.265121	75000	-0.097699	-62.079674
412	0.263995	75000	-0.097410	-62.177084
413	0.262872	75000	-0.097192	-62.274276
414	0.261752	75000	-0.096964	-62.371241
415	0.260635	75000	-0.096623	-62.467863
416	0.259520	75000	-0.096478	-62.564341
417	0.258409	75000	-0.096224	-62.660566
418	0.257300	75000	-0.096004	-62.756570
419	0.256195	75000	-0.095816	-62.852386
420	0.255092	75000	-0.095512	-62.947899
421	0.253992	75000	-0.095353	-63.043252
422	0.252895	75000	-0.095039	-63.138291
423	0.251800	75000	-0.094843	-63.233133
424	0.250709	75000	-0.094693	-63.327827
425	0.249620	75000	-0.094464	-63.422291
426	0.248534	75000	-0.094220	-63.516511
427	0.247451	75000	-0.093960	-63.610471
428	0.246371	75000	-0.093772	-63.704243
429	0.245294	75000	-0.093672	-63.797915
430	0.244220	75000	-0.093305	-63.891220
431	0.243148	75000	-0.093086	-63.984306
432	0.242079	75000	-0.092939	-64.077244
433	0.241013	75000	-0.092603	-64.169847
434	0.239950	75000	-0.092470	-64.262318
435	0.238890	75000	-0.092139	-64.354457
436	0.237832	75000	-0.091893	-64.446350
437	0.236778	75000	-0.091711	-64.538060
438	0.235726	75000	-0.091435	-64.629495
439	0.234677	75000	-0.091328	-64.720823
440	0.233630	75000	-0.090925	-64.811748
441	0.232587	75000	-0.090699	-64.902446
442	0.231546	75000	-0.090661	-64.993108
443	0.230509	75000	-0.090341	-65.083449
444	0.229473	75000	-0.090197	-65.173645
445	0.228441	75000	-0.089923	-65.263568
446	0.227412	75000	-0.089764	-65.353332
447	0.226385	75000	-0.089437	-65.442769
448	0.225361	75000	-0.089214	-65.531983
449	0.224340	75000	-0.088961	-65.620944
450	0.223322	75000	-0.088771	-65.709715
451	0.222306	75000	-0.088733	-65.798448
452	0.221293	75000	-0.088327	-65.886775
453	0.220283	75000	-0.088168	-65.974944
454	0.219276	75000	-0.087929	-66.062873
455	0.218272	75000	-0.087689	-66.150562
456	0.217270	75000	-0.087530	-66.238092
457	0.216271	75000	-0.087421	-66.325513
458	0.215275	75000	-0.087038	-66.412551
459	0.214281	75000	-0.086766	-66.499317
460	0.213291	75000	-0.086706	-66.586022
461	0.212303	75000	-0.086428	-66.672450
462	0.211318	75000	-0.086308	-66.758759
463	0.210335	75000	-0.085893	-66.844652
464	0.209356	75000	-0.085788	-66.930440
465	0.208379	75000	-0.085569	-67.016008
466	0.207404	75000	-0.085284	-67.101292
467	0.206433	75000	-0.085133	-67.186425
468	0.205464	75000	-0.084907	-67.271333
469	0.204498	75000	-0.084694	-67.356027
470	0.203535	75000	-0.084376	-67.440402
471	0.202575	75000	-0.084279	-67.524681
472	0.201617	75000	-0.084057	-67.608738
473	0.200662	75000	-0.083887	-67.692625
474	0.199709	75000	-0.083639	-67.776265
475	0.198760	75000	-0.083457	-67.859722
476	0.197813	75000	-0.083104	-67.942826
477	0.196869	75000	-0.083046	-68.025872
478	0.195927	75000	-0.082734	-68.108606
479	0.194988	75000	-0.082604	-68.191210
480	0.194052	75000	-0.082318	-68.273528
481	0.193119	75000	-0.082115	-68.355642
482	0.192188	75000	-0.081735	-68.437377
483	0.191260	75000	-0.081627	-68.519004
484	0.190335	75000	-0.081543	-68.600547
485	0.189412	75000	-0.081266	-68.681813
486	0.188492	75000	-0.081038	-68.762851
487	0.187575	75000	-0.080816	-68.843666
488	0.186660	75000	-0.080682	-68.924348
489	0.185749	75000	-0.080317	-69.004666
490	0.184839	75000	-0.080223	-69.084888
491	0.183933	75000	-0.080026	-69.164914
492	0.183029	75000	-0.079858	-69.244772
493	0.182128	75000	-0.079607	-69.324379
494	0.181229	75000	-0.079450	-69.403829
495	0.180333	75000	-0.079236	-69.483065
496	0.179440	75000	-0.079013	-69.562078
497	0.178550	75000	-0.078708	-69.640786
498	0.177662	75000	-0.078584	-69.719370
499	0.176777	75000	-0.078403	-69.797773
500	0.175894	75000	-0.078162	-69.875935
501	0.175014	75000	-0.077934	-69.953869
502	0.174137	75000	-0.077718	-70.031586
503	0.173262	75000	-0.077600	-70.109186
504	0.172390	75000	-0.077272	-70.186458
505	0.171521	75000	-0.077119	-70.263577
506	0.170654	75000	-0.076939	-70.340516
507	0.169790	75000	-0.076626	-70.417141
508	0.168929	75000	-0.076595	-70.493737
509	0.168070	75000	-0.076267	-70.570003
510	0.167214	75000	-0.076011	-70.646014
511	0.166360	75000	-0.075876	-70.721891
512	0.165509	75000	-0.075799	-70.797690
513	0.164661	75000	-0.075472	-70.873162
514	0.163815	75000	-0.075325	-70.948487
515	0.162972	75000	-0.075082	-71.023569
516	0.162132	75000	-0.074818	-71.098388
517	0.161294	75000	-0.074554	-71.172942
518	0.160458	75000	-0.074338	-71.247279
519	0.159626	75000	-0.074098	-71.321378
520	0.158796	75000	-0.073975	-71.395353
521	0.157968	75000	-0.073705	-71.469058
522	0.157143	75000	-0.073559	-71.542616
523	0.156321	75000	-0.073387	-71.616003
524	0.155501	75000	-0.073130	-71.689133
525	0.154684	75000	-0.073030	-71.762162
526	0.153870	75000	-0.072826	-71.834989
527	0.153058	75000	-0.072677	-71.907665
528	0.152248	75000	-0.072309	-71.979974
529	0.151441	75000	-0.072170	-72.052145
530	0.150637	75000	-0.071989	-72.124134
531	0.149835	75000	-0.071880	-72.196014
532	0.149036	75000	-0.071722	-72.267736
533	0.148240	75000	-0.071448	-72.339184
534	0.147446	75000	-0.071211	-72.410395
535	0.146654	75000	-0.071008	-72.481403
536	0.145865	75000	-0.070844	-72.552247
537	0.145079	75000	-0.070749	-72.622996
538	0.144295	75000	-0.070423	-72.693419
539	0.143514	75000	-0.070217	-72.763636
540	0.142735	75000	-0.069967	-72.833603
541	0.141959	75000	-0.069967	-72.903570
542	0.141186	75000	-0.069762	-72.973333
543	0.140415	75000	-0.069433	-73.042766
544	0.139646	75000	-0.069225	-73.111991
545	0.138880	75000	-0.069065	-73.181056
546	0.138116	75000	-0.068923	-73.249979
547	0.137356	75000	-0.068661	-73.318640
548	0.136597	75000	-0.068527	-73.387167
549	0.135841	75000	-0.068351	-73.455518
550	0.135088	75000	-0.068066	-73.523584
551	0.134337	75000	-0.067861	-73.591445
552	0.133588	75000	-0.067713	-73.659158
553	0.132843	75000	-0.067396	-73.726554
554	0.132099	75000	-0.067471	-73.794025
555	0.131358	75000	-0.067143	-73.861169
556	0.130620	75000	-0.066890	-73.928059
557	0.129884	75000	-0.066697	-73.994756
558	0.129151	75000	-0.066508	-74.061264
559	0.128420	75000	-0.066342	-74.127606
560	0.127691	75000	-0.066229	-74.193835
561	0.126965	75000	-0.065902	-74.259737
562	0.126242	75000	-0.065768	-74.325505
563	0.125521	75000	-0.065538	-74.391043
564	0.124802	75000	-0.065334	-74.456377
565	0.124086	75000	-0.065358	-74.521736
566	0.123373	75000	-0.065052	-74.586787
567	0.122662	75000	-0.064741	-74.651529
568	0.121953	75000	-0.064548	-74.716076
569	0.121247	75000	-0.064439	-74.780516
570	0.120543	75000	-0.064187	-74.844703
571	0.119842	75000	-0.064189	-74.908891
572	0.119143	75000	-0.064033	-74.972925
573	0.118447	75000	-0.063704	-75.036629
574	0.117753	75000	-0.063378	-75.100007
575	0.117062	75000	-0.063372	-75.163379
576	0.116373	75000	-0.063188	-75.226568
577	0.115686	75000	-0.062905	-75.289473
578	0.115002	75000	-0.062753	-75.352226
579	0.114320	75000	-0.062456	-75.414682
580	0.113641	75000	-0.062539	-75.477221
581	0.112964	75000	-0.062271	-75.539492
582	0.112290	75000	-0.062055	-75.601546
583	0.111618	75000	-0.061921	-75.663467
584	0.110948	75000	-0.061698	-75.725165
585	0.110281	75000	-0.061529	-75.786694
586	0.109616	75000	-0.061355	-75.848049
587	0.108954	75000	-0.061255	-75.909304
588	0.108294	75000	-0.060974	-75.970278
589	0.107637	75000	-0.060702	-76.030980
590	0.106981	75000	-0.060627	-76.091607
591	0.106329	75000	-0.060469	-76.152076
592	0.105678	75000	-0.060265	-76.212341
593	0.105030	75000	-0.059939	-76.272279
594	0.104385	75000	-0.059927	-76.332207
595	0.103742	75000	-0.059691	-76.391897
596	0.103101	75000	-0.059530	-76.451427
597	0.102463	75000	-0.059328	-76.510755
598	0.101827	75000	-0.059103	-76.569858
599	0.101193	75000	-0.059056	-76.628914
600	0.100562	75000	-0.058846	-76.687760
601	0.099933	75000	-0.058706	-76.746466
602	0.099306	75000	-0.058433	-76.804899
603	0.098682	75000	-0.058292	-76.863191
604	0.098060	75000	-0.058139	-76.921330
605	0.097441	75000	-0.058023	-76.979353
606	0.096824	75000	-0.057801	-77.037154
607	0.096209	75000	-0.057541	-77.094696
608	0.095596	75000	-0.057525	-77.152221
609	0.094986	75000	-0.057224	-77.209444
610	0.094379	75000	-0.057213	-77.266657
611	0.093773	75000	-0.057068	-77.323725
612	0.093170	75000	-0.056623	-77.380348
613	0.092570	75000	-0.056599	-77.436947
614	0.091971	75000	-0.056379	-77.493326
615	0.091375	75000	-0.056254	-77.549580
616	0.090781	75000	-0.056049	-77.605629
617	0.090190	75000	-0.055855	-77.661484
618	0.089601	75000	-0.055797	-77.717281
619	0.089014	75000	-0.055583	-77.772864
620	0.088430	75000	-0.055534	-77.828398
621	0.087848	75000	-0.055097	-77.883495
622	0.087268	75000	-0.054954	-77.938449
623	0.086690	75000	-0.054878	-77.993328
624	0.086115	75000	-0.054629	-78.047956
625	0.085542	75000	-0.054464	-78.102420
626	0.084971	75000	-0.054552	-78.156972
627	0.084403	75000	-0.054320	-78.211292
628	0.083837	75000	-0.053893	-78.265185
629	0.083273	75000	-0.053862	-78.319047
630	0.082712	75000	-0.053619	-78.372666
631	0.082152	75000	-0.053522	-78.426188
632	0.081595	75000	-0.053204	-78.479392
633	0.081041	75000	-0.053119	-78.532511
634	0.080488	75000	-0.053040	-78.585551
635	0.079938	75000	-0.052837	-78.638388
636	0.079390	75000	-0.052672	-78.691061
637	0.078845	75000	-0.052659	-78.743719
638	0.078301	75000	-0.052501	-78.796220
639	0.077760	75000	-0.052115	-78.848335
640	0.077221	75000	-0.052140	-78.900475
641	0.076684	75000	-0.051960	-78.952436
642	0.076150	75000	-0.051923	-79.004359
643	0.075618	75000	-0.051623	-79.055982
644	0.075088	75000	-0.051473	-79.107454
645	0.074560	75000	-0.051358	-79.158812
646	0.074035	75000	-0.051149	-79.209961
647	0.073512	75000	-0.051032	-79.260993
648	0.072991	75000	-0.050675	-79.311668
649	0.072472	75000	-0.050678	-79.362346
650	0.071955	75000	-0.050640	-79.412986
651	0.071441	75000	-0.050277	-79.463263
652	0.070929	75000	-0.050171	-79.513434
653	0.070419	75000	-0.050152	-79.563586
654	0.069911	75000	-0.049936	-79.613522
655	0.069406	75000	-0.049726	-79.663248
656	0.068903	75000	-0.049607	-79.712855
657	0.068401	75000	-0.049424	-79.762279
658	0.067903	75000	-0.049156	-79.811435
659	0.067406	75000	-0.049157	-79.860592
660	0.066911	75000	-0.048952	-79.909544
661	0.066419	75000	-0.048749	-79.958293
662	0.065929	75000	-0.048666	-80.006959
663	0.065441	75000	-0.048292	-80.055251
664	0.064955	75000	-0.048305	-80.103556
665	0.064471	75000	-0.048240	-80.151796
666	0.063990	75000	-0.047770	-80.199567
667	0.063510	75000	-0.047793	-80.247359
668	0.063033	75000	-0.047690	-80.295050
669	0.062558	75000	-0.047642	-80.342692
670	0.062085	75000	-0.047522	-80.390214
671	0.061615	75000	-0.047201	-80.437414
672	0.061146	75000	-0.047368	-80.484782
673	0.060680	75000	-0.047100	-80.531882
674	0.060216	75000	-0.046931	-80.578813
675	0.059753	75000	-0.046838	-80.625651
676	0.059293	75000	-0.046623	-80.672274
677	0.058836	75000	-0.046467	-80.718741
678	0.058380	75000	-0.046305	-80.765046
679	0.057926	75000	-0.046395	-80.811441
680	0.057475	75000	-0.046265	-80.857707
681	0.057025	75000	-0.045783	-80.903490
682	0.056578	75000	-0.045815	-80.949305
683	0.056133	75000	-0.045637	-80.994942
684	0.055690	75000	-0.045584	-81.040525
685	0.055249	75000	-0.045468	-81.085993
686	0.054810	75000	-0.045213	-81.131207
687	0.054373	75000	-0.045095	-81.176302
688	0.053939	75000	-0.044937	-81.221239
689	0.053506	75000	-0.044721	-81.265959
690	0.053076	75000	-0.045048	-81.311007
691	0.052647	75000	-0.044443	-81.355450
692	0.052221	75000	-0.044333	-81.399782
693	0.051797	75000	-0.044406	-81.444188
694	0.051375	75000	-0.044195	-81.488383
695	0.050955	75000	-0.043927	-81.532310
696	0.050537	75000	-0.043746	-81.576056
697	0.050121	75000	-0.043807	-81.619863
698	0.049707	75000	-0.043615	-81.663478
699	0.049295	75000	-0.043651	-81.707130
700	0.048885	75000	-0.043280	-81.750410
701	0.048478	75000	-0.043382	-81.793792
702	0.048072	75000	-0.043093	-81.836885
703	0.047668	75000	-0.042883	-81.879768
704	0.047267	75000	-0.042965	-81.922733
705	0.046867	75000	-0.042688	-81.965420
706	0.046470	75000	-0.042694	-82.008114
707	0.046074	75000	-0.042249	-82.050363
708	0.045681	75000	-0.042531	-82.092894
709	0.045289	75000	-0.042137	-82.135031
710	0.044900	75000	-0.042150	-82.177181
711	0.044512	75000	-0.041890	-82.219071
712	0.044127	75000	-0.041976	-82.261047
713	0.043744	75000	-0.041796	-82.302843
714	0.043362	75000	-0.041714	-82.344558
715	0.042983	75000	-0.041592	-82.386150
716	0.042606	75000	-0.041687	-82.427837
717	0.042230	75000	-0.041225	-82.469062
718	0.041857	75000	-0.041140	-82.510202
719	0.041485	75000	-0.040892	-82.551094
720	0.041116	75000	-0.040704	-82.591798
721	0.040749	75000	-0.040849	-82.632647
722	0.040383	75000	-0.040993	-82.673640
723	0.040020	75000	-0.040366	-82.714006
724	0.039658	75000	-0.040474	-82.754480
725	0.039299	75000	-0.040603	-82.795083
726	0.038941	75000	-0.040498	-82.835582
727	0.038585	75000	-0.040378	-82.875960
728	0.038232	75000	-0.039942	-82.915902
729	0.037880	75000	-0.040232	-82.956134
730	0.037530	75000	-0.039767	-82.995901
731	0.037182	75000	-0.039855	-83.035756
732	0.036836	75000	-0.040000	-83.075756
733	0.036493	75000	-0.039595	-83.115351
734	0.036151	75000	-0.039283	-83.154634
735	0.035810	75000	-0.039574	-83.194208
736	0.035472	75000	-0.039522	-83.233730
737	0.035136	75000	-0.039284	-83.273014
738	0.034802	75000	-0.039152	-83.312165
739	0.034469	75000	-0.039235	-83.351400
740	0.034139	75000	-0.039247	-83.390647
741	0.033810	75000	-0.038882	-83.429529
742	0.033484	75000	-0.038924	-83.468453
743	0.033159	75000	-0.038303	-83.506756
744	0.032836	75000	-0.038794	-83.545550
745	0.032515	75000	-0.038431	-83.583982
746	0.032196	75000	-0.038458	-83.622440
747	0.031879	75000	-0.038474	-83.660914
748	0.031563	75000	-0.038543	-83.699457
749	0.031250	75000	-0.038159	-83.737616
750	0.030938	75000	-0.038033	-83.775648
751	0.030629	75000	-0.038106	-83.813754
752	0.030321	75000	-0.038042	-83.851796
753	0.030015	75000	-0.038123	-83.889919
754	0.029711	75000	-0.037713	-83.927632
755	0.029409	75000	-0.037724	-83.965356
756	0.029108	75000	-0.037878	-84.003234
757	0.028810	75000	-0.037571	-84.040805
758	0.028513	75000	-0.037333	-84.078138
759	0.028218	75000	-0.037379	-84.115517
760	0.027925	75000	-0.037339	-84.152856
761	0.027634	75000	-0.037351	-84.190207
762	0.027345	75000	-0.037470	-84.227677
763	0.027057	75000	-0.037365	-84.265042
764	0.026771	75000	-0.037402	-84.302444
765	0.026487	75000	-0.036763	-84.339207
766	0.026205	75000	-0.037133	-84.376340
767	0.025925	75000	-0.037161	-84.413501
768	0.025647	75000	-0.036896	-84.450397
769	0.025370	75000	-0.036950	-84.487347
770	0.025095	75000	-0.036992	-84.524338
771	0.024822	75000	-0.036768	-84.561107
772	0.024551	75000	-0.036926	-84.598032
773	0.024281	75000	-0.037102	-84.635134
774	0.024014	75000	-0.037214	-84.672348
775	0.023748	75000	-0.037018	-84.709366
776	0.023483	75000	-0.036957	-84.746323
777	0.023221	75000	-0.037160	-84.783482
778	0.022960	75000	-0.037045	-84.820528
779	0.022702	75000	-0.036438	-84.856965
780	0.022445	75000	-0.036371	-84.893337
781	0.022189	75000	-0.037178	-84.930514
782	0.021936	75000	-0.036832	-84.967346
783	0.021684	75000	-0.036653	-85.003999
784	0.021434	75000	-0.035951	-85.039950
785	0.021185	75000	-0.037020	-85.076970
786	0.020939	75000	-0.036683	-85.113653
787	0.020694	75000	-0.036545	-85.150198
788	0.020451	75000	-0.036459	-85.186657
789	0.020209	75000	-0.036519	-85.223176
790	0.019969	75000	-0.036643	-85.259819
791	0.019731	75000	-0.036848	-85.296666
792	0.019495	75000	-0.036361	-85.333028
793	0.019261	75000	-0.036283	-85.369311
794	0.019028	75000	-0.036805	-85.406116
795	0.018796	75000	-0.036923	-85.443039
796	0.018567	75000	-0.037170	-85.480209
797	0.018339	75000	-0.036982	-85.517190
798	0.018113	75000	-0.036438	-85.553628
799	0.017889	75000	-0.037072	-85.590700
800	0.017666	75000	-0.036851	-85.627551
801	0.017445	75000	-0.037423	-85.664974
802	0.017225	75000	-0.037109	-85.702083
803	0.017007	75000	-0.037165	-85.739249
804	0.016791	75000	-0.037210	-85.776459
805	0.016577	75000	-0.038204	-85.814663
806	0.016364	75000	-0.037396	-85.852059
807	0.016153	75000	-0.037224	-85.889283
808	0.015943	75000	-0.037475	-85.926758
809	0.015736	75000	-0.037354	-85.964112
810	0.015529	75000	-0.038562	-86.002674
811	0.015325	75000	-0.037380	-86.040053
812	0.015122	75000	-0.038039	-86.078092
813	0.014920	75000	-0.039178	-86.117270
814	0.014721	75000	-0.038856	-86.156127
815	0.014523	75000	-0.038479	-86.194606
816	0.014326	75000	-0.038969	-86.233575
817	0.014131	75000	-0.039524	-86.273099
818	0.013938	75000	-0.039146	-86.312245
819	0.013746	75000	-0.039410	-86.351655
820	0.013556	75000	-0.039099	-86.390755
821	0.013367	75000	-0.039787	-86.430542
822	0.013181	75000	-0.039490	-86.470032
823	0.012995	75000	-0.040458	-86.510490
824	0.012811	75000	-0.040603	-86.551092
825	0.012629	75000	-0.040006	-86.591099
826	0.012448	75000	-0.040768	-86.631867
827	0.012269	75000	-0.040377	-86.672244
828	0.012092	75000	-0.041392	-86.713636
829	0.011916	75000	-0.042388	-86.756023
830	0.011741	75000	-0.042471	-86.798494
831	0.011568	75000	-0.042172	-86.840666
832	0.011397	75000	-0.042534	-86.883200
833	0.011227	75000	-0.042696	-86.925896
834	0.011059	75000	-0.044434	-86.970330
835	0.010892	75000	-0.044117	-87.014447
836	0.010727	75000	-0.043250	-87.057698
837	0.010563	75000	-0.045149	-87.102846
838	0.010401	75000	-0.047041	-87.149887
839	0.010240	75000	-0.045399	-87.195285
840	0.010081	75000	-0.047532	-87.242817
841	0.009923	75000	-0.047950	-87.290767
842	0.009767	75000	-0.049277	-87.340044
843	0.009612	75000	-0.048758	-87.388802
844	0.009459	75000	-0.049444	-87.438246
845	0.009307	75000	-0.050725	-87.488971
846	0.009156	75000	-0.049844	-87.538815
847	0.009008	75000	-0.051833	-87.590648
848	0.008860	75000	-0.052586	-87.643234
849	0.008714	75000	-0.054344	-87.697578
850	0.008570	75000	-0.052342	-87.749920
851	0.008427	75000	-0.054136	-87.804057
852	0.008285	75000	-0.056060	-87.860116
853	0.008145	75000	-0.056218	-87.916335
854	0.008006	75000	-0.058947	-87.975281
855	0.007869	75000	-0.057074	-88.032356
856	0.007733	75000	-0.059514	-88.091869
857	0.007598	75000	-0.060467	-88.152336
858	0.007465	75000	-0.063000	-88.215336
859	0.007334	75000	-0.064481	-88.279817
860	0.007203	75000	-0.066342	-88.346159
861	0.007075	75000	-0.065821	-88.411979
862	0.006947	75000	-0.067358	-88.479337
863	0.006821	75000	-0.067680	-88.547017
864	0.006696	75000	-0.069861	-88.616878
865	0.006573	75000	-0.071299	-88.688177
866	0.006451	75000	-0.072064	-88.760241
867	0.006330	75000	-0.074552	-88.834793
868	0.006211	75000	-0.072546	-88.907339
869	0.006093	75000	-0.075461	-88.982800
870	0.005977	75000	-0.073797	-89.056596
871	0.005862	75000	-0.078789	-89.135386
872	0.005748	75000	-0.079979	-89.215365
873	0.005635	75000	-0.080008	-89.295373
874	0.005524	75000	-0.083704	-89.379077
875	0.005414	75000	-0.083739	-89.462816
876	0.005306	75000	-0.082084	-89.544900
877	0.005199	75000	-0.085526	-89.630426
878	0.005093	75000	-0.087166	-89.717593
879	0.004988	75000	-0.089182	-89.806775
880	0.004885	75000	-0.088586	-89.895361
881	0.004783	75000	-0.091241	-89.986602
882	0.004682	75000	-0.091354	-90.077956
883	0.004583	75000	-0.091641	-90.169597
884	0.004485	75000	-0.093974	-90.263571
885	0.004388	75000	-0.094300	-90.357871
886	0.004292	75000	-0.095050	-90.452920
887	0.004198	75000	-0.097155	-90.550076
888	0.004105	75000	-0.096359	-90.646435
889	0.004013	75000	-0.098535	-90.744970
890	0.003923	75000	-0.099298	-90.844268
891	0.003833	75000	-0.099576	-90.943844
892	0.003745	75000	-0.099927	-91.043771
893	0.003658	75000	-0.101355	-91.145126
894	0.003573	75000	-0.099751	-91.244876
895	0.003488	75000	-0.098786	-91.343662
896	0.003405	75000	-0.100266	-91.443928
897	0.003323	75000	-0.101221	-91.545149
898	0.003242	75000	-0.101139	-91.646288
899	0.003162	75000	-0.100438	-91.746726
900	0.003084	75000	-0.101844	-91.848570
901	0.003007	75000	-0.101348	-91.949918
902	0.002930	75000	-0.101159	-92.051076
903	0.002855	75000	-0.098656	-92.149733
904	0.002782	75000	-0.098302	-92.248034
905	0.002709	75000	-0.100154	-92.348188
906	0.002638	75000	-0.099121	-92.447309
907	0.002567	75000	-0.097434	-92.544743
908	0.002498	75000	-0.097791	-92.642534
909	0.002430	75000	-0.098254	-92.740788
910	0.002363	75000	-0.096223	-92.837011
911	0.002297	75000	-0.095447	-92.932457
912	0.002233	75000	-0.095710	-93.028168
913	0.002169	75000	-0.093648	-93.121816
914	0.002106	75000	-0.093120	-93.214936
915	0.002045	75000	-0.092718	-93.307653
916	0.001985	75000	-0.092320	-93.399973
917	0.001925	75000	-0.090749	-93.490723
918	0.001867	75000	-0.089502	-93.580224
919	0.001810	75000	-0.088166	-93.668390
920	0.001754	75000	-0.087750	-93.756140
921	0.001699	75000	-0.087101	-93.843241
922	0.001645	75000	-0.085276	-93.928517
923	0.001592	75000	-0.084841	-94.013357
924	0.001540	75000	-0.083045	-94.096402
925	0.001490	75000	-0.082133	-94.178536
926	0.001440	75000	-0.080635	-94.259171
927	0.001391	75000	-0.079158	-94.338329
928	0.001343	75000	-0.078180	-94.416509
929	0.001296	75000	-0.076716	-94.493224
930	0.001251	75000	-0.075615	-94.568839
931	0.001206	75000	-0.074186	-94.643025
932	0.001162	75000	-0.073218	-94.716243
933	0.001119	75000	-0.071497	-94.787740
934	0.001077	75000	-0.070898	-94.858638
935	0.001036	75000	-0.068714	-94.927352
936	0.000996	75000	-0.067356	-94.994708
937	0.000957	75000	-0.065881	-95.060589
938	0.000919	75000	-0.064860	-95.125449
939	0.000882	75000	-0.063347	-95.188796
940	0.000846	75000	-0.061565	-95.250361
941	0.000810	75000	-0.060617	-95.310978
942	0.000776	75000	-0.059448	-95.370426
943	0.000742	75000	-0.057825	-95.428251
944	0.000709	75000	-0.056294	-95.484545
945	0.000678	75000	-0.054918	-95.539462
946	0.000647	75000	-0.053543	-95.593006
947	0.000617	75000	-0.052376	-95.645382
948	0.000587	75000	-0.051108	-95.696490
949	0.000559	75000	-0.049770	-95.746260
950	0.000531	75000	-0.048204	-95.794464
951	0.000505	75000	-0.046754	-95.841218
952	0.000479	75000	-0.045321	-95.886539
953	0.000454	75000	-0.044274	-95.930813
954	0.000430	75000	-0.042972	-95.973785
955	0.000406	75000	-0.041306	-96.015090
956	0.000383	75000	-0.040071	-96.055161
957	0.000362	75000	-0.038735	-96.093896
958	0.000340	75000	-0.037677	-96.131572
959	0.000320	75000	-0.036163	-96.167736
960	0.000300	75000	-0.034742	-96.202478
961	0.000281	75000	-0.033467	-96.235945
962	0.000263	75000	-0.032326	-96.268270
963	0.000246	75000	-0.031137	-96.299408
964	0.000229	75000	-0.029904	-96.329312
965	0.000213	75000	-0.028711	-96.358022
966	0.000198	75000	-0.027399	-96.385422
967	0.000183	75000	-0.026244	-96.411665
968	0.000169	75000	-0.024970	-96.436635
969	0.000156	75000	-0.023906	-96.460541
970	0.000143	75000	-0.022750	-96.483291
971	0.000131	75000	-0.021667	-96.504958
972	0.000120	75000	-0.020496	-96.525454
973	0.000109	75000	-0.019389	-96.544843
974	0.000099	75000	-0.018316	-96.563159
975	0.000089	75000	-0.017258	-96.580416
976	0.000080	75000	-0.016229	-96.596645
977	0.000072	75000	-0.015221	-96.611866
978	0.000064	75000	-0.014243	-96.626108
979	0.000057	75000	-0.013240	-96.639349
980	0.000050	75000	-0.012320	-96.651669
981	0.000043	75000	-0.011353	-96.663022
982	0.000038	75000	-0.010407	-96.673429
983	0.000032	75000	-0.009564	-96.682993
984	0.000028	75000	-0.008725	-96.691718
985	0.000023	75000	-0.007908	-96.699626
986	0.000019	75000	-0.007065	-96.706691
987	0.000016	75000	-0.006329	-96.713021
988	0.000013	75000	-0.005585	-96.718606
989	0.000010	75000	-0.004869	-96.723475
990	0.000008	75000	-0.004181	-96.727657
991	0.000006	75000	-0.003560	-96.731217
992	0.000004	75000	-0.002956	-96.734173
993	0.000003	75000	-0.002377	-96.736550
994	0.000002	75000	-0.001856	-96.738406
995	0.000001	75000	-0.001370	-96.739777
996	0.000000	75000	-0.000942	-96.740719
997	0.000000	75000	-0.000569	-96.741288
998	0.000000	75000	-0.000266	-96.741555
999	0.000000	75000	-0.000057	-96.741612
Log marginal likelihood:	-96.741612
