Steppingstone sampler:
        No Stones:                  1000
        Start It:                   10000001
        It Per Stone:               100000
        Sample Freq:                1
        Dist:                       Beta(0.400000,1.000000)
Stone No	Power	N	Stone MLh	Running MLh
0	0.997502	75000	-0.239539	-0.239539
1	0.995007	75000	-0.239263	-0.478802
2	0.992517	75000	-0.238872	-0.717674
3	0.990030	75000	-0.238603	-0.956277
4	0.987547	75000	-0.238121	-1.194398
5	0.985067	75000	-0.237800	-1.432198
6	0.982592	75000	-0.237510	-1.669708
7	0.980120	75000	-0.237161	-1.906869
8	0.977652	75000	-0.236734	-2.143603
9	0.975187	75000	-0.236413	-2.380016
10	0.972726	75000	-0.236033	-2.616049
11	0.970269	75000	-0.235647	-2.851696
12	0.967816	75000	-0.235375	-3.087071
13	0.965367	75000	-0.235022	-3.322093
14	0.962921	75000	-0.234626	-3.556719
15	0.960479	75000	-0.234323	-3.791042
16	0.958040	75000	-0.234028	-4.025070
17	0.955606	75000	-0.233595	-4.258665
18	0.953175	75000	-0.233255	-4.491921
19	0.950747	75000	-0.233049	-4.724969
20	0.948324	75000	-0.232651	-4.957620
21	0.945904	75000	-0.232157	-5.189777
22	0.943488	75000	-0.231893	-5.421670
23	0.941076	75000	-0.231519	-5.653189
24	0.938667	75000	-0.231250	-5.884439
25	0.936262	75000	-0.230846	-6.115284
26	0.933861	75000	-0.230511	-6.345796
27	0.931463	75000	-0.230199	-6.575995
28	0.929069	75000	-0.229751	-6.805746
29	0.926679	75000	-0.229432	-7.035178
30	0.924293	75000	-0.229004	-7.264182
31	0.921910	75000	-0.228845	-7.493027
32	0.919531	75000	-0.228534	-7.721561
33	0.917155	75000	-0.228103	-7.949664
34	0.914783	75000	-0.227701	-8.177365
35	0.912415	75000	-0.227477	-8.404842
36	0.910051	75000	-0.227075	-8.631916
37	0.907690	75000	-0.226736	-8.858652
38	0.905333	75000	-0.226296	-9.084948
39	0.902980	75000	-0.226050	-9.310998
40	0.900630	75000	-0.225616	-9.536615
41	0.898284	75000	-0.225265	-9.761880
42	0.895942	75000	-0.224963	-9.986842
43	0.893603	75000	-0.224664	-10.211506
44	0.891268	75000	-0.224279	-10.435785
45	0.888937	75000	-0.223951	-10.659736
46	0.886609	75000	-0.223558	-10.883294
47	0.884285	75000	-0.223269	-11.106562
48	0.881965	75000	-0.222892	-11.329455
49	0.879648	75000	-0.222527	-11.551982
50	0.877335	75000	-0.222246	-11.774228
51	0.875026	75000	-0.221929	-11.996157
52	0.872720	75000	-0.221558	-12.217715
53	0.870418	75000	-0.221270	-12.438985
54	0.868120	75000	-0.220937	-12.659922
55	0.865825	75000	-0.220540	-12.880462
56	0.863534	75000	-0.220220	-13.100682
57	0.861246	75000	-0.219838	-13.320520
58	0.858962	75000	-0.219500	-13.540020
59	0.856682	75000	-0.219205	-13.759225
60	0.854405	75000	-0.218885	-13.978110
61	0.852132	75000	-0.218431	-14.196542
62	0.849863	75000	-0.218208	-14.414750
63	0.847597	75000	-0.217848	-14.632598
64	0.845335	75000	-0.217517	-14.850115
65	0.843077	75000	-0.217193	-15.067307
66	0.840822	75000	-0.216834	-15.284141
67	0.838571	75000	-0.216466	-15.500607
68	0.836323	75000	-0.216156	-15.716763
69	0.834079	75000	-0.215753	-15.932516
70	0.831839	75000	-0.215463	-16.147980
71	0.829602	75000	-0.215089	-16.363068
72	0.827369	75000	-0.214827	-16.577895
73	0.825140	75000	-0.214399	-16.792294
74	0.822914	75000	-0.214120	-17.006414
75	0.820691	75000	-0.213737	-17.220151
76	0.818473	75000	-0.213452	-17.433603
77	0.816258	75000	-0.213046	-17.646649
78	0.814046	75000	-0.212687	-17.859336
79	0.811838	75000	-0.212387	-18.071723
80	0.809634	75000	-0.212156	-18.283879
81	0.807433	75000	-0.211794	-18.495673
82	0.805236	75000	-0.211457	-18.707129
83	0.803043	75000	-0.211091	-18.918220
84	0.800853	75000	-0.210799	-19.129019
85	0.798667	75000	-0.210439	-19.339458
86	0.796484	75000	-0.210146	-19.549604
87	0.794305	75000	-0.209705	-19.759309
88	0.792129	75000	-0.209390	-19.968699
89	0.789957	75000	-0.209093	-20.177792
90	0.787789	75000	-0.208835	-20.386626
91	0.785624	75000	-0.208412	-20.595038
92	0.783463	75000	-0.208023	-20.803061
93	0.781305	75000	-0.207702	-21.010763
94	0.779151	75000	-0.207309	-21.218072
95	0.777000	75000	-0.207059	-21.425131
96	0.774853	75000	-0.206722	-21.631853
97	0.772710	75000	-0.206396	-21.838249
98	0.770570	75000	-0.206015	-22.044264
99	0.768433	75000	-0.205745	-22.250009
100	0.766301	75000	-0.205422	-22.455431
101	0.764172	75000	-0.205054	-22.660485
102	0.762046	75000	-0.204731	-22.865216
103	0.759924	75000	-0.204423	-23.069640
104	0.757805	75000	-0.204034	-23.273674
105	0.755690	75000	-0.203761	-23.477434
106	0.753579	75000	-0.203423	-23.680858
107	0.751471	75000	-0.203188	-23.884045
108	0.749366	75000	-0.202782	-24.086827
109	0.747266	75000	-0.202477	-24.289304
110	0.745168	75000	-0.202125	-24.491429
111	0.743075	75000	-0.201812	-24.693241
112	0.740984	75000	-0.201357	-24.894598
113	0.738898	75000	-0.201041	-25.095639
114	0.736815	75000	-0.200740	-25.296380
115	0.734735	75000	-0.200509	-25.496888
116	0.732659	75000	-0.200043	-25.696931
117	0.730586	75000	-0.199781	-25.896712
118	0.728517	75000	-0.199479	-26.096192
119	0.726452	75000	-0.199050	-26.295241
120	0.724390	75000	-0.198784	-26.494026
121	0.722331	75000	-0.198459	-26.692485
122	0.720276	75000	-0.198171	-26.890656
123	0.718225	75000	-0.197793	-27.088449
124	0.716177	75000	-0.197505	-27.285954
125	0.714132	75000	-0.197181	-27.483135
126	0.712091	75000	-0.196825	-27.679959
127	0.710054	75000	-0.196533	-27.876492
128	0.708020	75000	-0.196192	-28.072684
129	0.705989	75000	-0.195763	-28.268446
130	0.703962	75000	-0.195590	-28.464037
131	0.701939	75000	-0.195208	-28.659245
132	0.699919	75000	-0.194936	-28.854181
133	0.697902	75000	-0.194572	-29.048753
134	0.695889	75000	-0.194219	-29.242972
135	0.693880	75000	-0.193914	-29.436886
136	0.691874	75000	-0.193643	-29.630529
137	0.689871	75000	-0.193179	-29.823707
138	0.687872	75000	-0.192889	-30.016596
139	0.685877	75000	-0.192606	-30.209202
140	0.683885	75000	-0.192348	-30.401550
141	0.681896	75000	-0.191964	-30.593513
142	0.679911	75000	-0.191722	-30.785235
143	0.677929	75000	-0.191360	-30.976595
144	0.675951	75000	-0.190962	-31.167557
145	0.673976	75000	-0.190758	-31.358315
146	0.672005	75000	-0.190294	-31.548609
147	0.670037	75000	-0.189998	-31.738607
148	0.668073	75000	-0.189813	-31.928420
149	0.666112	75000	-0.189365	-32.117785
150	0.664155	75000	-0.188990	-32.306775
151	0.662201	75000	-0.188777	-32.495552
152	0.660250	75000	-0.188418	-32.683969
153	0.658303	75000	-0.188012	-32.871981
154	0.656359	75000	-0.187816	-33.059798
155	0.654419	75000	-0.187441	-33.247239
156	0.652483	75000	-0.187173	-33.434413
157	0.650549	75000	-0.186749	-33.621162
158	0.648619	75000	-0.186409	-33.807571
159	0.646693	75000	-0.186216	-33.993786
160	0.644770	75000	-0.185811	-34.179598
161	0.642851	75000	-0.185518	-34.365116
162	0.640934	75000	-0.185329	-34.550445
163	0.639022	75000	-0.184905	-34.735349
164	0.637113	75000	-0.184609	-34.919958
165	0.635207	75000	-0.184307	-35.104265
166	0.633304	75000	-0.183977	-35.288242
167	0.631405	75000	-0.183589	-35.471831
168	0.629510	75000	-0.183337	-35.655168
169	0.627618	75000	-0.182976	-35.838145
170	0.625729	75000	-0.182573	-36.020717
171	0.623844	75000	-0.182304	-36.203021
172	0.621962	75000	-0.182021	-36.385042
173	0.620083	75000	-0.181699	-36.566741
174	0.618208	75000	-0.181361	-36.748103
175	0.616337	75000	-0.181115	-36.929218
176	0.614468	75000	-0.180836	-37.110053
177	0.612604	75000	-0.180423	-37.290476
178	0.610742	75000	-0.180205	-37.470681
179	0.608884	75000	-0.179813	-37.650494
180	0.607029	75000	-0.179432	-37.829927
181	0.605178	75000	-0.179184	-38.009111
182	0.603330	75000	-0.178819	-38.187930
183	0.601486	75000	-0.178548	-38.366478
184	0.599645	75000	-0.178155	-38.544633
185	0.597807	75000	-0.177937	-38.722570
186	0.595973	75000	-0.177556	-38.900126
187	0.594142	75000	-0.177200	-39.077326
188	0.592314	75000	-0.177004	-39.254330
189	0.590490	75000	-0.176643	-39.430973
190	0.588669	75000	-0.176273	-39.607246
191	0.586852	75000	-0.176042	-39.783287
192	0.585038	75000	-0.175599	-39.958886
193	0.583227	75000	-0.175278	-40.134165
194	0.581420	75000	-0.175090	-40.309254
195	0.579616	75000	-0.174803	-40.484057
196	0.577815	75000	-0.174461	-40.658518
197	0.576018	75000	-0.174189	-40.832708
198	0.574224	75000	-0.173850	-41.006558
199	0.572433	75000	-0.173517	-41.180075
200	0.570646	75000	-0.173291	-41.353366
201	0.568862	75000	-0.172918	-41.526283
202	0.567082	75000	-0.172574	-41.698857
203	0.565305	75000	-0.172311	-41.871168
204	0.563531	75000	-0.171948	-42.043116
205	0.561761	75000	-0.171611	-42.214727
206	0.559993	75000	-0.171357	-42.386084
207	0.558230	75000	-0.170993	-42.557077
208	0.556469	75000	-0.170703	-42.727780
209	0.554712	75000	-0.170361	-42.898142
210	0.552958	75000	-0.170111	-43.068253
211	0.551208	75000	-0.169734	-43.237987
212	0.549461	75000	-0.169470	-43.407457
213	0.547717	75000	-0.169254	-43.576711
214	0.545977	75000	-0.168827	-43.745537
215	0.544240	75000	-0.168594	-43.914132
216	0.542506	75000	-0.168315	-44.082447
217	0.540775	75000	-0.167842	-44.250289
218	0.539048	75000	-0.167686	-44.417974
219	0.537324	75000	-0.167225	-44.585200
220	0.535604	75000	-0.166997	-44.752197
221	0.533887	75000	-0.166642	-44.918839
222	0.532173	75000	-0.166431	-45.085270
223	0.530462	75000	-0.166081	-45.251351
224	0.528755	75000	-0.165851	-45.417202
225	0.527051	75000	-0.165343	-45.582546
226	0.525350	75000	-0.165150	-45.747696
227	0.523653	75000	-0.164867	-45.912563
228	0.521958	75000	-0.164555	-46.077117
229	0.520268	75000	-0.164294	-46.241411
230	0.518580	75000	-0.164030	-46.405441
231	0.516896	75000	-0.163613	-46.569055
232	0.515215	75000	-0.163361	-46.732415
233	0.513537	75000	-0.163004	-46.895419
234	0.511863	75000	-0.162834	-47.058253
235	0.510192	75000	-0.162447	-47.220700
236	0.508524	75000	-0.162081	-47.382781
237	0.506859	75000	-0.161846	-47.544627
238	0.505198	75000	-0.161491	-47.706118
239	0.503540	75000	-0.161151	-47.867269
240	0.501885	75000	-0.160928	-48.028196
241	0.500234	75000	-0.160574	-48.188770
242	0.498586	75000	-0.160336	-48.349106
243	0.496941	75000	-0.160079	-48.509185
244	0.495299	75000	-0.159711	-48.668896
245	0.493660	75000	-0.159481	-48.828376
246	0.492025	75000	-0.159057	-48.987434
247	0.490393	75000	-0.158749	-49.146183
248	0.488765	75000	-0.158594	-49.304776
249	0.487139	75000	-0.158165	-49.462941
250	0.485517	75000	-0.157929	-49.620870
251	0.483898	75000	-0.157627	-49.778496
252	0.482283	75000	-0.157370	-49.935866
253	0.480670	75000	-0.157024	-50.092890
254	0.479061	75000	-0.156740	-50.249629
255	0.477455	75000	-0.156298	-50.405928
256	0.475852	75000	-0.156046	-50.561974
257	0.474253	75000	-0.155874	-50.717847
258	0.472656	75000	-0.155486	-50.873333
259	0.471063	75000	-0.155177	-51.028510
260	0.469474	75000	-0.154907	-51.183417
261	0.467887	75000	-0.154670	-51.338088
262	0.466304	75000	-0.154220	-51.492308
263	0.464723	75000	-0.153960	-51.646268
264	0.463146	75000	-0.153640	-51.799909
265	0.461573	75000	-0.153528	-51.953436
266	0.460002	75000	-0.153016	-52.106452
267	0.458435	75000	-0.152708	-52.259161
268	0.456871	75000	-0.152630	-52.411790
269	0.455310	75000	-0.152196	-52.563986
270	0.453752	75000	-0.151928	-52.715914
271	0.452198	75000	-0.151720	-52.867634
272	0.450647	75000	-0.151325	-53.018959
273	0.449098	75000	-0.150967	-53.169926
274	0.447554	75000	-0.150746	-53.320673
275	0.446012	75000	-0.150509	-53.471182
276	0.444473	75000	-0.150096	-53.621278
277	0.442938	75000	-0.149847	-53.771125
278	0.441406	75000	-0.149528	-53.920653
279	0.439877	75000	-0.149255	-54.069907
280	0.438351	75000	-0.148937	-54.218844
281	0.436829	75000	-0.148640	-54.367484
282	0.435309	75000	-0.148325	-54.515809
283	0.433793	75000	-0.148089	-54.663898
284	0.432280	75000	-0.147779	-54.811676
285	0.430770	75000	-0.147530	-54.959207
286	0.429263	75000	-0.147170	-55.106377
287	0.427760	75000	-0.146979	-55.253356
288	0.426259	75000	-0.146661	-55.400017
289	0.424762	75000	-0.146292	-55.546309
290	0.423268	75000	-0.145882	-55.692191
291	0.421777	75000	-0.145758	-55.837949
292	0.420289	75000	-0.145618	-55.983567
293	0.418805	75000	-0.145080	-56.128647
294	0.417323	75000	-0.144955	-56.273603
295	0.415845	75000	-0.144539	-56.418142
296	0.414370	75000	-0.144283	-56.562425
297	0.412898	75000	-0.144121	-56.706546
298	0.411429	75000	-0.143745	-56.850291
299	0.409963	75000	-0.143483	-56.993775
300	0.408501	75000	-0.143170	-57.136945
301	0.407041	75000	-0.142916	-57.279861
302	0.405585	75000	-0.142559	-57.422420
303	0.404132	75000	-0.142400	-57.564820
304	0.402682	75000	-0.142039	-57.706859
305	0.401235	75000	-0.141728	-57.848587
306	0.399791	75000	-0.141425	-57.990011
307	0.398350	75000	-0.141073	-58.131085
308	0.396913	75000	-0.140910	-58.271995
309	0.395478	75000	-0.140580	-58.412575
310	0.394047	75000	-0.140321	-58.552896
311	0.392619	75000	-0.140117	-58.693013
312	0.391194	75000	-0.139794	-58.832808
313	0.389772	75000	-0.139425	-58.972232
314	0.388353	75000	-0.139128	-59.111360
315	0.386937	75000	-0.138841	-59.250201
316	0.385524	75000	-0.138557	-59.388759
317	0.384115	75000	-0.138297	-59.527056
318	0.382708	75000	-0.138032	-59.665088
319	0.381305	75000	-0.137669	-59.802756
320	0.379904	75000	-0.137430	-59.940186
321	0.378507	75000	-0.137155	-60.077341
322	0.377113	75000	-0.136854	-60.214195
323	0.375722	75000	-0.136537	-60.350732
324	0.374334	75000	-0.136291	-60.487023
325	0.372949	75000	-0.136029	-60.623052
326	0.371567	75000	-0.135768	-60.758820
327	0.370189	75000	-0.135463	-60.894283
328	0.368813	75000	-0.135197	-61.029480
329	0.367440	75000	-0.134890	-61.164370
330	0.366071	75000	-0.134641	-61.299011
331	0.364705	75000	-0.134448	-61.433460
332	0.363341	75000	-0.133994	-61.567454
333	0.361981	75000	-0.133670	-61.701125
334	0.360624	75000	-0.133436	-61.834561
335	0.359269	75000	-0.133217	-61.967778
336	0.357918	75000	-0.132895	-62.100673
337	0.356570	75000	-0.132632	-62.233304
338	0.355225	75000	-0.132349	-62.365653
339	0.353883	75000	-0.132066	-62.497719
340	0.352544	75000	-0.131842	-62.629561
341	0.351208	75000	-0.131538	-62.761099
342	0.349875	75000	-0.131317	-62.892416
343	0.348546	75000	-0.130920	-63.023336
344	0.347219	75000	-0.130713	-63.154049
345	0.345895	75000	-0.130347	-63.284396
346	0.344574	75000	-0.130091	-63.414488
347	0.343257	75000	-0.129965	-63.544452
348	0.341942	75000	-0.129655	-63.674107
349	0.340630	75000	-0.129296	-63.803403
350	0.339322	75000	-0.129003	-63.932406
351	0.338016	75000	-0.128688	-64.061094
352	0.336714	75000	-0.128655	-64.189749
353	0.335414	75000	-0.128228	-64.317976
354	0.334118	75000	-0.127934	-64.445911
355	0.332824	75000	-0.127602	-64.573513
356	0.331534	75000	-0.127355	-64.700868
357	0.330246	75000	-0.127072	-64.827940
358	0.328962	75000	-0.126844	-64.954784
359	0.327680	75000	-0.126558	-65.081341
360	0.326401	75000	-0.126314	-65.207655
361	0.325126	75000	-0.126101	-65.333757
362	0.323853	75000	-0.125809	-65.459566
363	0.322584	75000	-0.125397	-65.584963
364	0.321317	75000	-0.125212	-65.710175
365	0.320054	75000	-0.124928	-65.835102
366	0.318793	75000	-0.124642	-65.959745
367	0.317536	75000	-0.124219	-66.083964
368	0.316281	75000	-0.124095	-66.208059
369	0.315030	75000	-0.123762	-66.331821
370	0.313781	75000	-0.123389	-66.455210
371	0.312535	75000	-0.123270	-66.578480
372	0.311293	75000	-0.123133	-66.701613
373	0.310053	75000	-0.122687	-66.824300
374	0.308816	75000	-0.122463	-66.946763
375	0.307582	75000	-0.122354	-67.069116
376	0.306352	75000	-0.122032	-67.191148
377	0.305124	75000	-0.121708	-67.312856
378	0.303899	75000	-0.121377	-67.434234
379	0.302677	75000	-0.121238	-67.555471
380	0.301458	75000	-0.120993	-67.676465
381	0.300242	75000	-0.120568	-67.797033
382	0.299029	75000	-0.120338	-67.917370
383	0.297819	75000	-0.120056	-68.037427
384	0.296611	75000	-0.119750	-68.157176
385	0.295407	75000	-0.119510	-68.276686
386	0.294206	75000	-0.119327	-68.396013
387	0.293007	75000	-0.119026	-68.515040
388	0.291812	75000	-0.118744	-68.633784
389	0.290619	75000	-0.118568	-68.752351
390	0.289430	75000	-0.118171	-68.870522
391	0.288243	75000	-0.117997	-68.988519
392	0.287059	75000	-0.117762	-69.106281
393	0.285879	75000	-0.117553	-69.223834
394	0.284701	75000	-0.117339	-69.341173
395	0.283526	75000	-0.116862	-69.458035
396	0.282354	75000	-0.116730	-69.574765
397	0.281184	75000	-0.116428	-69.691193
398	0.280018	75000	-0.116137	-69.807330
399	0.278855	75000	-0.115990	-69.923320
400	0.277694	75000	-0.115539	-70.038860
401	0.276537	75000	-0.115169	-70.154028
402	0.275382	75000	-0.115173	-70.269202
403	0.274230	75000	-0.114798	-70.384000
404	0.273082	75000	-0.114492	-70.498492
405	0.271936	75000	-0.114527	-70.613019
406	0.270793	75000	-0.113879	-70.726897
407	0.269652	75000	-0.113901	-70.840798
408	0.268515	75000	-0.113616	-70.954414
409	0.267381	75000	-0.113289	-71.067703
410	0.266249	75000	-0.112990	-71.180693
411	0.265121	75000	-0.112739	-71.293432
412	0.263995	75000	-0.112626	-71.406058
413	0.262872	75000	-0.112273	-71.518330
414	0.261752	75000	-0.111861	-71.630191
415	0.260635	75000	-0.111601	-71.741792
416	0.259520	75000	-0.111489	-71.853282
417	0.258409	75000	-0.110963	-71.964245
418	0.257300	75000	-0.110785	-72.075030
419	0.256195	75000	-0.110822	-72.185852
420	0.255092	75000	-0.110367	-72.296219
421	0.253992	75000	-0.110040	-72.406259
422	0.252895	75000	-0.109957	-72.516215
423	0.251800	75000	-0.109731	-72.625947
424	0.250709	75000	-0.109486	-72.735433
425	0.249620	75000	-0.109163	-72.844596
426	0.248534	75000	-0.109004	-72.953599
427	0.247451	75000	-0.108749	-73.062348
428	0.246371	75000	-0.108427	-73.170775
429	0.245294	75000	-0.108254	-73.279029
430	0.244220	75000	-0.107999	-73.387028
431	0.243148	75000	-0.107702	-73.494730
432	0.242079	75000	-0.107331	-73.602061
433	0.241013	75000	-0.107011	-73.709072
434	0.239950	75000	-0.106899	-73.815971
435	0.238890	75000	-0.106780	-73.922751
436	0.237832	75000	-0.106395	-74.029146
437	0.236778	75000	-0.106101	-74.135247
438	0.235726	75000	-0.105910	-74.241157
439	0.234677	75000	-0.105797	-74.346954
440	0.233630	75000	-0.105537	-74.452491
441	0.232587	75000	-0.105281	-74.557771
442	0.231546	75000	-0.104971	-74.662742
443	0.230509	75000	-0.104849	-74.767591
444	0.229473	75000	-0.104628	-74.872220
445	0.228441	75000	-0.104236	-74.976455
446	0.227412	75000	-0.103936	-75.080392
447	0.226385	75000	-0.103557	-75.183949
448	0.225361	75000	-0.103686	-75.287635
449	0.224340	75000	-0.103399	-75.391034
450	0.223322	75000	-0.102986	-75.494019
451	0.222306	75000	-0.102751	-75.596770
452	0.221293	75000	-0.102280	-75.699051
453	0.220283	75000	-0.102209	-75.801260
454	0.219276	75000	-0.102104	-75.903364
455	0.218272	75000	-0.101836	-76.005200
456	0.217270	75000	-0.101686	-76.106886
457	0.216271	75000	-0.101423	-76.208308
458	0.215275	75000	-0.101347	-76.309655
459	0.214281	75000	-0.100874	-76.410529
460	0.213291	75000	-0.100607	-76.511136
461	0.212303	75000	-0.100432	-76.611568
462	0.211318	75000	-0.100075	-76.711643
463	0.210335	75000	-0.099917	-76.811560
464	0.209356	75000	-0.099697	-76.911257
465	0.208379	75000	-0.099413	-77.010670
466	0.207404	75000	-0.099128	-77.109798
467	0.206433	75000	-0.098894	-77.208693
468	0.205464	75000	-0.098807	-77.307500
469	0.204498	75000	-0.098384	-77.405884
470	0.203535	75000	-0.098271	-77.504155
471	0.202575	75000	-0.097910	-77.602066
472	0.201617	75000	-0.097960	-77.700026
473	0.200662	75000	-0.097471	-77.797497
474	0.199709	75000	-0.097321	-77.894818
475	0.198760	75000	-0.097102	-77.991920
476	0.197813	75000	-0.096781	-78.088701
477	0.196869	75000	-0.096640	-78.185341
478	0.195927	75000	-0.096452	-78.281793
479	0.194988	75000	-0.096130	-78.377923
480	0.194052	75000	-0.095956	-78.473878
481	0.193119	75000	-0.095794	-78.569672
482	0.192188	75000	-0.095631	-78.665304
483	0.191260	75000	-0.095167	-78.760471
484	0.190335	75000	-0.095084	-78.855555
485	0.189412	75000	-0.095068	-78.950623
486	0.188492	75000	-0.094746	-79.045369
487	0.187575	75000	-0.094387	-79.139755
488	0.186660	75000	-0.093760	-79.233515
489	0.185749	75000	-0.094158	-79.327673
490	0.184839	75000	-0.093882	-79.421556
491	0.183933	75000	-0.093461	-79.515016
492	0.183029	75000	-0.093051	-79.608067
493	0.182128	75000	-0.093047	-79.701114
494	0.181229	75000	-0.092646	-79.793760
495	0.180333	75000	-0.092288	-79.886048
496	0.179440	75000	-0.092502	-79.978550
497	0.178550	75000	-0.092047	-80.070597
498	0.177662	75000	-0.092094	-80.162691
499	0.176777	75000	-0.091630	-80.254321
500	0.175894	75000	-0.091276	-80.345597
501	0.175014	75000	-0.091195	-80.436791
502	0.174137	75000	-0.091015	-80.527806
503	0.173262	75000	-0.090726	-80.618532
504	0.172390	75000	-0.090544	-80.709076
505	0.171521	75000	-0.090539	-80.799616
506	0.170654	75000	-0.090389	-80.890005
507	0.169790	75000	-0.089740	-80.979744
508	0.168929	75000	-0.089768	-81.069512
509	0.168070	75000	-0.089348	-81.158861
510	0.167214	75000	-0.089473	-81.248333
511	0.166360	75000	-0.088989	-81.337322
512	0.165509	75000	-0.088900	-81.426222
513	0.164661	75000	-0.088806	-81.515028
514	0.163815	75000	-0.088348	-81.603377
515	0.162972	75000	-0.088347	-81.691723
516	0.162132	75000	-0.088036	-81.779760
517	0.161294	75000	-0.087599	-81.867358
518	0.160458	75000	-0.087501	-81.954859
519	0.159626	75000	-0.087521	-82.042380
520	0.158796	75000	-0.086972	-82.129351
521	0.157968	75000	-0.086921	-82.216272
522	0.157143	75000	-0.086763	-82.303036
523	0.156321	75000	-0.086322	-82.389358
524	0.155501	75000	-0.086325	-82.475682
525	0.154684	75000	-0.086590	-82.562272
526	0.153870	75000	-0.085791	-82.648063
527	0.153058	75000	-0.085902	-82.733965
528	0.152248	75000	-0.085894	-82.819859
529	0.151441	75000	-0.085503	-82.905363
530	0.150637	75000	-0.085211	-82.990573
531	0.149835	75000	-0.084850	-83.075423
532	0.149036	75000	-0.084862	-83.160285
533	0.148240	75000	-0.084687	-83.244972
534	0.147446	75000	-0.084326	-83.329297
535	0.146654	75000	-0.084143	-83.413440
536	0.145865	75000	-0.084211	-83.497651
537	0.145079	75000	-0.083473	-83.581124
538	0.144295	75000	-0.083807	-83.664931
539	0.143514	75000	-0.083264	-83.748195
540	0.142735	75000	-0.082981	-83.831175
541	0.141959	75000	-0.083372	-83.914547
542	0.141186	75000	-0.083036	-83.997583
543	0.140415	75000	-0.082915	-84.080498
544	0.139646	75000	-0.082869	-84.163367
545	0.138880	75000	-0.082790	-84.246157
546	0.138116	75000	-0.082294	-84.328450
547	0.137356	75000	-0.082222	-84.410673
548	0.136597	75000	-0.082232	-84.492904
549	0.135841	75000	-0.081521	-84.574426
550	0.135088	75000	-0.081574	-84.656000
551	0.134337	75000	-0.081193	-84.737192
552	0.133588	75000	-0.081047	-84.818239
553	0.132843	75000	-0.080800	-84.899039
554	0.132099	75000	-0.081187	-84.980226
555	0.131358	75000	-0.080631	-85.060856
556	0.130620	75000	-0.080759	-85.141616
557	0.129884	75000	-0.080235	-85.221851
558	0.129151	75000	-0.080076	-85.301926
559	0.128420	75000	-0.080536	-85.382462
560	0.127691	75000	-0.079862	-85.462324
561	0.126965	75000	-0.079521	-85.541845
562	0.126242	75000	-0.079724	-85.621569
563	0.125521	75000	-0.079426	-85.700994
564	0.124802	75000	-0.079545	-85.780539
565	0.124086	75000	-0.079152	-85.859691
566	0.123373	75000	-0.079318	-85.939009
567	0.122662	75000	-0.078950	-86.017959
568	0.121953	75000	-0.078301	-86.096260
569	0.121247	75000	-0.078375	-86.174635
570	0.120543	75000	-0.078403	-86.253038
571	0.119842	75000	-0.078317	-86.331356
572	0.119143	75000	-0.078144	-86.409499
573	0.118447	75000	-0.077782	-86.487281
574	0.117753	75000	-0.077935	-86.565216
575	0.117062	75000	-0.078008	-86.643224
576	0.116373	75000	-0.077470	-86.720694
577	0.115686	75000	-0.077019	-86.797713
578	0.115002	75000	-0.076912	-86.874625
579	0.114320	75000	-0.076739	-86.951364
580	0.113641	75000	-0.076804	-87.028168
581	0.112964	75000	-0.076820	-87.104987
582	0.112290	75000	-0.076448	-87.181435
583	0.111618	75000	-0.076124	-87.257559
584	0.110948	75000	-0.075905	-87.333464
585	0.110281	75000	-0.076010	-87.409474
586	0.109616	75000	-0.075959	-87.485433
587	0.108954	75000	-0.075915	-87.561348
588	0.108294	75000	-0.075775	-87.637123
589	0.107637	75000	-0.075826	-87.712949
590	0.106981	75000	-0.075097	-87.788046
591	0.106329	75000	-0.075479	-87.863525
592	0.105678	75000	-0.075140	-87.938665
593	0.105030	75000	-0.075399	-88.014064
594	0.104385	75000	-0.075002	-88.089066
595	0.103742	75000	-0.075611	-88.164677
596	0.103101	75000	-0.075148	-88.239826
597	0.102463	75000	-0.074690	-88.314516
598	0.101827	75000	-0.074479	-88.388995
599	0.101193	75000	-0.074420	-88.463415
600	0.100562	75000	-0.074476	-88.537890
601	0.099933	75000	-0.074421	-88.612312
602	0.099306	75000	-0.074499	-88.686811
603	0.098682	75000	-0.074446	-88.761257
604	0.098060	75000	-0.075098	-88.836355
605	0.097441	75000	-0.073787	-88.910142
606	0.096824	75000	-0.073585	-88.983727
607	0.096209	75000	-0.074215	-89.057942
608	0.095596	75000	-0.073559	-89.131501
609	0.094986	75000	-0.074128	-89.205629
610	0.094379	75000	-0.073087	-89.278716
611	0.093773	75000	-0.073200	-89.351917
612	0.093170	75000	-0.073925	-89.425842
613	0.092570	75000	-0.074204	-89.500045
614	0.091971	75000	-0.074168	-89.574214
615	0.091375	75000	-0.073730	-89.647944
616	0.090781	75000	-0.073520	-89.721464
617	0.090190	75000	-0.073661	-89.795125
618	0.089601	75000	-0.072702	-89.867827
619	0.089014	75000	-0.072407	-89.940233
620	0.088430	75000	-0.073774	-90.014007
621	0.087848	75000	-0.072536	-90.086543
622	0.087268	75000	-0.073713	-90.160256
623	0.086690	75000	-0.072775	-90.233031
624	0.086115	75000	-0.072966	-90.305997
625	0.085542	75000	-0.072642	-90.378639
626	0.084971	75000	-0.073174	-90.451812
627	0.084403	75000	-0.072706	-90.524519
628	0.083837	75000	-0.072678	-90.597197
629	0.083273	75000	-0.073240	-90.670437
630	0.082712	75000	-0.072943	-90.743380
631	0.082152	75000	-0.072363	-90.815744
632	0.081595	75000	-0.072894	-90.888638
633	0.081041	75000	-0.073156	-90.961794
634	0.080488	75000	-0.072833	-91.034626
635	0.079938	75000	-0.073254	-91.107880
636	0.079390	75000	-0.072950	-91.180829
637	0.078845	75000	-0.072786	-91.253616
638	0.078301	75000	-0.073628	-91.327243
639	0.077760	75000	-0.072936	-91.400179
640	0.077221	75000	-0.073594	-91.473774
641	0.076684	75000	-0.071333	-91.545107
642	0.076150	75000	-0.072468	-91.617575
643	0.075618	75000	-0.072896	-91.690472
644	0.075088	75000	-0.072822	-91.763293
645	0.074560	75000	-0.072511	-91.835805
646	0.074035	75000	-0.072726	-91.908531
647	0.073512	75000	-0.072458	-91.980989
648	0.072991	75000	-0.072747	-92.053736
649	0.072472	75000	-0.073180	-92.126916
650	0.071955	75000	-0.072798	-92.199714
651	0.071441	75000	-0.073241	-92.272955
652	0.070929	75000	-0.072293	-92.345248
653	0.070419	75000	-0.072551	-92.417799
654	0.069911	75000	-0.071714	-92.489513
655	0.069406	75000	-0.072418	-92.561931
656	0.068903	75000	-0.071847	-92.633778
657	0.068401	75000	-0.072022	-92.705800
658	0.067903	75000	-0.072046	-92.777846
659	0.067406	75000	-0.072192	-92.850038
660	0.066911	75000	-0.072894	-92.922932
661	0.066419	75000	-0.072377	-92.995309
662	0.065929	75000	-0.072419	-93.067728
663	0.065441	75000	-0.072540	-93.140268
664	0.064955	75000	-0.071525	-93.211793
665	0.064471	75000	-0.071080	-93.282873
666	0.063990	75000	-0.071230	-93.354103
667	0.063510	75000	-0.072932	-93.427035
668	0.063033	75000	-0.071136	-93.498171
669	0.062558	75000	-0.071372	-93.569543
670	0.062085	75000	-0.070947	-93.640490
671	0.061615	75000	-0.072010	-93.712500
672	0.061146	75000	-0.071455	-93.783956
673	0.060680	75000	-0.072168	-93.856124
674	0.060216	75000	-0.072867	-93.928991
675	0.059753	75000	-0.071812	-94.000803
676	0.059293	75000	-0.071475	-94.072278
677	0.058836	75000	-0.071744	-94.144021
678	0.058380	75000	-0.070175	-94.214197
679	0.057926	75000	-0.071076	-94.285273
680	0.057475	75000	-0.071923	-94.357196
681	0.057025	75000	-0.071348	-94.428544
682	0.056578	75000	-0.071117	-94.499661
683	0.056133	75000	-0.071887	-94.571547
684	0.055690	75000	-0.070881	-94.642428
685	0.055249	75000	-0.071522	-94.713949
686	0.054810	75000	-0.071177	-94.785127
687	0.054373	75000	-0.070259	-94.855386
688	0.053939	75000	-0.069821	-94.925207
689	0.053506	75000	-0.070159	-94.995366
690	0.053076	75000	-0.069836	-95.065202
691	0.052647	75000	-0.069303	-95.134505
692	0.052221	75000	-0.069474	-95.203979
693	0.051797	75000	-0.069672	-95.273652
694	0.051375	75000	-0.069308	-95.342960
695	0.050955	75000	-0.070355	-95.413314
696	0.050537	75000	-0.070189	-95.483503
697	0.050121	75000	-0.068735	-95.552238
698	0.049707	75000	-0.068931	-95.621169
699	0.049295	75000	-0.069205	-95.690374
700	0.048885	75000	-0.069200	-95.759575
701	0.048478	75000	-0.069432	-95.829007
702	0.048072	75000	-0.068180	-95.897187
703	0.047668	75000	-0.068237	-95.965424
704	0.047267	75000	-0.067905	-96.033330
705	0.046867	75000	-0.068875	-96.102204
706	0.046470	75000	-0.067607	-96.169812
707	0.046074	75000	-0.068437	-96.238248
708	0.045681	75000	-0.067819	-96.306068
709	0.045289	75000	-0.066683	-96.372751
710	0.044900	75000	-0.066704	-96.439454
711	0.044512	75000	-0.066986	-96.506441
712	0.044127	75000	-0.067103	-96.573543
713	0.043744	75000	-0.066704	-96.640248
714	0.043362	75000	-0.066764	-96.707012
715	0.042983	75000	-0.066740	-96.773752
716	0.042606	75000	-0.066433	-96.840185
717	0.042230	75000	-0.065582	-96.905767
718	0.041857	75000	-0.065236	-96.971003
719	0.041485	75000	-0.065604	-97.036607
720	0.041116	75000	-0.065330	-97.101938
721	0.040749	75000	-0.065122	-97.167059
722	0.040383	75000	-0.064537	-97.231597
723	0.040020	75000	-0.064515	-97.296112
724	0.039658	75000	-0.064211	-97.360323
725	0.039299	75000	-0.064265	-97.424588
726	0.038941	75000	-0.064428	-97.489016
727	0.038585	75000	-0.063540	-97.552556
728	0.038232	75000	-0.063557	-97.616113
729	0.037880	75000	-0.063498	-97.679611
730	0.037530	75000	-0.063203	-97.742814
731	0.037182	75000	-0.062955	-97.805769
732	0.036836	75000	-0.062831	-97.868600
733	0.036493	75000	-0.062562	-97.931162
734	0.036151	75000	-0.061944	-97.993106
735	0.035810	75000	-0.062215	-98.055321
736	0.035472	75000	-0.062174	-98.117495
737	0.035136	75000	-0.061624	-98.179119
738	0.034802	75000	-0.061030	-98.240149
739	0.034469	75000	-0.060823	-98.300971
740	0.034139	75000	-0.060914	-98.361885
741	0.033810	75000	-0.059992	-98.421877
742	0.033484	75000	-0.060162	-98.482039
743	0.033159	75000	-0.059650	-98.541689
744	0.032836	75000	-0.059524	-98.601213
745	0.032515	75000	-0.058869	-98.660082
746	0.032196	75000	-0.058740	-98.718822
747	0.031879	75000	-0.058529	-98.777351
748	0.031563	75000	-0.058443	-98.835794
749	0.031250	75000	-0.058293	-98.894087
750	0.030938	75000	-0.058174	-98.952261
751	0.030629	75000	-0.057838	-99.010099
752	0.030321	75000	-0.057023	-99.067122
753	0.030015	75000	-0.056976	-99.124098
754	0.029711	75000	-0.057001	-99.181099
755	0.029409	75000	-0.056621	-99.237721
756	0.029108	75000	-0.056521	-99.294242
757	0.028810	75000	-0.055639	-99.349881
758	0.028513	75000	-0.055593	-99.405474
759	0.028218	75000	-0.055316	-99.460791
760	0.027925	75000	-0.055127	-99.515918
761	0.027634	75000	-0.054625	-99.570543
762	0.027345	75000	-0.054561	-99.625104
763	0.027057	75000	-0.054492	-99.679596
764	0.026771	75000	-0.054133	-99.733729
765	0.026487	75000	-0.053802	-99.787531
766	0.026205	75000	-0.053549	-99.841081
767	0.025925	75000	-0.053547	-99.894628
768	0.025647	75000	-0.053025	-99.947653
769	0.025370	75000	-0.052534	-100.000186
770	0.025095	75000	-0.052591	-100.052777
771	0.024822	75000	-0.052116	-100.104893
772	0.024551	75000	-0.051573	-100.156466
773	0.024281	75000	-0.051398	-100.207863
774	0.024014	75000	-0.051080	-100.258944
775	0.023748	75000	-0.050849	-100.309793
776	0.023483	75000	-0.050474	-100.360266
777	0.023221	75000	-0.050022	-100.410288
778	0.022960	75000	-0.049935	-100.460223
779	0.022702	75000	-0.049653	-100.509876
780	0.022445	75000	-0.049505	-100.559381
781	0.022189	75000	-0.048952	-100.608333
782	0.021936	75000	-0.048737	-100.657069
783	0.021684	75000	-0.048484	-100.705553
784	0.021434	75000	-0.048034	-100.753588
785	0.021185	75000	-0.047893	-100.801481
786	0.020939	75000	-0.047749	-100.849230
787	0.020694	75000	-0.047258	-100.896488
788	0.020451	75000	-0.047025	-100.943514
789	0.020209	75000	-0.046779	-100.990293
790	0.019969	75000	-0.046398	-101.036690
791	0.019731	75000	-0.046105	-101.082795
792	0.019495	75000	-0.045791	-101.128587
793	0.019261	75000	-0.045340	-101.173927
794	0.019028	75000	-0.045267	-101.219194
795	0.018796	75000	-0.044843	-101.264037
796	0.018567	75000	-0.044560	-101.308597
797	0.018339	75000	-0.044304	-101.352901
798	0.018113	75000	-0.043822	-101.396723
799	0.017889	75000	-0.043701	-101.440424
800	0.017666	75000	-0.043245	-101.483668
801	0.017445	75000	-0.043052	-101.526720
802	0.017225	75000	-0.042779	-101.569499
803	0.017007	75000	-0.042405	-101.611904
804	0.016791	75000	-0.042203	-101.654108
805	0.016577	75000	-0.041879	-101.695987
806	0.016364	75000	-0.041601	-101.737588
807	0.016153	75000	-0.041244	-101.778832
808	0.015943	75000	-0.040886	-101.819718
809	0.015736	75000	-0.040582	-101.860300
810	0.015529	75000	-0.040345	-101.900645
811	0.015325	75000	-0.040119	-101.940765
812	0.015122	75000	-0.039831	-101.980595
813	0.014920	75000	-0.039467	-102.020062
814	0.014721	75000	-0.039182	-102.059244
815	0.014523	75000	-0.038791	-102.098035
816	0.014326	75000	-0.038491	-102.136526
817	0.014131	75000	-0.038327	-102.174853
818	0.013938	75000	-0.038007	-102.212860
819	0.013746	75000	-0.037726	-102.250586
820	0.013556	75000	-0.037326	-102.287912
821	0.013367	75000	-0.037167	-102.325079
822	0.013181	75000	-0.036758	-102.361836
823	0.012995	75000	-0.036433	-102.398269
824	0.012811	75000	-0.036178	-102.434447
825	0.012629	75000	-0.035851	-102.470298
826	0.012448	75000	-0.035578	-102.505876
827	0.012269	75000	-0.035386	-102.541262
828	0.012092	75000	-0.035210	-102.576472
829	0.011916	75000	-0.034780	-102.611252
830	0.011741	75000	-0.034458	-102.645710
831	0.011568	75000	-0.034213	-102.679923
832	0.011397	75000	-0.034006	-102.713929
833	0.011227	75000	-0.033513	-102.747443
834	0.011059	75000	-0.033320	-102.780762
835	0.010892	75000	-0.033063	-102.813825
836	0.010727	75000	-0.032721	-102.846546
837	0.010563	75000	-0.032429	-102.878975
838	0.010401	75000	-0.032209	-102.911184
839	0.010240	75000	-0.031858	-102.943042
840	0.010081	75000	-0.031599	-102.974641
841	0.009923	75000	-0.031331	-103.005972
842	0.009767	75000	-0.031081	-103.037053
843	0.009612	75000	-0.030785	-103.067838
844	0.009459	75000	-0.030421	-103.098259
845	0.009307	75000	-0.030074	-103.128333
846	0.009156	75000	-0.029897	-103.158229
847	0.009008	75000	-0.029591	-103.187821
848	0.008860	75000	-0.029312	-103.217132
849	0.008714	75000	-0.028988	-103.246120
850	0.008570	75000	-0.028815	-103.274934
851	0.008427	75000	-0.028512	-103.303447
852	0.008285	75000	-0.028162	-103.331608
853	0.008145	75000	-0.027908	-103.359516
854	0.008006	75000	-0.027542	-103.387057
855	0.007869	75000	-0.027364	-103.414422
856	0.007733	75000	-0.027096	-103.441518
857	0.007598	75000	-0.026867	-103.468385
858	0.007465	75000	-0.026482	-103.494866
859	0.007334	75000	-0.026215	-103.521081
860	0.007203	75000	-0.026008	-103.547089
861	0.007075	75000	-0.025728	-103.572817
862	0.006947	75000	-0.025468	-103.598284
863	0.006821	75000	-0.025175	-103.623459
864	0.006696	75000	-0.024863	-103.648323
865	0.006573	75000	-0.024599	-103.672922
866	0.006451	75000	-0.024420	-103.697342
867	0.006330	75000	-0.024025	-103.721368
868	0.006211	75000	-0.023750	-103.745117
869	0.006093	75000	-0.023580	-103.768697
870	0.005977	75000	-0.023323	-103.792020
871	0.005862	75000	-0.023005	-103.815025
872	0.005748	75000	-0.022738	-103.837763
873	0.005635	75000	-0.022542	-103.860305
874	0.005524	75000	-0.022252	-103.882557
875	0.005414	75000	-0.021975	-103.904532
876	0.005306	75000	-0.021742	-103.926273
877	0.005199	75000	-0.021450	-103.947724
878	0.005093	75000	-0.021246	-103.968969
879	0.004988	75000	-0.020953	-103.989922
880	0.004885	75000	-0.020702	-104.010625
881	0.004783	75000	-0.020415	-104.031040
882	0.004682	75000	-0.020204	-104.051244
883	0.004583	75000	-0.019915	-104.071159
884	0.004485	75000	-0.019676	-104.090835
885	0.004388	75000	-0.019428	-104.110263
886	0.004292	75000	-0.019167	-104.129430
887	0.004198	75000	-0.018922	-104.148351
888	0.004105	75000	-0.018711	-104.167063
889	0.004013	75000	-0.018389	-104.185452
890	0.003923	75000	-0.018185	-104.203637
891	0.003833	75000	-0.017960	-104.221597
892	0.003745	75000	-0.017706	-104.239303
893	0.003658	75000	-0.017463	-104.256766
894	0.003573	75000	-0.017225	-104.273991
895	0.003488	75000	-0.016955	-104.290946
896	0.003405	75000	-0.016749	-104.307695
897	0.003323	75000	-0.016455	-104.324150
898	0.003242	75000	-0.016262	-104.340412
899	0.003162	75000	-0.015989	-104.356401
900	0.003084	75000	-0.015796	-104.372197
901	0.003007	75000	-0.015512	-104.387709
902	0.002930	75000	-0.015297	-104.403006
903	0.002855	75000	-0.015077	-104.418083
904	0.002782	75000	-0.014835	-104.432919
905	0.002709	75000	-0.014616	-104.447535
906	0.002638	75000	-0.014373	-104.461907
907	0.002567	75000	-0.014131	-104.476039
908	0.002498	75000	-0.013916	-104.489955
909	0.002430	75000	-0.013709	-104.503664
910	0.002363	75000	-0.013475	-104.517139
911	0.002297	75000	-0.013240	-104.530379
912	0.002233	75000	-0.013019	-104.543398
913	0.002169	75000	-0.012801	-104.556199
914	0.002106	75000	-0.012585	-104.568784
915	0.002045	75000	-0.012362	-104.581146
916	0.001985	75000	-0.012132	-104.593278
917	0.001925	75000	-0.011901	-104.605179
918	0.001867	75000	-0.011706	-104.616885
919	0.001810	75000	-0.011501	-104.628385
920	0.001754	75000	-0.011266	-104.639652
921	0.001699	75000	-0.011078	-104.650730
922	0.001645	75000	-0.010886	-104.661616
923	0.001592	75000	-0.010662	-104.672278
924	0.001540	75000	-0.010458	-104.682735
925	0.001490	75000	-0.010249	-104.692984
926	0.001440	75000	-0.010026	-104.703010
927	0.001391	75000	-0.009847	-104.712857
928	0.001343	75000	-0.009625	-104.722483
929	0.001296	75000	-0.009435	-104.731918
930	0.001251	75000	-0.009232	-104.741150
931	0.001206	75000	-0.009048	-104.750198
932	0.001162	75000	-0.008835	-104.759033
933	0.001119	75000	-0.008657	-104.767690
934	0.001077	75000	-0.008451	-104.776141
935	0.001036	75000	-0.008268	-104.784409
936	0.000996	75000	-0.008070	-104.792479
937	0.000957	75000	-0.007866	-104.800345
938	0.000919	75000	-0.007701	-104.808045
939	0.000882	75000	-0.007506	-104.815551
940	0.000846	75000	-0.007324	-104.822875
941	0.000810	75000	-0.007125	-104.830001
942	0.000776	75000	-0.006953	-104.836953
943	0.000742	75000	-0.006766	-104.843719
944	0.000709	75000	-0.006607	-104.850326
945	0.000678	75000	-0.006423	-104.856749
946	0.000647	75000	-0.006251	-104.863000
947	0.000617	75000	-0.006065	-104.869065
948	0.000587	75000	-0.005895	-104.874960
949	0.000559	75000	-0.005740	-104.880700
950	0.000531	75000	-0.005551	-104.886251
951	0.000505	75000	-0.005388	-104.891638
952	0.000479	75000	-0.005221	-104.896859
953	0.000454	75000	-0.005044	-104.901904
954	0.000430	75000	-0.004889	-104.906793
955	0.000406	75000	-0.004741	-104.911534
956	0.000383	75000	-0.004577	-104.916111
957	0.000362	75000	-0.004426	-104.920537
958	0.000340	75000	-0.004263	-104.924800
959	0.000320	75000	-0.004117	-104.928918
960	0.000300	75000	-0.003969	-104.932886
961	0.000281	75000	-0.003823	-104.936709
962	0.000263	75000	-0.003671	-104.940380
963	0.000246	75000	-0.003517	-104.943898
964	0.000229	75000	-0.003384	-104.947282
965	0.000213	75000	-0.003237	-104.950519
966	0.000198	75000	-0.003095	-104.953614
967	0.000183	75000	-0.002958	-104.956573
968	0.000169	75000	-0.002826	-104.959399
969	0.000156	75000	-0.002690	-104.962089
970	0.000143	75000	-0.002564	-104.964653
971	0.000131	75000	-0.002427	-104.967080
972	0.000120	75000	-0.002304	-104.969384
973	0.000109	75000	-0.002178	-104.971562
974	0.000099	75000	-0.002057	-104.973619
975	0.000089	75000	-0.001939	-104.975558
976	0.000080	75000	-0.001816	-104.977374
977	0.000072	75000	-0.001702	-104.979076
978	0.000064	75000	-0.001589	-104.980665
979	0.000057	75000	-0.001484	-104.982149
980	0.000050	75000	-0.001375	-104.983524
981	0.000043	75000	-0.001272	-104.984796
982	0.000038	75000	-0.001169	-104.985965
983	0.000032	75000	-0.001070	-104.987035
984	0.000028	75000	-0.000975	-104.988011
985	0.000023	75000	-0.000883	-104.988894
986	0.000019	75000	-0.000792	-104.989686
987	0.000016	75000	-0.000707	-104.990393
988	0.000013	75000	-0.000623	-104.991016
989	0.000010	75000	-0.000543	-104.991559
990	0.000008	75000	-0.000468	-104.992026
991	0.000006	75000	-0.000396	-104.992422
992	0.000004	75000	-0.000328	-104.992750
993	0.000003	75000	-0.000265	-104.993016
994	0.000002	75000	-0.000206	-104.993222
995	0.000001	75000	-0.000152	-104.993374
996	0.000000	75000	-0.000105	-104.993479
997	0.000000	75000	-0.000063	-104.993543
998	0.000000	75000	-0.000030	-104.993572
999	0.000000	75000	-0.000006	-104.993579
Log marginal likelihood:	-104.993579
