Steppingstone sampler:
        No Stones:                  1000
        Start It:                   10000001
        It Per Stone:               100000
        Sample Freq:                1
        Dist:                       Beta(0.400000,1.000000)
Stone No	Power	N	Stone MLh	Running MLh
0	0.997502	75000	-0.239732	-0.239732
1	0.995007	75000	-0.239442	-0.479174
2	0.992517	75000	-0.239114	-0.718288
3	0.990030	75000	-0.238695	-0.956983
4	0.987547	75000	-0.238361	-1.195343
5	0.985067	75000	-0.238000	-1.433343
6	0.982592	75000	-0.237602	-1.670945
7	0.980120	75000	-0.237240	-1.908185
8	0.977652	75000	-0.236896	-2.145081
9	0.975187	75000	-0.236581	-2.381662
10	0.972726	75000	-0.236247	-2.617909
11	0.970269	75000	-0.235885	-2.853794
12	0.967816	75000	-0.235475	-3.089269
13	0.965367	75000	-0.235201	-3.324470
14	0.962921	75000	-0.234856	-3.559326
15	0.960479	75000	-0.234537	-3.793863
16	0.958040	75000	-0.234118	-4.027981
17	0.955606	75000	-0.233665	-4.261646
18	0.953175	75000	-0.233425	-4.495071
19	0.950747	75000	-0.233210	-4.728281
20	0.948324	75000	-0.232699	-4.960980
21	0.945904	75000	-0.232505	-5.193485
22	0.943488	75000	-0.231981	-5.425465
23	0.941076	75000	-0.231731	-5.657196
24	0.938667	75000	-0.231398	-5.888595
25	0.936262	75000	-0.231069	-6.119664
26	0.933861	75000	-0.230686	-6.350350
27	0.931463	75000	-0.230307	-6.580657
28	0.929069	75000	-0.229972	-6.810629
29	0.926679	75000	-0.229632	-7.040260
30	0.924293	75000	-0.229255	-7.269516
31	0.921910	75000	-0.228897	-7.498412
32	0.919531	75000	-0.228559	-7.726971
33	0.917155	75000	-0.228235	-7.955206
34	0.914783	75000	-0.227922	-8.183128
35	0.912415	75000	-0.227541	-8.410669
36	0.910051	75000	-0.227263	-8.637932
37	0.907690	75000	-0.226908	-8.864840
38	0.905333	75000	-0.226523	-9.091363
39	0.902980	75000	-0.226146	-9.317510
40	0.900630	75000	-0.225853	-9.543363
41	0.898284	75000	-0.225544	-9.768907
42	0.895942	75000	-0.225147	-9.994054
43	0.893603	75000	-0.224836	-10.218890
44	0.891268	75000	-0.224432	-10.443322
45	0.888937	75000	-0.224083	-10.667405
46	0.886609	75000	-0.223777	-10.891182
47	0.884285	75000	-0.223535	-11.114717
48	0.881965	75000	-0.223080	-11.337796
49	0.879648	75000	-0.222736	-11.560532
50	0.877335	75000	-0.222436	-11.782968
51	0.875026	75000	-0.222086	-12.005054
52	0.872720	75000	-0.221785	-12.226839
53	0.870418	75000	-0.221363	-12.448202
54	0.868120	75000	-0.221053	-12.669255
55	0.865825	75000	-0.220784	-12.890039
56	0.863534	75000	-0.220416	-13.110455
57	0.861246	75000	-0.219956	-13.330411
58	0.858962	75000	-0.219672	-13.550083
59	0.856682	75000	-0.219346	-13.769429
60	0.854405	75000	-0.219074	-13.988503
61	0.852132	75000	-0.218765	-14.207268
62	0.849863	75000	-0.218220	-14.425488
63	0.847597	75000	-0.217931	-14.643419
64	0.845335	75000	-0.217655	-14.861074
65	0.843077	75000	-0.217386	-15.078459
66	0.840822	75000	-0.216915	-15.295374
67	0.838571	75000	-0.216549	-15.511924
68	0.836323	75000	-0.216339	-15.728263
69	0.834079	75000	-0.215943	-15.944207
70	0.831839	75000	-0.215571	-16.159778
71	0.829602	75000	-0.215338	-16.375116
72	0.827369	75000	-0.214925	-16.590041
73	0.825140	75000	-0.214649	-16.804691
74	0.822914	75000	-0.214319	-17.019010
75	0.820691	75000	-0.213930	-17.232940
76	0.818473	75000	-0.213593	-17.446533
77	0.816258	75000	-0.213248	-17.659782
78	0.814046	75000	-0.212951	-17.872732
79	0.811838	75000	-0.212495	-18.085228
80	0.809634	75000	-0.212235	-18.297463
81	0.807433	75000	-0.211914	-18.509377
82	0.805236	75000	-0.211606	-18.720984
83	0.803043	75000	-0.211187	-18.932171
84	0.800853	75000	-0.210886	-19.143056
85	0.798667	75000	-0.210516	-19.353572
86	0.796484	75000	-0.210215	-19.563787
87	0.794305	75000	-0.209816	-19.773603
88	0.792129	75000	-0.209645	-19.983248
89	0.789957	75000	-0.209242	-20.192490
90	0.787789	75000	-0.208769	-20.401259
91	0.785624	75000	-0.208518	-20.609777
92	0.783463	75000	-0.208223	-20.818000
93	0.781305	75000	-0.207852	-21.025852
94	0.779151	75000	-0.207553	-21.233405
95	0.777000	75000	-0.207221	-21.440625
96	0.774853	75000	-0.206766	-21.647391
97	0.772710	75000	-0.206546	-21.853937
98	0.770570	75000	-0.206139	-22.060076
99	0.768433	75000	-0.205923	-22.265999
100	0.766301	75000	-0.205478	-22.471477
101	0.764172	75000	-0.205253	-22.676730
102	0.762046	75000	-0.204885	-22.881615
103	0.759924	75000	-0.204571	-23.086186
104	0.757805	75000	-0.204322	-23.290507
105	0.755690	75000	-0.203969	-23.494476
106	0.753579	75000	-0.203482	-23.697958
107	0.751471	75000	-0.203172	-23.901129
108	0.749366	75000	-0.202919	-24.104049
109	0.747266	75000	-0.202546	-24.306595
110	0.745168	75000	-0.202148	-24.508743
111	0.743075	75000	-0.201799	-24.710542
112	0.740984	75000	-0.201599	-24.912141
113	0.738898	75000	-0.201234	-25.113375
114	0.736815	75000	-0.200873	-25.314247
115	0.734735	75000	-0.200565	-25.514812
116	0.732659	75000	-0.200219	-25.715031
117	0.730586	75000	-0.199875	-25.914907
118	0.728517	75000	-0.199633	-26.114540
119	0.726452	75000	-0.199257	-26.313797
120	0.724390	75000	-0.198913	-26.512710
121	0.722331	75000	-0.198572	-26.711282
122	0.720276	75000	-0.198284	-26.909565
123	0.718225	75000	-0.197885	-27.107450
124	0.716177	75000	-0.197629	-27.305080
125	0.714132	75000	-0.197273	-27.502353
126	0.712091	75000	-0.196862	-27.699215
127	0.710054	75000	-0.196654	-27.895869
128	0.708020	75000	-0.196349	-28.092217
129	0.705989	75000	-0.196013	-28.288230
130	0.703962	75000	-0.195649	-28.483880
131	0.701939	75000	-0.195395	-28.679275
132	0.699919	75000	-0.194939	-28.874213
133	0.697902	75000	-0.194723	-29.068937
134	0.695889	75000	-0.194297	-29.263234
135	0.693880	75000	-0.193948	-29.457182
136	0.691874	75000	-0.193573	-29.650754
137	0.689871	75000	-0.193390	-29.844144
138	0.687872	75000	-0.192981	-30.037125
139	0.685877	75000	-0.192629	-30.229754
140	0.683885	75000	-0.192377	-30.422131
141	0.681896	75000	-0.191964	-30.614095
142	0.679911	75000	-0.191685	-30.805780
143	0.677929	75000	-0.191457	-30.997237
144	0.675951	75000	-0.191041	-31.188278
145	0.673976	75000	-0.190771	-31.379049
146	0.672005	75000	-0.190407	-31.569457
147	0.670037	75000	-0.190165	-31.759622
148	0.668073	75000	-0.189693	-31.949315
149	0.666112	75000	-0.189527	-32.138842
150	0.664155	75000	-0.189155	-32.327997
151	0.662201	75000	-0.188765	-32.516762
152	0.660250	75000	-0.188578	-32.705340
153	0.658303	75000	-0.188197	-32.893537
154	0.656359	75000	-0.187793	-33.081330
155	0.654419	75000	-0.187529	-33.268860
156	0.652483	75000	-0.187196	-33.456055
157	0.650549	75000	-0.186877	-33.642933
158	0.648619	75000	-0.186520	-33.829452
159	0.646693	75000	-0.186265	-34.015717
160	0.644770	75000	-0.185977	-34.201695
161	0.642851	75000	-0.185580	-34.387275
162	0.640934	75000	-0.185266	-34.572540
163	0.639022	75000	-0.184951	-34.757491
164	0.637113	75000	-0.184658	-34.942149
165	0.635207	75000	-0.184290	-35.126438
166	0.633304	75000	-0.184037	-35.310475
167	0.631405	75000	-0.183751	-35.494227
168	0.629510	75000	-0.183335	-35.677561
169	0.627618	75000	-0.183080	-35.860642
170	0.625729	75000	-0.182667	-36.043309
171	0.623844	75000	-0.182415	-36.225724
172	0.621962	75000	-0.182029	-36.407753
173	0.620083	75000	-0.181821	-36.589574
174	0.618208	75000	-0.181427	-36.771001
175	0.616337	75000	-0.181208	-36.952209
176	0.614468	75000	-0.180886	-37.133095
177	0.612604	75000	-0.180500	-37.313594
178	0.610742	75000	-0.180165	-37.493759
179	0.608884	75000	-0.179911	-37.673670
180	0.607029	75000	-0.179559	-37.853229
181	0.605178	75000	-0.179255	-38.032484
182	0.603330	75000	-0.178839	-38.211324
183	0.601486	75000	-0.178623	-38.389947
184	0.599645	75000	-0.178238	-38.568185
185	0.597807	75000	-0.177845	-38.746030
186	0.595973	75000	-0.177662	-38.923692
187	0.594142	75000	-0.177375	-39.101068
188	0.592314	75000	-0.177000	-39.278067
189	0.590490	75000	-0.176705	-39.454772
190	0.588669	75000	-0.176445	-39.631218
191	0.586852	75000	-0.176083	-39.807301
192	0.585038	75000	-0.175828	-39.983129
193	0.583227	75000	-0.175516	-40.158645
194	0.581420	75000	-0.175120	-40.333765
195	0.579616	75000	-0.174861	-40.508626
196	0.577815	75000	-0.174538	-40.683164
197	0.576018	75000	-0.174124	-40.857288
198	0.574224	75000	-0.173949	-41.031237
199	0.572433	75000	-0.173717	-41.204954
200	0.570646	75000	-0.173266	-41.378220
201	0.568862	75000	-0.172872	-41.551092
202	0.567082	75000	-0.172599	-41.723691
203	0.565305	75000	-0.172338	-41.896030
204	0.563531	75000	-0.172096	-42.068126
205	0.561761	75000	-0.171716	-42.239841
206	0.559993	75000	-0.171429	-42.411270
207	0.558230	75000	-0.171110	-42.582380
208	0.556469	75000	-0.170780	-42.753159
209	0.554712	75000	-0.170421	-42.923580
210	0.552958	75000	-0.170238	-43.093817
211	0.551208	75000	-0.169802	-43.263619
212	0.549461	75000	-0.169546	-43.433165
213	0.547717	75000	-0.169241	-43.602406
214	0.545977	75000	-0.168859	-43.771265
215	0.544240	75000	-0.168480	-43.939744
216	0.542506	75000	-0.168293	-44.108037
217	0.540775	75000	-0.167963	-44.275999
218	0.539048	75000	-0.167633	-44.443632
219	0.537324	75000	-0.167213	-44.610845
220	0.535604	75000	-0.167046	-44.777892
221	0.533887	75000	-0.166835	-44.944727
222	0.532173	75000	-0.166379	-45.111106
223	0.530462	75000	-0.166039	-45.277145
224	0.528755	75000	-0.165905	-45.443050
225	0.527051	75000	-0.165533	-45.608583
226	0.525350	75000	-0.165213	-45.773796
227	0.523653	75000	-0.164956	-45.938752
228	0.521958	75000	-0.164612	-46.103364
229	0.520268	75000	-0.164231	-46.267596
230	0.518580	75000	-0.163985	-46.431581
231	0.516896	75000	-0.163737	-46.595318
232	0.515215	75000	-0.163472	-46.758790
233	0.513537	75000	-0.163053	-46.921843
234	0.511863	75000	-0.162669	-47.084512
235	0.510192	75000	-0.162435	-47.246947
236	0.508524	75000	-0.162078	-47.409025
237	0.506859	75000	-0.161873	-47.570897
238	0.505198	75000	-0.161464	-47.732362
239	0.503540	75000	-0.161355	-47.893716
240	0.501885	75000	-0.160921	-48.054638
241	0.500234	75000	-0.160649	-48.215287
242	0.498586	75000	-0.160345	-48.375632
243	0.496941	75000	-0.159991	-48.535622
244	0.495299	75000	-0.159783	-48.695405
245	0.493660	75000	-0.159522	-48.854928
246	0.492025	75000	-0.159114	-49.014041
247	0.490393	75000	-0.158800	-49.172841
248	0.488765	75000	-0.158423	-49.331265
249	0.487139	75000	-0.158238	-49.489502
250	0.485517	75000	-0.157949	-49.647451
251	0.483898	75000	-0.157507	-49.804959
252	0.482283	75000	-0.157338	-49.962297
253	0.480670	75000	-0.156884	-50.119181
254	0.479061	75000	-0.156722	-50.275903
255	0.477455	75000	-0.156323	-50.432226
256	0.475852	75000	-0.156152	-50.588378
257	0.474253	75000	-0.155869	-50.744247
258	0.472656	75000	-0.155441	-50.899688
259	0.471063	75000	-0.155139	-51.054827
260	0.469474	75000	-0.154831	-51.209657
261	0.467887	75000	-0.154658	-51.364315
262	0.466304	75000	-0.154330	-51.518645
263	0.464723	75000	-0.154049	-51.672695
264	0.463146	75000	-0.153719	-51.826413
265	0.461573	75000	-0.153276	-51.979690
266	0.460002	75000	-0.153066	-52.132755
267	0.458435	75000	-0.152767	-52.285522
268	0.456871	75000	-0.152515	-52.438037
269	0.455310	75000	-0.152248	-52.590285
270	0.453752	75000	-0.151869	-52.742154
271	0.452198	75000	-0.151548	-52.893703
272	0.450647	75000	-0.151277	-53.044980
273	0.449098	75000	-0.151069	-53.196049
274	0.447554	75000	-0.150787	-53.346836
275	0.446012	75000	-0.150371	-53.497207
276	0.444473	75000	-0.150152	-53.647360
277	0.442938	75000	-0.149764	-53.797124
278	0.441406	75000	-0.149449	-53.946573
279	0.439877	75000	-0.149243	-54.095816
280	0.438351	75000	-0.149000	-54.244817
281	0.436829	75000	-0.148748	-54.393565
282	0.435309	75000	-0.148330	-54.541895
283	0.433793	75000	-0.148038	-54.689933
284	0.432280	75000	-0.147732	-54.837666
285	0.430770	75000	-0.147424	-54.985089
286	0.429263	75000	-0.147121	-55.132211
287	0.427760	75000	-0.146875	-55.279086
288	0.426259	75000	-0.146535	-55.425621
289	0.424762	75000	-0.146262	-55.571883
290	0.423268	75000	-0.146023	-55.717906
291	0.421777	75000	-0.145740	-55.863646
292	0.420289	75000	-0.145371	-56.009017
293	0.418805	75000	-0.145057	-56.154074
294	0.417323	75000	-0.144764	-56.298838
295	0.415845	75000	-0.144595	-56.443432
296	0.414370	75000	-0.144266	-56.587699
297	0.412898	75000	-0.144012	-56.731710
298	0.411429	75000	-0.143643	-56.875354
299	0.409963	75000	-0.143478	-57.018832
300	0.408501	75000	-0.143088	-57.161920
301	0.407041	75000	-0.142863	-57.304783
302	0.405585	75000	-0.142557	-57.447340
303	0.404132	75000	-0.142138	-57.589479
304	0.402682	75000	-0.141879	-57.731358
305	0.401235	75000	-0.141624	-57.872982
306	0.399791	75000	-0.141315	-58.014298
307	0.398350	75000	-0.141084	-58.155382
308	0.396913	75000	-0.140785	-58.296168
309	0.395478	75000	-0.140524	-58.436692
310	0.394047	75000	-0.140213	-58.576904
311	0.392619	75000	-0.139859	-58.716763
312	0.391194	75000	-0.139587	-58.856351
313	0.389772	75000	-0.139379	-58.995729
314	0.388353	75000	-0.139073	-59.134802
315	0.386937	75000	-0.138839	-59.273641
316	0.385524	75000	-0.138422	-59.412063
317	0.384115	75000	-0.138316	-59.550379
318	0.382708	75000	-0.137852	-59.688231
319	0.381305	75000	-0.137601	-59.825832
320	0.379904	75000	-0.137302	-59.963134
321	0.378507	75000	-0.136990	-60.100124
322	0.377113	75000	-0.136758	-60.236882
323	0.375722	75000	-0.136506	-60.373388
324	0.374334	75000	-0.136179	-60.509567
325	0.372949	75000	-0.135862	-60.645428
326	0.371567	75000	-0.135609	-60.781037
327	0.370189	75000	-0.135408	-60.916445
328	0.368813	75000	-0.135048	-61.051493
329	0.367440	75000	-0.134884	-61.186377
330	0.366071	75000	-0.134434	-61.320811
331	0.364705	75000	-0.134139	-61.454950
332	0.363341	75000	-0.133916	-61.588866
333	0.361981	75000	-0.133575	-61.722441
334	0.360624	75000	-0.133434	-61.855875
335	0.359269	75000	-0.133123	-61.988998
336	0.357918	75000	-0.132820	-62.121819
337	0.356570	75000	-0.132566	-62.254384
338	0.355225	75000	-0.132316	-62.386701
339	0.353883	75000	-0.131963	-62.518664
340	0.352544	75000	-0.131619	-62.650283
341	0.351208	75000	-0.131461	-62.781743
342	0.349875	75000	-0.131030	-62.912773
343	0.348546	75000	-0.130793	-63.043566
344	0.347219	75000	-0.130624	-63.174190
345	0.345895	75000	-0.130161	-63.304351
346	0.344574	75000	-0.129978	-63.434329
347	0.343257	75000	-0.129742	-63.564071
348	0.341942	75000	-0.129439	-63.693510
349	0.340630	75000	-0.129204	-63.822714
350	0.339322	75000	-0.128920	-63.951634
351	0.338016	75000	-0.128657	-64.080291
352	0.336714	75000	-0.128386	-64.208677
353	0.335414	75000	-0.128016	-64.336693
354	0.334118	75000	-0.127736	-64.464428
355	0.332824	75000	-0.127458	-64.591887
356	0.331534	75000	-0.127444	-64.719331
357	0.330246	75000	-0.127010	-64.846340
358	0.328962	75000	-0.126667	-64.973007
359	0.327680	75000	-0.126548	-65.099555
360	0.326401	75000	-0.126141	-65.225697
361	0.325126	75000	-0.125841	-65.351538
362	0.323853	75000	-0.125669	-65.477206
363	0.322584	75000	-0.125311	-65.602518
364	0.321317	75000	-0.124912	-65.727429
365	0.320054	75000	-0.124765	-65.852194
366	0.318793	75000	-0.124456	-65.976649
367	0.317536	75000	-0.124212	-66.100861
368	0.316281	75000	-0.123838	-66.224699
369	0.315030	75000	-0.123669	-66.348368
370	0.313781	75000	-0.123410	-66.471778
371	0.312535	75000	-0.123064	-66.594842
372	0.311293	75000	-0.122821	-66.717663
373	0.310053	75000	-0.122646	-66.840309
374	0.308816	75000	-0.122344	-66.962652
375	0.307582	75000	-0.122123	-67.084775
376	0.306352	75000	-0.121679	-67.206454
377	0.305124	75000	-0.121693	-67.328147
378	0.303899	75000	-0.121268	-67.449415
379	0.302677	75000	-0.120897	-67.570312
380	0.301458	75000	-0.120725	-67.691037
381	0.300242	75000	-0.120475	-67.811512
382	0.299029	75000	-0.120247	-67.931760
383	0.297819	75000	-0.119853	-68.051613
384	0.296611	75000	-0.119664	-68.171277
385	0.295407	75000	-0.119425	-68.290702
386	0.294206	75000	-0.119063	-68.409765
387	0.293007	75000	-0.118954	-68.528719
388	0.291812	75000	-0.118459	-68.647178
389	0.290619	75000	-0.118322	-68.765501
390	0.289430	75000	-0.117973	-68.883474
391	0.288243	75000	-0.117734	-69.001208
392	0.287059	75000	-0.117474	-69.118682
393	0.285879	75000	-0.117077	-69.235759
394	0.284701	75000	-0.116946	-69.352705
395	0.283526	75000	-0.116653	-69.469358
396	0.282354	75000	-0.116326	-69.585684
397	0.281184	75000	-0.116160	-69.701843
398	0.280018	75000	-0.115898	-69.817742
399	0.278855	75000	-0.115772	-69.933513
400	0.277694	75000	-0.115259	-70.048772
401	0.276537	75000	-0.115194	-70.163967
402	0.275382	75000	-0.114769	-70.278736
403	0.274230	75000	-0.114569	-70.393305
404	0.273082	75000	-0.114385	-70.507690
405	0.271936	75000	-0.113986	-70.621676
406	0.270793	75000	-0.113784	-70.735460
407	0.269652	75000	-0.113410	-70.848870
408	0.268515	75000	-0.113342	-70.962212
409	0.267381	75000	-0.112915	-71.075127
410	0.266249	75000	-0.112719	-71.187846
411	0.265121	75000	-0.112514	-71.300360
412	0.263995	75000	-0.112202	-71.412561
413	0.262872	75000	-0.111935	-71.524496
414	0.261752	75000	-0.111755	-71.636252
415	0.260635	75000	-0.111384	-71.747636
416	0.259520	75000	-0.111088	-71.858724
417	0.258409	75000	-0.110910	-71.969634
418	0.257300	75000	-0.110730	-72.080364
419	0.256195	75000	-0.110420	-72.190784
420	0.255092	75000	-0.110362	-72.301146
421	0.253992	75000	-0.109817	-72.410964
422	0.252895	75000	-0.109536	-72.520500
423	0.251800	75000	-0.109496	-72.629996
424	0.250709	75000	-0.109094	-72.739090
425	0.249620	75000	-0.108680	-72.847770
426	0.248534	75000	-0.108561	-72.956331
427	0.247451	75000	-0.108495	-73.064826
428	0.246371	75000	-0.108112	-73.172938
429	0.245294	75000	-0.107838	-73.280776
430	0.244220	75000	-0.107371	-73.388147
431	0.243148	75000	-0.107261	-73.495408
432	0.242079	75000	-0.107106	-73.602514
433	0.241013	75000	-0.106840	-73.709353
434	0.239950	75000	-0.106555	-73.815909
435	0.238890	75000	-0.106342	-73.922251
436	0.237832	75000	-0.106100	-74.028352
437	0.236778	75000	-0.105736	-74.134087
438	0.235726	75000	-0.105596	-74.239683
439	0.234677	75000	-0.105331	-74.345014
440	0.233630	75000	-0.105051	-74.450065
441	0.232587	75000	-0.104791	-74.554856
442	0.231546	75000	-0.104578	-74.659434
443	0.230509	75000	-0.104253	-74.763687
444	0.229473	75000	-0.103976	-74.867664
445	0.228441	75000	-0.104079	-74.971742
446	0.227412	75000	-0.103709	-75.075451
447	0.226385	75000	-0.103353	-75.178804
448	0.225361	75000	-0.103041	-75.281846
449	0.224340	75000	-0.102631	-75.384476
450	0.223322	75000	-0.102548	-75.487024
451	0.222306	75000	-0.102363	-75.589387
452	0.221293	75000	-0.101984	-75.691371
453	0.220283	75000	-0.101871	-75.793242
454	0.219276	75000	-0.101650	-75.894892
455	0.218272	75000	-0.101295	-75.996187
456	0.217270	75000	-0.101069	-76.097256
457	0.216271	75000	-0.100960	-76.198216
458	0.215275	75000	-0.100611	-76.298827
459	0.214281	75000	-0.100147	-76.398974
460	0.213291	75000	-0.100019	-76.498993
461	0.212303	75000	-0.099887	-76.598880
462	0.211318	75000	-0.099651	-76.698530
463	0.210335	75000	-0.099514	-76.798045
464	0.209356	75000	-0.099119	-76.897163
465	0.208379	75000	-0.098943	-76.996106
466	0.207404	75000	-0.098527	-77.094634
467	0.206433	75000	-0.098428	-77.193061
468	0.205464	75000	-0.098061	-77.291122
469	0.204498	75000	-0.097895	-77.389018
470	0.203535	75000	-0.097601	-77.486619
471	0.202575	75000	-0.097427	-77.584046
472	0.201617	75000	-0.097281	-77.681327
473	0.200662	75000	-0.096871	-77.778199
474	0.199709	75000	-0.096714	-77.874913
475	0.198760	75000	-0.096327	-77.971240
476	0.197813	75000	-0.096254	-78.067494
477	0.196869	75000	-0.095950	-78.163444
478	0.195927	75000	-0.095648	-78.259092
479	0.194988	75000	-0.095510	-78.354602
480	0.194052	75000	-0.095236	-78.449838
481	0.193119	75000	-0.095049	-78.544887
482	0.192188	75000	-0.094925	-78.639812
483	0.191260	75000	-0.094567	-78.734379
484	0.190335	75000	-0.094449	-78.828828
485	0.189412	75000	-0.094188	-78.923016
486	0.188492	75000	-0.093939	-79.016955
487	0.187575	75000	-0.093672	-79.110627
488	0.186660	75000	-0.093180	-79.203807
489	0.185749	75000	-0.092884	-79.296691
490	0.184839	75000	-0.092863	-79.389554
491	0.183933	75000	-0.092676	-79.482230
492	0.183029	75000	-0.092584	-79.574814
493	0.182128	75000	-0.092049	-79.666863
494	0.181229	75000	-0.092020	-79.758883
495	0.180333	75000	-0.091716	-79.850598
496	0.179440	75000	-0.091493	-79.942092
497	0.178550	75000	-0.091238	-80.033330
498	0.177662	75000	-0.091014	-80.124344
499	0.176777	75000	-0.090763	-80.215108
500	0.175894	75000	-0.090712	-80.305820
501	0.175014	75000	-0.090448	-80.396267
502	0.174137	75000	-0.090281	-80.486548
503	0.173262	75000	-0.089870	-80.576418
504	0.172390	75000	-0.089660	-80.666078
505	0.171521	75000	-0.089520	-80.755598
506	0.170654	75000	-0.089208	-80.844806
507	0.169790	75000	-0.089164	-80.933970
508	0.168929	75000	-0.089057	-81.023028
509	0.168070	75000	-0.088688	-81.111715
510	0.167214	75000	-0.088307	-81.200022
511	0.166360	75000	-0.088095	-81.288117
512	0.165509	75000	-0.087858	-81.375975
513	0.164661	75000	-0.087618	-81.463593
514	0.163815	75000	-0.087522	-81.551114
515	0.162972	75000	-0.087176	-81.638291
516	0.162132	75000	-0.087040	-81.725330
517	0.161294	75000	-0.086773	-81.812103
518	0.160458	75000	-0.086569	-81.898671
519	0.159626	75000	-0.086422	-81.985094
520	0.158796	75000	-0.086274	-82.071368
521	0.157968	75000	-0.086005	-82.157373
522	0.157143	75000	-0.085857	-82.243230
523	0.156321	75000	-0.085367	-82.328597
524	0.155501	75000	-0.085112	-82.413709
525	0.154684	75000	-0.085100	-82.498809
526	0.153870	75000	-0.084744	-82.583553
527	0.153058	75000	-0.084566	-82.668120
528	0.152248	75000	-0.084451	-82.752571
529	0.151441	75000	-0.084228	-82.836798
530	0.150637	75000	-0.083899	-82.920697
531	0.149835	75000	-0.083924	-83.004621
532	0.149036	75000	-0.083498	-83.088119
533	0.148240	75000	-0.083324	-83.171444
534	0.147446	75000	-0.083097	-83.254541
535	0.146654	75000	-0.082902	-83.337443
536	0.145865	75000	-0.082647	-83.420091
537	0.145079	75000	-0.082276	-83.502367
538	0.144295	75000	-0.082128	-83.584495
539	0.143514	75000	-0.082273	-83.666768
540	0.142735	75000	-0.081733	-83.748501
541	0.141959	75000	-0.081903	-83.830405
542	0.141186	75000	-0.081383	-83.911788
543	0.140415	75000	-0.081496	-83.993284
544	0.139646	75000	-0.081233	-84.074517
545	0.138880	75000	-0.080919	-84.155436
546	0.138116	75000	-0.080714	-84.236151
547	0.137356	75000	-0.080640	-84.316791
548	0.136597	75000	-0.080244	-84.397035
549	0.135841	75000	-0.079892	-84.476927
550	0.135088	75000	-0.079690	-84.556617
551	0.134337	75000	-0.079627	-84.636244
552	0.133588	75000	-0.079192	-84.715436
553	0.132843	75000	-0.079559	-84.794995
554	0.132099	75000	-0.078954	-84.873949
555	0.131358	75000	-0.078681	-84.952631
556	0.130620	75000	-0.078656	-85.031287
557	0.129884	75000	-0.078608	-85.109895
558	0.129151	75000	-0.078124	-85.188019
559	0.128420	75000	-0.077947	-85.265966
560	0.127691	75000	-0.077808	-85.343774
561	0.126965	75000	-0.077525	-85.421299
562	0.126242	75000	-0.077577	-85.498876
563	0.125521	75000	-0.077314	-85.576190
564	0.124802	75000	-0.076842	-85.653033
565	0.124086	75000	-0.076861	-85.729894
566	0.123373	75000	-0.076596	-85.806490
567	0.122662	75000	-0.076556	-85.883046
568	0.121953	75000	-0.076250	-85.959295
569	0.121247	75000	-0.076034	-86.035329
570	0.120543	75000	-0.076172	-86.111501
571	0.119842	75000	-0.075566	-86.187067
572	0.119143	75000	-0.075786	-86.262853
573	0.118447	75000	-0.075382	-86.338235
574	0.117753	75000	-0.075338	-86.413572
575	0.117062	75000	-0.075079	-86.488651
576	0.116373	75000	-0.074703	-86.563354
577	0.115686	75000	-0.074454	-86.637808
578	0.115002	75000	-0.074499	-86.712307
579	0.114320	75000	-0.074281	-86.786587
580	0.113641	75000	-0.073719	-86.860306
581	0.112964	75000	-0.073802	-86.934109
582	0.112290	75000	-0.073682	-87.007790
583	0.111618	75000	-0.073392	-87.081183
584	0.110948	75000	-0.073686	-87.154868
585	0.110281	75000	-0.073213	-87.228081
586	0.109616	75000	-0.073086	-87.301167
587	0.108954	75000	-0.072896	-87.374063
588	0.108294	75000	-0.072318	-87.446381
589	0.107637	75000	-0.072735	-87.519116
590	0.106981	75000	-0.072585	-87.591701
591	0.106329	75000	-0.072240	-87.663941
592	0.105678	75000	-0.071835	-87.735776
593	0.105030	75000	-0.072474	-87.808250
594	0.104385	75000	-0.071436	-87.879686
595	0.103742	75000	-0.071180	-87.950867
596	0.103101	75000	-0.071308	-88.022175
597	0.102463	75000	-0.070883	-88.093058
598	0.101827	75000	-0.070744	-88.163802
599	0.101193	75000	-0.070763	-88.234565
600	0.100562	75000	-0.070752	-88.305316
601	0.099933	75000	-0.071015	-88.376332
602	0.099306	75000	-0.070150	-88.446482
603	0.098682	75000	-0.070522	-88.517003
604	0.098060	75000	-0.069603	-88.586606
605	0.097441	75000	-0.069609	-88.656215
606	0.096824	75000	-0.069676	-88.725891
607	0.096209	75000	-0.069767	-88.795658
608	0.095596	75000	-0.069046	-88.864704
609	0.094986	75000	-0.069262	-88.933966
610	0.094379	75000	-0.069188	-89.003155
611	0.093773	75000	-0.068523	-89.071678
612	0.093170	75000	-0.068821	-89.140499
613	0.092570	75000	-0.068944	-89.209443
614	0.091971	75000	-0.068287	-89.277730
615	0.091375	75000	-0.068254	-89.345984
616	0.090781	75000	-0.067925	-89.413909
617	0.090190	75000	-0.068362	-89.482271
618	0.089601	75000	-0.067965	-89.550236
619	0.089014	75000	-0.067921	-89.618156
620	0.088430	75000	-0.067890	-89.686046
621	0.087848	75000	-0.067769	-89.753815
622	0.087268	75000	-0.067534	-89.821349
623	0.086690	75000	-0.067542	-89.888891
624	0.086115	75000	-0.067045	-89.955935
625	0.085542	75000	-0.067022	-90.022957
626	0.084971	75000	-0.067373	-90.090330
627	0.084403	75000	-0.066957	-90.157287
628	0.083837	75000	-0.066434	-90.223721
629	0.083273	75000	-0.066231	-90.289952
630	0.082712	75000	-0.066494	-90.356446
631	0.082152	75000	-0.065969	-90.422415
632	0.081595	75000	-0.066148	-90.488563
633	0.081041	75000	-0.065541	-90.554104
634	0.080488	75000	-0.066369	-90.620473
635	0.079938	75000	-0.065706	-90.686179
636	0.079390	75000	-0.065090	-90.751269
637	0.078845	75000	-0.065753	-90.817023
638	0.078301	75000	-0.065403	-90.882425
639	0.077760	75000	-0.065255	-90.947680
640	0.077221	75000	-0.065406	-91.013086
641	0.076684	75000	-0.065397	-91.078483
642	0.076150	75000	-0.065320	-91.143803
643	0.075618	75000	-0.064716	-91.208519
644	0.075088	75000	-0.064789	-91.273309
645	0.074560	75000	-0.064900	-91.338208
646	0.074035	75000	-0.064785	-91.402993
647	0.073512	75000	-0.064398	-91.467392
648	0.072991	75000	-0.064778	-91.532170
649	0.072472	75000	-0.064986	-91.597156
650	0.071955	75000	-0.064189	-91.661345
651	0.071441	75000	-0.064152	-91.725497
652	0.070929	75000	-0.064010	-91.789507
653	0.070419	75000	-0.064163	-91.853670
654	0.069911	75000	-0.063895	-91.917565
655	0.069406	75000	-0.064040	-91.981605
656	0.068903	75000	-0.064008	-92.045613
657	0.068401	75000	-0.064163	-92.109776
658	0.067903	75000	-0.063390	-92.173166
659	0.067406	75000	-0.063613	-92.236779
660	0.066911	75000	-0.063581	-92.300360
661	0.066419	75000	-0.064007	-92.364367
662	0.065929	75000	-0.063016	-92.427383
663	0.065441	75000	-0.063362	-92.490745
664	0.064955	75000	-0.063210	-92.553955
665	0.064471	75000	-0.063547	-92.617502
666	0.063990	75000	-0.062554	-92.680056
667	0.063510	75000	-0.062586	-92.742642
668	0.063033	75000	-0.062744	-92.805386
669	0.062558	75000	-0.062847	-92.868234
670	0.062085	75000	-0.062870	-92.931104
671	0.061615	75000	-0.063094	-92.994198
672	0.061146	75000	-0.063080	-93.057278
673	0.060680	75000	-0.062866	-93.120144
674	0.060216	75000	-0.063600	-93.183744
675	0.059753	75000	-0.062580	-93.246324
676	0.059293	75000	-0.062907	-93.309231
677	0.058836	75000	-0.062536	-93.371767
678	0.058380	75000	-0.062348	-93.434115
679	0.057926	75000	-0.062985	-93.497100
680	0.057475	75000	-0.062619	-93.559719
681	0.057025	75000	-0.062601	-93.622320
682	0.056578	75000	-0.062731	-93.685051
683	0.056133	75000	-0.062162	-93.747214
684	0.055690	75000	-0.063124	-93.810337
685	0.055249	75000	-0.062074	-93.872411
686	0.054810	75000	-0.062610	-93.935021
687	0.054373	75000	-0.062021	-93.997043
688	0.053939	75000	-0.062370	-94.059412
689	0.053506	75000	-0.062240	-94.121653
690	0.053076	75000	-0.061813	-94.183465
691	0.052647	75000	-0.062207	-94.245673
692	0.052221	75000	-0.061874	-94.307547
693	0.051797	75000	-0.061499	-94.369045
694	0.051375	75000	-0.062358	-94.431403
695	0.050955	75000	-0.063057	-94.494460
696	0.050537	75000	-0.062796	-94.557256
697	0.050121	75000	-0.062591	-94.619847
698	0.049707	75000	-0.062389	-94.682236
699	0.049295	75000	-0.061822	-94.744058
700	0.048885	75000	-0.061799	-94.805857
701	0.048478	75000	-0.062409	-94.868266
702	0.048072	75000	-0.061848	-94.930115
703	0.047668	75000	-0.062165	-94.992279
704	0.047267	75000	-0.062484	-95.054763
705	0.046867	75000	-0.062332	-95.117095
706	0.046470	75000	-0.062171	-95.179266
707	0.046074	75000	-0.061841	-95.241107
708	0.045681	75000	-0.061771	-95.302878
709	0.045289	75000	-0.061931	-95.364810
710	0.044900	75000	-0.061780	-95.426590
711	0.044512	75000	-0.061607	-95.488197
712	0.044127	75000	-0.062168	-95.550364
713	0.043744	75000	-0.062044	-95.612409
714	0.043362	75000	-0.062511	-95.674919
715	0.042983	75000	-0.061712	-95.736632
716	0.042606	75000	-0.061553	-95.798185
717	0.042230	75000	-0.061793	-95.859978
718	0.041857	75000	-0.061189	-95.921167
719	0.041485	75000	-0.061648	-95.982815
720	0.041116	75000	-0.062118	-96.044933
721	0.040749	75000	-0.062226	-96.107159
722	0.040383	75000	-0.061745	-96.168904
723	0.040020	75000	-0.061051	-96.229955
724	0.039658	75000	-0.061884	-96.291839
725	0.039299	75000	-0.061114	-96.352953
726	0.038941	75000	-0.061664	-96.414617
727	0.038585	75000	-0.060899	-96.475516
728	0.038232	75000	-0.061126	-96.536643
729	0.037880	75000	-0.060622	-96.597265
730	0.037530	75000	-0.062254	-96.659519
731	0.037182	75000	-0.061409	-96.720928
732	0.036836	75000	-0.061122	-96.782050
733	0.036493	75000	-0.061152	-96.843202
734	0.036151	75000	-0.061024	-96.904226
735	0.035810	75000	-0.061117	-96.965343
736	0.035472	75000	-0.061263	-97.026606
737	0.035136	75000	-0.060838	-97.087444
738	0.034802	75000	-0.060431	-97.147875
739	0.034469	75000	-0.061378	-97.209253
740	0.034139	75000	-0.060684	-97.269937
741	0.033810	75000	-0.061049	-97.330987
742	0.033484	75000	-0.061185	-97.392171
743	0.033159	75000	-0.060573	-97.452744
744	0.032836	75000	-0.060036	-97.512780
745	0.032515	75000	-0.059507	-97.572287
746	0.032196	75000	-0.060450	-97.632737
747	0.031879	75000	-0.059579	-97.692316
748	0.031563	75000	-0.059615	-97.751931
749	0.031250	75000	-0.060119	-97.812050
750	0.030938	75000	-0.060265	-97.872315
751	0.030629	75000	-0.059070	-97.931385
752	0.030321	75000	-0.059593	-97.990978
753	0.030015	75000	-0.059653	-98.050631
754	0.029711	75000	-0.059516	-98.110147
755	0.029409	75000	-0.059665	-98.169812
756	0.029108	75000	-0.059031	-98.228843
757	0.028810	75000	-0.059407	-98.288250
758	0.028513	75000	-0.059001	-98.347251
759	0.028218	75000	-0.059003	-98.406253
760	0.027925	75000	-0.058260	-98.464513
761	0.027634	75000	-0.058753	-98.523266
762	0.027345	75000	-0.058952	-98.582218
763	0.027057	75000	-0.058108	-98.640326
764	0.026771	75000	-0.058078	-98.698404
765	0.026487	75000	-0.058262	-98.756666
766	0.026205	75000	-0.058102	-98.814768
767	0.025925	75000	-0.057907	-98.872675
768	0.025647	75000	-0.057765	-98.930440
769	0.025370	75000	-0.057572	-98.988011
770	0.025095	75000	-0.057383	-99.045395
771	0.024822	75000	-0.057221	-99.102615
772	0.024551	75000	-0.057118	-99.159733
773	0.024281	75000	-0.056234	-99.215967
774	0.024014	75000	-0.056775	-99.272742
775	0.023748	75000	-0.056012	-99.328754
776	0.023483	75000	-0.056330	-99.385084
777	0.023221	75000	-0.056207	-99.441291
778	0.022960	75000	-0.056007	-99.497298
779	0.022702	75000	-0.055686	-99.552984
780	0.022445	75000	-0.055383	-99.608367
781	0.022189	75000	-0.055355	-99.663722
782	0.021936	75000	-0.055115	-99.718837
783	0.021684	75000	-0.055215	-99.774052
784	0.021434	75000	-0.054506	-99.828558
785	0.021185	75000	-0.054217	-99.882775
786	0.020939	75000	-0.054076	-99.936851
787	0.020694	75000	-0.054060	-99.990911
788	0.020451	75000	-0.053266	-100.044177
789	0.020209	75000	-0.053234	-100.097411
790	0.019969	75000	-0.053375	-100.150786
791	0.019731	75000	-0.052948	-100.203734
792	0.019495	75000	-0.053023	-100.256756
793	0.019261	75000	-0.052505	-100.309262
794	0.019028	75000	-0.052409	-100.361671
795	0.018796	75000	-0.052229	-100.413899
796	0.018567	75000	-0.052285	-100.466184
797	0.018339	75000	-0.051989	-100.518173
798	0.018113	75000	-0.051150	-100.569323
799	0.017889	75000	-0.051291	-100.620614
800	0.017666	75000	-0.051130	-100.671744
801	0.017445	75000	-0.050470	-100.722214
802	0.017225	75000	-0.050518	-100.772733
803	0.017007	75000	-0.050192	-100.822924
804	0.016791	75000	-0.049691	-100.872616
805	0.016577	75000	-0.049974	-100.922590
806	0.016364	75000	-0.049060	-100.971650
807	0.016153	75000	-0.049451	-101.021101
808	0.015943	75000	-0.048967	-101.070069
809	0.015736	75000	-0.048175	-101.118244
810	0.015529	75000	-0.048414	-101.166657
811	0.015325	75000	-0.047948	-101.214606
812	0.015122	75000	-0.047455	-101.262060
813	0.014920	75000	-0.047311	-101.309371
814	0.014721	75000	-0.047227	-101.356599
815	0.014523	75000	-0.046917	-101.403516
816	0.014326	75000	-0.046751	-101.450266
817	0.014131	75000	-0.046168	-101.496434
818	0.013938	75000	-0.046162	-101.542596
819	0.013746	75000	-0.045990	-101.588586
820	0.013556	75000	-0.045383	-101.633969
821	0.013367	75000	-0.045144	-101.679113
822	0.013181	75000	-0.045219	-101.724332
823	0.012995	75000	-0.044580	-101.768912
824	0.012811	75000	-0.044335	-101.813247
825	0.012629	75000	-0.044081	-101.857329
826	0.012448	75000	-0.043663	-101.900992
827	0.012269	75000	-0.043535	-101.944527
828	0.012092	75000	-0.043115	-101.987642
829	0.011916	75000	-0.043069	-102.030711
830	0.011741	75000	-0.042151	-102.072862
831	0.011568	75000	-0.042335	-102.115197
832	0.011397	75000	-0.041875	-102.157072
833	0.011227	75000	-0.041864	-102.198936
834	0.011059	75000	-0.041122	-102.240058
835	0.010892	75000	-0.040997	-102.281056
836	0.010727	75000	-0.040539	-102.321595
837	0.010563	75000	-0.040148	-102.361742
838	0.010401	75000	-0.039974	-102.401716
839	0.010240	75000	-0.039794	-102.441510
840	0.010081	75000	-0.039701	-102.481211
841	0.009923	75000	-0.039073	-102.520285
842	0.009767	75000	-0.038806	-102.559091
843	0.009612	75000	-0.038456	-102.597547
844	0.009459	75000	-0.038048	-102.635595
845	0.009307	75000	-0.037895	-102.673490
846	0.009156	75000	-0.037530	-102.711020
847	0.009008	75000	-0.037151	-102.748171
848	0.008860	75000	-0.036899	-102.785069
849	0.008714	75000	-0.036578	-102.821648
850	0.008570	75000	-0.036169	-102.857817
851	0.008427	75000	-0.035753	-102.893570
852	0.008285	75000	-0.035649	-102.929218
853	0.008145	75000	-0.035408	-102.964627
854	0.008006	75000	-0.035201	-102.999827
855	0.007869	75000	-0.034792	-103.034619
856	0.007733	75000	-0.034297	-103.068916
857	0.007598	75000	-0.034075	-103.102991
858	0.007465	75000	-0.033576	-103.136568
859	0.007334	75000	-0.033403	-103.169970
860	0.007203	75000	-0.032923	-103.202893
861	0.007075	75000	-0.032696	-103.235589
862	0.006947	75000	-0.032540	-103.268129
863	0.006821	75000	-0.032044	-103.300173
864	0.006696	75000	-0.031747	-103.331920
865	0.006573	75000	-0.031444	-103.363364
866	0.006451	75000	-0.031158	-103.394522
867	0.006330	75000	-0.030917	-103.425439
868	0.006211	75000	-0.030610	-103.456048
869	0.006093	75000	-0.030108	-103.486156
870	0.005977	75000	-0.029873	-103.516029
871	0.005862	75000	-0.029545	-103.545574
872	0.005748	75000	-0.029192	-103.574766
873	0.005635	75000	-0.028851	-103.603617
874	0.005524	75000	-0.028642	-103.632259
875	0.005414	75000	-0.028303	-103.660562
876	0.005306	75000	-0.028005	-103.688567
877	0.005199	75000	-0.027562	-103.716130
878	0.005093	75000	-0.027355	-103.743485
879	0.004988	75000	-0.027155	-103.770640
880	0.004885	75000	-0.026832	-103.797472
881	0.004783	75000	-0.026320	-103.823792
882	0.004682	75000	-0.026154	-103.849945
883	0.004583	75000	-0.025795	-103.875741
884	0.004485	75000	-0.025498	-103.901239
885	0.004388	75000	-0.025141	-103.926380
886	0.004292	75000	-0.024900	-103.951280
887	0.004198	75000	-0.024417	-103.975697
888	0.004105	75000	-0.024218	-103.999916
889	0.004013	75000	-0.023897	-104.023812
890	0.003923	75000	-0.023644	-104.047457
891	0.003833	75000	-0.023295	-104.070752
892	0.003745	75000	-0.023055	-104.093806
893	0.003658	75000	-0.022795	-104.116602
894	0.003573	75000	-0.022343	-104.138945
895	0.003488	75000	-0.022168	-104.161113
896	0.003405	75000	-0.021835	-104.182947
897	0.003323	75000	-0.021516	-104.204463
898	0.003242	75000	-0.021137	-104.225600
899	0.003162	75000	-0.020865	-104.246465
900	0.003084	75000	-0.020514	-104.266978
901	0.003007	75000	-0.020340	-104.287319
902	0.002930	75000	-0.019973	-104.307292
903	0.002855	75000	-0.019715	-104.327007
904	0.002782	75000	-0.019402	-104.346409
905	0.002709	75000	-0.019020	-104.365429
906	0.002638	75000	-0.018762	-104.384191
907	0.002567	75000	-0.018580	-104.402771
908	0.002498	75000	-0.018170	-104.420941
909	0.002430	75000	-0.017923	-104.438864
910	0.002363	75000	-0.017600	-104.456465
911	0.002297	75000	-0.017355	-104.473819
912	0.002233	75000	-0.017047	-104.490866
913	0.002169	75000	-0.016794	-104.507661
914	0.002106	75000	-0.016469	-104.524129
915	0.002045	75000	-0.016281	-104.540410
916	0.001985	75000	-0.015954	-104.556365
917	0.001925	75000	-0.015675	-104.572039
918	0.001867	75000	-0.015378	-104.587418
919	0.001810	75000	-0.015062	-104.602480
920	0.001754	75000	-0.014843	-104.617323
921	0.001699	75000	-0.014599	-104.631921
922	0.001645	75000	-0.014319	-104.646240
923	0.001592	75000	-0.014072	-104.660312
924	0.001540	75000	-0.013731	-104.674043
925	0.001490	75000	-0.013460	-104.687503
926	0.001440	75000	-0.013235	-104.700738
927	0.001391	75000	-0.012944	-104.713682
928	0.001343	75000	-0.012694	-104.726375
929	0.001296	75000	-0.012415	-104.738790
930	0.001251	75000	-0.012156	-104.750947
931	0.001206	75000	-0.011944	-104.762890
932	0.001162	75000	-0.011637	-104.774528
933	0.001119	75000	-0.011449	-104.785976
934	0.001077	75000	-0.011175	-104.797151
935	0.001036	75000	-0.010962	-104.808113
936	0.000996	75000	-0.010644	-104.818757
937	0.000957	75000	-0.010417	-104.829174
938	0.000919	75000	-0.010138	-104.839312
939	0.000882	75000	-0.009928	-104.849240
940	0.000846	75000	-0.009638	-104.858878
941	0.000810	75000	-0.009435	-104.868313
942	0.000776	75000	-0.009165	-104.877478
943	0.000742	75000	-0.008956	-104.886434
944	0.000709	75000	-0.008724	-104.895158
945	0.000678	75000	-0.008465	-104.903623
946	0.000647	75000	-0.008256	-104.911879
947	0.000617	75000	-0.008003	-104.919882
948	0.000587	75000	-0.007817	-104.927699
949	0.000559	75000	-0.007563	-104.935262
950	0.000531	75000	-0.007357	-104.942619
951	0.000505	75000	-0.007132	-104.949751
952	0.000479	75000	-0.006884	-104.956636
953	0.000454	75000	-0.006712	-104.963348
954	0.000430	75000	-0.006472	-104.969820
955	0.000406	75000	-0.006274	-104.976094
956	0.000383	75000	-0.006048	-104.982142
957	0.000362	75000	-0.005841	-104.987983
958	0.000340	75000	-0.005635	-104.993618
959	0.000320	75000	-0.005434	-104.999053
960	0.000300	75000	-0.005270	-105.004323
961	0.000281	75000	-0.005032	-105.009355
962	0.000263	75000	-0.004861	-105.014216
963	0.000246	75000	-0.004657	-105.018873
964	0.000229	75000	-0.004482	-105.023355
965	0.000213	75000	-0.004293	-105.027648
966	0.000198	75000	-0.004093	-105.031741
967	0.000183	75000	-0.003911	-105.035652
968	0.000169	75000	-0.003743	-105.039395
969	0.000156	75000	-0.003564	-105.042959
970	0.000143	75000	-0.003388	-105.046347
971	0.000131	75000	-0.003222	-105.049568
972	0.000120	75000	-0.003044	-105.052612
973	0.000109	75000	-0.002893	-105.055505
974	0.000099	75000	-0.002728	-105.058233
975	0.000089	75000	-0.002570	-105.060804
976	0.000080	75000	-0.002408	-105.063212
977	0.000072	75000	-0.002255	-105.065467
978	0.000064	75000	-0.002113	-105.067579
979	0.000057	75000	-0.001965	-105.069544
980	0.000050	75000	-0.001818	-105.071363
981	0.000043	75000	-0.001680	-105.073043
982	0.000038	75000	-0.001545	-105.074588
983	0.000032	75000	-0.001423	-105.076011
984	0.000028	75000	-0.001289	-105.077300
985	0.000023	75000	-0.001170	-105.078469
986	0.000019	75000	-0.001051	-105.079521
987	0.000016	75000	-0.000936	-105.080457
988	0.000013	75000	-0.000828	-105.081284
989	0.000010	75000	-0.000720	-105.082004
990	0.000008	75000	-0.000623	-105.082628
991	0.000006	75000	-0.000524	-105.083152
992	0.000004	75000	-0.000435	-105.083587
993	0.000003	75000	-0.000353	-105.083940
994	0.000002	75000	-0.000273	-105.084213
995	0.000001	75000	-0.000203	-105.084416
996	0.000000	75000	-0.000139	-105.084555
997	0.000000	75000	-0.000084	-105.084639
998	0.000000	75000	-0.000040	-105.084678
999	0.000000	75000	-0.000008	-105.084687
Log marginal likelihood:	-105.084687
